t,x_pos,y_pos,z_pos,x_vel,y_vel,z_vel,attitude,status
0.0,-7148.78,0.0,0.0,-0.0,-2.903,-6.839,0.0,SENSING
0.0,-7148.78,0.0,0.0,-0.0,-2.903,-6.839,0.0,MESSAGING
0.0,-7148.78,0.0,0.0,-0.0,-2.903,-6.839,0.0,SENSING
0.0,-7148.78,0.0,0.0,-0.0,-2.903,-6.839,0.0,LISTENING
0.0,-7148.78,0.0,0.0,-0.0,-2.903,-6.839,0.0,SENSING
0.0,-7148.78,0.0,0.0,-0.0,-2.903,-6.839,0.0,LISTENING
0.0,-7148.78,0.0,0.0,-0.0,-2.903,-6.839,0.0,SENSING
0.0,-7148.78,0.0,0.0,-0.0,-2.903,-6.839,0.0,LISTENING
0.0,-7148.78,0.0,0.0,-0.0,-2.903,-6.839,0.0,SENSING
0.0,-7148.78,0.0,0.0,-0.0,-2.903,-6.839,0.0,LISTENING
0.0,-7148.78,0.0,0.0,-0.0,-2.903,-6.839,0.0,SENSING
0.0,-7148.78,0.0,0.0,-0.0,-2.903,-6.839,0.0,LISTENING
111.59,-7100.341,-322.615,-761.052,0.868,-2.883,-6.793,0.0,SENSING
111.59,-7100.341,-322.615,-761.052,0.868,-2.883,-6.793,0.0,LISTENING
120.0,-7092.774,-346.806,-818.119,0.933,-2.88,-6.785,0.0,SENSING
120.0,-7092.774,-346.806,-818.119,0.933,-2.88,-6.785,0.0,LISTENING
120.0,-7092.774,-346.806,-818.119,0.933,-2.88,-6.785,0.0,SENSING
120.0,-7092.774,-346.806,-818.119,0.933,-2.88,-6.785,0.0,LISTENING
125.57,-7087.462,-362.814,-855.881,0.976,-2.878,-6.78,0.0,SENSING
125.57,-7087.462,-362.814,-855.881,0.976,-2.878,-6.78,0.0,LISTENING
130.0,-7083.066,-375.536,-885.893,1.01,-2.876,-6.776,0.0,SENSING
130.0,-7083.066,-375.536,-885.893,1.01,-2.876,-6.776,0.0,LISTENING
130.0,-7083.066,-375.536,-885.893,1.01,-2.876,-6.776,0.0,SENSING
130.0,-7083.066,-375.536,-885.893,1.01,-2.876,-6.776,0.0,LISTENING
260.41,-6886.274,-745.326,-1758.187,2.005,-2.797,-6.588,0.0,SENSING
260.41,-6886.274,-745.326,-1758.187,2.005,-2.797,-6.588,0.0,LISTENING
273.42,-6859.567,-781.573,-1843.684,2.103,-2.786,-6.562,0.0,SENSING
273.42,-6859.567,-781.573,-1843.684,2.103,-2.786,-6.562,0.0,LISTENING
280.0,-6845.577,-799.85,-1886.797,2.152,-2.78,-6.549,0.0,SENSING
280.0,-6845.577,-799.85,-1886.797,2.152,-2.78,-6.549,0.0,LISTENING
280.0,-6845.577,-799.85,-1886.797,2.152,-2.78,-6.549,0.0,SENSING
280.0,-6845.577,-799.85,-1886.797,2.152,-2.78,-6.549,0.0,LISTENING
296.6,-6808.847,-845.792,-1995.161,2.276,-2.765,-6.514,0.0,SENSING
296.6,-6808.847,-845.792,-1995.161,2.276,-2.765,-6.514,0.0,LISTENING
300.0,-6801.071,-855.171,-2017.283,2.301,-2.762,-6.506,0.0,SENSING
300.0,-6801.071,-855.171,-2017.283,2.301,-2.762,-6.506,0.0,LISTENING
300.0,-6801.071,-855.171,-2017.283,2.301,-2.762,-6.506,0.0,SENSING
300.0,-6801.071,-855.171,-2017.283,2.301,-2.762,-6.506,0.0,LISTENING
309.29,-6779.388,-880.742,-2077.597,2.37,-2.753,-6.485,0.0,SENSING
309.29,-6779.388,-880.742,-2077.597,2.37,-2.753,-6.485,0.0,LISTENING
310.0,-6777.704,-882.693,-2082.199,2.375,-2.753,-6.484,0.0,SENSING
310.0,-6777.704,-882.693,-2082.199,2.375,-2.753,-6.484,0.0,LISTENING
310.0,-6777.704,-882.693,-2082.199,2.375,-2.753,-6.484,0.0,SENSING
310.0,-6777.704,-882.693,-2082.199,2.375,-2.753,-6.484,0.0,LISTENING
320.0,-6753.598,-910.119,-2146.888,2.449,-2.743,-6.461,0.0,SENSING
320.0,-6753.598,-910.119,-2146.888,2.449,-2.743,-6.461,0.0,LISTENING
320.0,-6753.598,-910.119,-2146.888,2.449,-2.743,-6.461,0.0,SENSING
320.0,-6753.598,-910.119,-2146.888,2.449,-2.743,-6.461,0.0,LISTENING
321.98,-6748.737,-915.538,-2159.669,2.464,-2.741,-6.456,0.0,SENSING
321.98,-6748.737,-915.538,-2159.669,2.464,-2.741,-6.456,0.0,LISTENING
330.0,-6728.754,-937.446,-2211.343,2.523,-2.733,-6.437,0.0,SENSING
330.0,-6728.754,-937.446,-2211.343,2.523,-2.733,-6.437,0.0,LISTENING
330.0,-6728.754,-937.446,-2211.343,2.523,-2.733,-6.437,0.0,SENSING
330.0,-6728.754,-937.446,-2211.343,2.523,-2.733,-6.437,0.0,LISTENING
340.0,-6703.176,-964.671,-2275.556,2.596,-2.722,-6.412,0.0,SENSING
340.0,-6703.176,-964.671,-2275.556,2.596,-2.722,-6.412,0.0,LISTENING
340.0,-6703.176,-964.671,-2275.556,2.596,-2.722,-6.412,0.0,SENSING
340.0,-6703.176,-964.671,-2275.556,2.596,-2.722,-6.412,0.0,LISTENING
351.55,-6672.724,-995.985,-2349.413,2.681,-2.71,-6.383,0.0,SENSING
351.55,-6672.724,-995.985,-2349.413,2.681,-2.71,-6.383,0.0,LISTENING
360.0,-6649.828,-1018.803,-2403.23,2.742,-2.701,-6.361,0.0,SENSING
360.0,-6649.828,-1018.803,-2403.23,2.742,-2.701,-6.361,0.0,LISTENING
360.0,-6649.828,-1018.803,-2403.23,2.742,-2.701,-6.361,0.0,SENSING
360.0,-6649.828,-1018.803,-2403.23,2.742,-2.701,-6.361,0.0,LISTENING
382.33,-6586.835,-1078.715,-2544.535,2.904,-2.675,-6.301,0.0,SENSING
382.33,-6586.835,-1078.715,-2544.535,2.904,-2.675,-6.301,0.0,LISTENING
390.0,-6564.369,-1099.16,-2592.755,2.959,-2.666,-6.279,0.0,SENSING
390.0,-6564.369,-1099.16,-2592.755,2.959,-2.666,-6.279,0.0,LISTENING
390.0,-6564.369,-1099.16,-2592.755,2.959,-2.666,-6.279,0.0,SENSING
390.0,-6564.369,-1099.16,-2592.755,2.959,-2.666,-6.279,0.0,LISTENING
397.5,-6541.993,-1119.085,-2639.745,3.012,-2.657,-6.258,0.0,SENSING
397.5,-6541.993,-1119.085,-2639.745,3.012,-2.657,-6.258,0.0,LISTENING
400.0,-6534.445,-1125.711,-2655.373,3.03,-2.654,-6.251,0.0,SENSING
400.0,-6534.445,-1125.711,-2655.373,3.03,-2.654,-6.251,0.0,LISTENING
400.0,-6534.445,-1125.711,-2655.373,3.03,-2.654,-6.251,0.0,SENSING
400.0,-6534.445,-1125.711,-2655.373,3.03,-2.654,-6.251,0.0,LISTENING
407.05,-6512.919,-1144.355,-2699.344,3.081,-2.645,-6.23,0.0,SENSING
407.05,-6512.919,-1144.355,-2699.344,3.081,-2.645,-6.23,0.0,LISTENING
410.0,-6503.807,-1152.138,-2717.7,3.102,-2.641,-6.221,0.0,SENSING
410.0,-6503.807,-1152.138,-2717.7,3.102,-2.641,-6.221,0.0,LISTENING
410.0,-6503.807,-1152.138,-2717.7,3.102,-2.641,-6.221,0.0,SENSING
410.0,-6503.807,-1152.138,-2717.7,3.102,-2.641,-6.221,0.0,LISTENING
469.25,-6307.814,-1306.049,-3080.669,3.517,-2.562,-6.033,0.0,SENSING
469.25,-6307.814,-1306.049,-3080.669,3.517,-2.562,-6.033,0.0,LISTENING
483.33,-6257.651,-1341.911,-3165.236,3.614,-2.541,-5.985,0.0,SENSING
483.33,-6257.651,-1341.911,-3165.236,3.614,-2.541,-5.985,0.0,LISTENING
490.0,-6233.413,-1358.798,-3205.059,3.659,-2.532,-5.962,0.0,SENSING
490.0,-6233.413,-1358.798,-3205.059,3.659,-2.532,-5.962,0.0,LISTENING
490.0,-6233.413,-1358.798,-3205.059,3.659,-2.532,-5.962,0.0,SENSING
490.0,-6233.413,-1358.798,-3205.059,3.659,-2.532,-5.962,0.0,LISTENING
490.0,-6233.413,-1358.798,-3205.059,3.659,-2.532,-5.962,0.0,SENSING
490.0,-6233.413,-1358.798,-3205.059,3.659,-2.532,-5.962,0.0,LISTENING
496.49,-6209.538,-1375.167,-3243.658,3.703,-2.522,-5.939,0.0,SENSING
496.49,-6209.538,-1375.167,-3243.658,3.703,-2.522,-5.939,0.0,LISTENING
500.0,-6196.507,-1383.993,-3264.471,3.727,-2.517,-5.926,0.0,SENSING
500.0,-6196.507,-1383.993,-3264.471,3.727,-2.517,-5.926,0.0,LISTENING
500.0,-6196.507,-1383.993,-3264.471,3.727,-2.517,-5.926,0.0,SENSING
500.0,-6196.507,-1383.993,-3264.471,3.727,-2.517,-5.926,0.0,LISTENING
505.43,-6176.182,-1397.611,-3296.582,3.764,-2.508,-5.907,0.0,SENSING
505.43,-6176.182,-1397.611,-3296.582,3.764,-2.508,-5.907,0.0,LISTENING
510.0,-6158.922,-1409.037,-3323.525,3.795,-2.501,-5.89,0.0,SENSING
510.0,-6158.922,-1409.037,-3323.525,3.795,-2.501,-5.89,0.0,LISTENING
510.0,-6158.922,-1409.037,-3323.525,3.795,-2.501,-5.89,0.0,SENSING
510.0,-6158.922,-1409.037,-3323.525,3.795,-2.501,-5.89,0.0,LISTENING
516.54,-6133.978,-1425.332,-3361.95,3.839,-2.491,-5.866,0.0,SENSING
516.54,-6133.978,-1425.332,-3361.95,3.839,-2.491,-5.866,0.0,LISTENING
520.0,-6120.664,-1433.926,-3382.216,3.862,-2.486,-5.854,0.0,SENSING
520.0,-6120.664,-1433.926,-3382.216,3.862,-2.486,-5.854,0.0,LISTENING
520.0,-6120.664,-1433.926,-3382.216,3.862,-2.486,-5.854,0.0,SENSING
520.0,-6120.664,-1433.926,-3382.216,3.862,-2.486,-5.854,0.0,LISTENING
520.0,-6120.664,-1433.926,-3382.216,3.862,-2.486,-5.854,0.0,SENSING
520.0,-6120.664,-1433.926,-3382.216,3.862,-2.486,-5.854,0.0,LISTENING
530.0,-6081.737,-1458.66,-3440.536,3.929,-2.47,-5.816,0.0,SENSING
530.0,-6081.737,-1458.66,-3440.536,3.929,-2.47,-5.816,0.0,LISTENING
530.0,-6081.737,-1458.66,-3440.536,3.929,-2.47,-5.816,0.0,SENSING
530.0,-6081.737,-1458.66,-3440.536,3.929,-2.47,-5.816,0.0,LISTENING
540.0,-6042.144,-1483.234,-3498.48,3.995,-2.454,-5.778,0.0,SENSING
540.0,-6042.144,-1483.234,-3498.48,3.995,-2.454,-5.778,0.0,LISTENING
540.0,-6042.144,-1483.234,-3498.48,3.995,-2.454,-5.778,0.0,SENSING
540.0,-6042.144,-1483.234,-3498.48,3.995,-2.454,-5.778,0.0,LISTENING
549.55,-6003.715,-1506.551,-3553.459,4.058,-2.438,-5.741,0.0,SENSING
549.55,-6003.715,-1506.551,-3553.459,4.058,-2.438,-5.741,0.0,LISTENING
554.16,-5984.949,-1517.753,-3579.872,4.089,-2.431,-5.723,0.0,SENSING
554.16,-5984.949,-1517.753,-3579.872,4.089,-2.431,-5.723,0.0,LISTENING
560.0,-5960.978,-1531.894,-3613.212,4.127,-2.421,-5.7,0.0,SENSING
560.0,-5960.978,-1531.894,-3613.212,4.127,-2.421,-5.7,0.0,LISTENING
560.0,-5960.978,-1531.894,-3613.212,4.127,-2.421,-5.7,0.0,SENSING
560.0,-5960.978,-1531.894,-3613.212,4.127,-2.421,-5.7,0.0,LISTENING
569.23,-5922.637,-1554.126,-3665.63,4.187,-2.405,-5.664,0.0,SENSING
569.23,-5922.637,-1554.126,-3665.63,4.187,-2.405,-5.664,0.0,LISTENING
575.53,-5896.149,-1569.217,-3701.212,4.228,-2.395,-5.638,0.0,SENSING
575.53,-5896.149,-1569.217,-3701.212,4.228,-2.395,-5.638,0.0,LISTENING
580.0,-5877.201,-1579.884,-3726.361,4.257,-2.387,-5.62,0.0,SENSING
580.0,-5877.201,-1579.884,-3726.361,4.257,-2.387,-5.62,0.0,LISTENING
580.0,-5877.201,-1579.884,-3726.361,4.257,-2.387,-5.62,0.0,SENSING
580.0,-5877.201,-1579.884,-3726.361,4.257,-2.387,-5.62,0.0,LISTENING
587.17,-5846.538,-1596.921,-3766.53,4.303,-2.374,-5.59,0.0,SENSING
587.17,-5846.538,-1596.921,-3766.53,4.303,-2.374,-5.59,0.0,LISTENING
590.0,-5834.344,-1603.621,-3782.326,4.321,-2.369,-5.579,0.0,SENSING
590.0,-5834.344,-1603.621,-3782.326,4.321,-2.369,-5.579,0.0,LISTENING
590.0,-5834.344,-1603.621,-3782.326,4.321,-2.369,-5.579,0.0,SENSING
590.0,-5834.344,-1603.621,-3782.326,4.321,-2.369,-5.579,0.0,LISTENING
599.86,-5791.462,-1626.855,-3837.101,4.384,-2.352,-5.538,0.0,SENSING
599.86,-5791.462,-1626.855,-3837.101,4.384,-2.352,-5.538,0.0,LISTENING
600.0,-5790.849,-1627.183,-3837.876,4.384,-2.352,-5.537,0.0,SENSING
600.0,-5790.849,-1627.183,-3837.876,4.384,-2.352,-5.537,0.0,LISTENING
600.0,-5790.849,-1627.183,-3837.876,4.384,-2.352,-5.537,0.0,SENSING
600.0,-5790.849,-1627.183,-3837.876,4.384,-2.352,-5.537,0.0,LISTENING
607.43,-5758.121,-1644.575,-3878.878,4.432,-2.338,-5.506,0.0,SENSING
607.43,-5758.121,-1644.575,-3878.878,4.432,-2.338,-5.506,0.0,LISTENING
610.0,-5746.719,-1650.568,-3893.006,4.448,-2.334,-5.495,0.0,SENSING
610.0,-5746.719,-1650.568,-3893.006,4.448,-2.334,-5.495,0.0,LISTENING
610.0,-5746.719,-1650.568,-3893.006,4.448,-2.334,-5.495,0.0,SENSING
610.0,-5746.719,-1650.568,-3893.006,4.448,-2.334,-5.495,0.0,LISTENING
610.0,-5746.719,-1650.568,-3893.006,4.448,-2.334,-5.495,0.0,SENSING
610.0,-5746.719,-1650.568,-3893.006,4.448,-2.334,-5.495,0.0,LISTENING
623.36,-5686.78,-1681.527,-3965.993,4.532,-2.309,-5.437,0.0,SENSING
623.36,-5686.78,-1681.527,-3965.993,4.532,-2.309,-5.437,0.0,LISTENING
630.0,-5656.575,-1696.792,-4001.979,4.573,-2.297,-5.408,0.0,SENSING
630.0,-5656.575,-1696.792,-4001.979,4.573,-2.297,-5.408,0.0,LISTENING
630.0,-5656.575,-1696.792,-4001.979,4.573,-2.297,-5.408,0.0,SENSING
630.0,-5656.575,-1696.792,-4001.979,4.573,-2.297,-5.408,0.0,LISTENING
631.4,-5650.171,-1700.001,-4009.542,4.582,-2.295,-5.402,0.0,SENSING
631.4,-5650.171,-1700.001,-4009.542,4.582,-2.295,-5.402,0.0,LISTENING
635.72,-5630.336,-1709.877,-4032.825,4.608,-2.286,-5.383,0.0,SENSING
635.72,-5630.336,-1709.877,-4032.825,4.608,-2.286,-5.383,0.0,LISTENING
640.0,-5610.57,-1719.628,-4055.81,4.635,-2.278,-5.364,0.0,SENSING
640.0,-5610.57,-1719.628,-4055.81,4.635,-2.278,-5.364,0.0,LISTENING
640.0,-5610.57,-1719.628,-4055.81,4.635,-2.278,-5.364,0.0,SENSING
640.0,-5610.57,-1719.628,-4055.81,4.635,-2.278,-5.364,0.0,LISTENING
650.0,-5563.95,-1742.275,-4109.197,4.696,-2.259,-5.319,0.0,SENSING
650.0,-5563.95,-1742.275,-4109.197,4.696,-2.259,-5.319,0.0,LISTENING
650.0,-5563.95,-1742.275,-4109.197,4.696,-2.259,-5.319,0.0,SENSING
650.0,-5563.95,-1742.275,-4109.197,4.696,-2.259,-5.319,0.0,LISTENING
655.68,-5537.198,-1755.053,-4139.32,4.731,-2.249,-5.293,0.0,SENSING
655.68,-5537.198,-1755.053,-4139.32,4.731,-2.249,-5.293,0.0,LISTENING
660.0,-5516.72,-1764.731,-4162.132,4.757,-2.24,-5.274,0.0,SENSING
660.0,-5516.72,-1764.731,-4162.132,4.757,-2.24,-5.274,0.0,LISTENING
660.0,-5516.72,-1764.731,-4162.132,4.757,-2.24,-5.274,0.0,SENSING
660.0,-5516.72,-1764.731,-4162.132,4.757,-2.24,-5.274,0.0,LISTENING
666.08,-5487.707,-1778.29,-4194.094,4.794,-2.228,-5.246,0.0,SENSING
666.08,-5487.707,-1778.29,-4194.094,4.794,-2.228,-5.246,0.0,LISTENING
674.37,-5447.791,-1796.662,-4237.399,4.843,-2.212,-5.207,0.0,SENSING
674.37,-5447.791,-1796.662,-4237.399,4.843,-2.212,-5.207,0.0,LISTENING
680.0,-5420.449,-1809.062,-4266.627,4.877,-2.201,-5.181,0.0,SENSING
680.0,-5420.449,-1809.062,-4266.627,4.877,-2.201,-5.181,0.0,LISTENING
680.0,-5420.449,-1809.062,-4266.627,4.877,-2.201,-5.181,0.0,SENSING
680.0,-5420.449,-1809.062,-4266.627,4.877,-2.201,-5.181,0.0,LISTENING
704.23,-5300.633,-1861.706,-4390.708,5.02,-2.152,-5.066,0.0,SENSING
704.23,-5300.633,-1861.706,-4390.708,5.02,-2.152,-5.066,0.0,LISTENING
710.0,-5271.594,-1874.067,-4419.842,5.053,-2.14,-5.038,0.0,SENSING
710.0,-5271.594,-1874.067,-4419.842,5.053,-2.14,-5.038,0.0,LISTENING
710.0,-5271.594,-1874.067,-4419.842,5.053,-2.14,-5.038,0.0,SENSING
710.0,-5271.594,-1874.067,-4419.842,5.053,-2.14,-5.038,0.0,LISTENING
738.32,-5126.293,-1933.737,-4560.47,5.215,-2.081,-4.898,0.0,SENSING
738.32,-5126.293,-1933.737,-4560.47,5.215,-2.081,-4.898,0.0,LISTENING
750.0,-5065.043,-1957.854,-4617.305,5.28,-2.056,-4.839,0.0,SENSING
750.0,-5065.043,-1957.854,-4617.305,5.28,-2.056,-4.839,0.0,LISTENING
750.0,-5065.043,-1957.854,-4617.305,5.28,-2.056,-4.839,0.0,SENSING
750.0,-5065.043,-1957.854,-4617.305,5.28,-2.056,-4.839,0.0,LISTENING
757.31,-5026.323,-1972.8,-4652.524,5.321,-2.04,-4.802,0.0,SENSING
757.31,-5026.323,-1972.8,-4652.524,5.321,-2.04,-4.802,0.0,LISTENING
760.0,-5012.0,-1978.27,-4665.415,5.336,-2.035,-4.788,0.0,SENSING
760.0,-5012.0,-1978.27,-4665.415,5.336,-2.035,-4.788,0.0,LISTENING
760.0,-5012.0,-1978.27,-4665.415,5.336,-2.035,-4.788,0.0,SENSING
760.0,-5012.0,-1978.27,-4665.415,5.336,-2.035,-4.788,0.0,LISTENING
766.73,-4975.991,-1991.888,-4697.505,5.373,-2.02,-4.753,0.0,SENSING
766.73,-4975.991,-1991.888,-4697.505,5.373,-2.02,-4.753,0.0,LISTENING
770.0,-4958.405,-1998.469,-4713.013,5.391,-2.013,-4.736,0.0,SENSING
770.0,-4958.405,-1998.469,-4713.013,5.391,-2.013,-4.736,0.0,LISTENING
770.0,-4958.405,-1998.469,-4713.013,5.391,-2.013,-4.736,0.0,SENSING
770.0,-4958.405,-1998.469,-4713.013,5.391,-2.013,-4.736,0.0,LISTENING
770.0,-4958.405,-1998.469,-4713.013,5.391,-2.013,-4.736,0.0,SENSING
770.0,-4958.405,-1998.469,-4713.013,5.391,-2.013,-4.736,0.0,LISTENING
780.0,-4904.266,-2018.449,-4760.091,5.445,-1.991,-4.684,0.0,SENSING
780.0,-4904.266,-2018.449,-4760.091,5.445,-1.991,-4.684,0.0,LISTENING
780.0,-4904.266,-2018.449,-4760.091,5.445,-1.991,-4.684,0.0,SENSING
780.0,-4904.266,-2018.449,-4760.091,5.445,-1.991,-4.684,0.0,LISTENING
781.65,-4895.281,-2021.724,-4767.809,5.454,-1.987,-4.676,0.0,SENSING
781.65,-4895.281,-2021.724,-4767.809,5.454,-1.987,-4.676,0.0,LISTENING
795.4,-4819.838,-2048.784,-4831.567,5.527,-1.956,-4.603,0.0,SENSING
795.4,-4819.838,-2048.784,-4831.567,5.527,-1.956,-4.603,0.0,LISTENING
800.0,-4794.374,-2057.742,-4852.673,5.552,-1.946,-4.578,0.0,SENSING
800.0,-4794.374,-2057.742,-4852.673,5.552,-1.946,-4.578,0.0,LISTENING
800.0,-4794.374,-2057.742,-4852.673,5.552,-1.946,-4.578,0.0,SENSING
800.0,-4794.374,-2057.742,-4852.673,5.552,-1.946,-4.578,0.0,LISTENING
800.0,-4794.374,-2057.742,-4852.673,5.552,-1.946,-4.578,0.0,SENSING
800.0,-4794.374,-2057.742,-4852.673,5.552,-1.946,-4.578,0.0,LISTENING
810.0,-4738.635,-2077.05,-4898.165,5.604,-1.923,-4.525,0.0,SENSING
810.0,-4738.635,-2077.05,-4898.165,5.604,-1.923,-4.525,0.0,LISTENING
810.0,-4738.635,-2077.05,-4898.165,5.604,-1.923,-4.525,0.0,SENSING
810.0,-4738.635,-2077.05,-4898.165,5.604,-1.923,-4.525,0.0,LISTENING
817.27,-4697.784,-2090.945,-4930.899,5.642,-1.906,-4.485,0.0,SENSING
817.27,-4697.784,-2090.945,-4930.899,5.642,-1.906,-4.485,0.0,LISTENING
820.0,-4682.373,-2096.131,-4943.117,5.656,-1.9,-4.47,0.0,SENSING
820.0,-4682.373,-2096.131,-4943.117,5.656,-1.9,-4.47,0.0,LISTENING
820.0,-4682.373,-2096.131,-4943.117,5.656,-1.9,-4.47,0.0,SENSING
820.0,-4682.373,-2096.131,-4943.117,5.656,-1.9,-4.47,0.0,LISTENING
830.0,-4625.596,-2114.981,-4987.526,5.707,-1.877,-4.416,0.0,SENSING
830.0,-4625.596,-2114.981,-4987.526,5.707,-1.877,-4.416,0.0,LISTENING
830.0,-4625.596,-2114.981,-4987.526,5.707,-1.877,-4.416,0.0,SENSING
830.0,-4625.596,-2114.981,-4987.526,5.707,-1.877,-4.416,0.0,LISTENING
836.65,-4587.557,-2127.388,-5016.753,5.741,-1.861,-4.379,0.0,SENSING
836.65,-4587.557,-2127.388,-5016.753,5.741,-1.861,-4.379,0.0,LISTENING
838.04,-4579.578,-2129.969,-5022.832,5.748,-1.858,-4.371,0.0,SENSING
838.04,-4579.578,-2129.969,-5022.832,5.748,-1.858,-4.371,0.0,LISTENING
840.0,-4568.31,-2133.599,-5031.384,5.758,-1.854,-4.361,0.0,SENSING
840.0,-4568.31,-2133.599,-5031.384,5.758,-1.854,-4.361,0.0,LISTENING
840.0,-4568.31,-2133.599,-5031.384,5.758,-1.854,-4.361,0.0,SENSING
840.0,-4568.31,-2133.599,-5031.384,5.758,-1.854,-4.361,0.0,LISTENING
842.89,-4551.66,-2138.937,-5043.957,5.773,-1.847,-4.344,0.0,SENSING
842.89,-4551.66,-2138.937,-5043.957,5.773,-1.847,-4.344,0.0,LISTENING
846.13,-4532.944,-2144.897,-5057.996,5.789,-1.839,-4.326,0.0,SENSING
846.13,-4532.944,-2144.897,-5057.996,5.789,-1.839,-4.326,0.0,LISTENING
850.0,-4510.52,-2151.983,-5074.689,5.808,-1.83,-4.305,0.0,SENSING
850.0,-4510.52,-2151.983,-5074.689,5.808,-1.83,-4.305,0.0,LISTENING
850.0,-4510.52,-2151.983,-5074.689,5.808,-1.83,-4.305,0.0,SENSING
850.0,-4510.52,-2151.983,-5074.689,5.808,-1.83,-4.305,0.0,LISTENING
856.93,-4470.18,-2164.584,-5104.371,5.842,-1.814,-4.266,0.0,SENSING
856.93,-4470.18,-2164.584,-5104.371,5.842,-1.814,-4.266,0.0,LISTENING
860.0,-4452.234,-2170.13,-5117.434,5.857,-1.806,-4.249,0.0,SENSING
860.0,-4452.234,-2170.13,-5117.434,5.857,-1.806,-4.249,0.0,LISTENING
860.0,-4452.234,-2170.13,-5117.434,5.857,-1.806,-4.249,0.0,SENSING
860.0,-4452.234,-2170.13,-5117.434,5.857,-1.806,-4.249,0.0,LISTENING
860.0,-4452.234,-2170.13,-5117.434,5.857,-1.806,-4.249,0.0,SENSING
860.0,-4452.234,-2170.13,-5117.434,5.857,-1.806,-4.249,0.0,LISTENING
865.03,-4422.73,-2179.168,-5138.722,5.882,-1.794,-4.22,0.0,SENSING
865.03,-4422.73,-2179.168,-5138.722,5.882,-1.794,-4.22,0.0,LISTENING
870.0,-4393.457,-2188.039,-5159.615,5.906,-1.782,-4.192,0.0,SENSING
870.0,-4393.457,-2188.039,-5159.615,5.906,-1.782,-4.192,0.0,LISTENING
870.0,-4393.457,-2188.039,-5159.615,5.906,-1.782,-4.192,0.0,SENSING
870.0,-4393.457,-2188.039,-5159.615,5.906,-1.782,-4.192,0.0,LISTENING
873.13,-4374.96,-2193.595,-5172.701,5.921,-1.775,-4.174,0.0,SENSING
873.13,-4374.96,-2193.595,-5172.701,5.921,-1.775,-4.174,0.0,LISTENING
880.0,-4334.196,-2205.706,-5201.228,5.954,-1.758,-4.135,0.0,SENSING
880.0,-4334.196,-2205.706,-5201.228,5.954,-1.758,-4.135,0.0,LISTENING
880.0,-4334.196,-2205.706,-5201.228,5.954,-1.758,-4.135,0.0,SENSING
880.0,-4334.196,-2205.706,-5201.228,5.954,-1.758,-4.135,0.0,LISTENING
880.0,-4334.196,-2205.706,-5201.228,5.954,-1.758,-4.135,0.0,SENSING
880.0,-4334.196,-2205.706,-5201.228,5.954,-1.758,-4.135,0.0,LISTENING
885.33,-4302.414,-2215.024,-5223.173,5.98,-1.745,-4.104,0.0,SENSING
885.33,-4302.414,-2215.024,-5223.173,5.98,-1.745,-4.104,0.0,LISTENING
890.0,-4274.457,-2223.132,-5242.266,6.002,-1.734,-4.077,0.0,SENSING
890.0,-4274.457,-2223.132,-5242.266,6.002,-1.734,-4.077,0.0,LISTENING
890.0,-4274.457,-2223.132,-5242.266,6.002,-1.734,-4.077,0.0,SENSING
890.0,-4274.457,-2223.132,-5242.266,6.002,-1.734,-4.077,0.0,LISTENING
896.27,-4236.76,-2233.933,-5267.703,6.031,-1.718,-4.041,0.0,SENSING
896.27,-4236.76,-2233.933,-5267.703,6.031,-1.718,-4.041,0.0,LISTENING
900.0,-4214.247,-2240.312,-5282.726,6.049,-1.709,-4.019,0.0,SENSING
900.0,-4214.247,-2240.312,-5282.726,6.049,-1.709,-4.019,0.0,LISTENING
900.0,-4214.247,-2240.312,-5282.726,6.049,-1.709,-4.019,0.0,SENSING
900.0,-4214.247,-2240.312,-5282.726,6.049,-1.709,-4.019,0.0,LISTENING
904.7,-4185.787,-2248.302,-5301.542,6.071,-1.697,-3.992,0.0,SENSING
904.7,-4185.787,-2248.302,-5301.542,6.071,-1.697,-3.992,0.0,LISTENING
910.0,-4153.571,-2257.246,-5322.604,6.095,-1.684,-3.96,0.0,SENSING
910.0,-4153.571,-2257.246,-5322.604,6.095,-1.684,-3.96,0.0,LISTENING
910.0,-4153.571,-2257.246,-5322.604,6.095,-1.684,-3.96,0.0,SENSING
910.0,-4153.571,-2257.246,-5322.604,6.095,-1.684,-3.96,0.0,LISTENING
915.99,-4117.007,-2267.271,-5346.209,6.122,-1.669,-3.925,0.0,SENSING
915.99,-4117.007,-2267.271,-5346.209,6.122,-1.669,-3.925,0.0,LISTENING
916.06,-4116.579,-2267.388,-5346.484,6.123,-1.669,-3.925,0.0,SENSING
916.06,-4116.579,-2267.388,-5346.484,6.123,-1.669,-3.925,0.0,LISTENING
920.0,-4092.438,-2273.932,-5361.894,6.14,-1.659,-3.901,0.0,SENSING
920.0,-4092.438,-2273.932,-5361.894,6.14,-1.659,-3.901,0.0,LISTENING
920.0,-4092.438,-2273.932,-5361.894,6.14,-1.659,-3.901,0.0,SENSING
920.0,-4092.438,-2273.932,-5361.894,6.14,-1.659,-3.901,0.0,LISTENING
920.62,-4088.633,-2274.958,-5364.31,6.143,-1.658,-3.898,0.0,SENSING
920.62,-4088.633,-2274.958,-5364.31,6.143,-1.658,-3.898,0.0,LISTENING
925.29,-4059.915,-2282.658,-5382.439,6.164,-1.646,-3.87,0.0,SENSING
925.29,-4059.915,-2282.658,-5382.439,6.164,-1.646,-3.87,0.0,LISTENING
926.41,-4053.013,-2284.496,-5386.767,6.169,-1.643,-3.863,0.0,SENSING
926.41,-4053.013,-2284.496,-5386.767,6.169,-1.643,-3.863,0.0,LISTENING
930.0,-4030.853,-2290.367,-5400.592,6.185,-1.634,-3.842,0.0,SENSING
930.0,-4030.853,-2290.367,-5400.592,6.185,-1.634,-3.842,0.0,LISTENING
930.0,-4030.853,-2290.367,-5400.592,6.185,-1.634,-3.842,0.0,SENSING
930.0,-4030.853,-2290.367,-5400.592,6.185,-1.634,-3.842,0.0,LISTENING
930.0,-4030.853,-2290.367,-5400.592,6.185,-1.634,-3.842,0.0,SENSING
930.0,-4030.853,-2290.367,-5400.592,6.185,-1.634,-3.842,0.0,LISTENING
940.0,-3968.823,-2306.55,-5438.693,6.229,-1.609,-3.782,0.0,SENSING
940.0,-3968.823,-2306.55,-5438.693,6.229,-1.609,-3.782,0.0,LISTENING
940.0,-3968.823,-2306.55,-5438.693,6.229,-1.609,-3.782,0.0,SENSING
940.0,-3968.823,-2306.55,-5438.693,6.229,-1.609,-3.782,0.0,LISTENING
946.11,-3930.706,-2316.313,-5461.678,6.256,-1.593,-3.745,0.0,SENSING
946.11,-3930.706,-2316.313,-5461.678,6.256,-1.593,-3.745,0.0,LISTENING
950.0,-3906.354,-2322.479,-5476.194,6.273,-1.583,-3.722,0.0,SENSING
950.0,-3906.354,-2322.479,-5476.194,6.273,-1.583,-3.722,0.0,LISTENING
950.0,-3906.354,-2322.479,-5476.194,6.273,-1.583,-3.722,0.0,SENSING
950.0,-3906.354,-2322.479,-5476.194,6.273,-1.583,-3.722,0.0,LISTENING
950.0,-3906.354,-2322.479,-5476.194,6.273,-1.583,-3.722,0.0,SENSING
950.0,-3906.354,-2322.479,-5476.194,6.273,-1.583,-3.722,0.0,LISTENING
957.24,-3860.858,-2333.852,-5502.967,6.304,-1.564,-3.678,0.0,SENSING
957.24,-3860.858,-2333.852,-5502.967,6.304,-1.564,-3.678,0.0,LISTENING
959.4,-3847.241,-2337.219,-5510.893,6.313,-1.559,-3.665,0.0,SENSING
959.4,-3847.241,-2337.219,-5510.893,6.313,-1.559,-3.665,0.0,LISTENING
960.0,-3843.455,-2338.152,-5513.09,6.316,-1.557,-3.661,0.0,SENSING
960.0,-3843.455,-2338.152,-5513.09,6.316,-1.557,-3.661,0.0,LISTENING
960.0,-3843.455,-2338.152,-5513.09,6.316,-1.557,-3.661,0.0,SENSING
960.0,-3843.455,-2338.152,-5513.09,6.316,-1.557,-3.661,0.0,LISTENING
970.0,-3780.13,-2353.567,-5549.376,6.358,-1.531,-3.6,0.0,SENSING
970.0,-3780.13,-2353.567,-5549.376,6.358,-1.531,-3.6,0.0,LISTENING
970.0,-3780.13,-2353.567,-5549.376,6.358,-1.531,-3.6,0.0,SENSING
970.0,-3780.13,-2353.567,-5549.376,6.358,-1.531,-3.6,0.0,LISTENING
977.02,-3735.427,-2364.234,-5574.483,6.387,-1.513,-3.557,0.0,SENSING
977.02,-3735.427,-2364.234,-5574.483,6.387,-1.513,-3.557,0.0,LISTENING
980.0,-3716.388,-2368.723,-5585.049,6.399,-1.505,-3.538,0.0,SENSING
980.0,-3716.388,-2368.723,-5585.049,6.399,-1.505,-3.538,0.0,LISTENING
980.0,-3716.388,-2368.723,-5585.049,6.399,-1.505,-3.538,0.0,SENSING
980.0,-3716.388,-2368.723,-5585.049,6.399,-1.505,-3.538,0.0,LISTENING
985.06,-3683.978,-2376.292,-5602.864,6.42,-1.492,-3.507,0.0,SENSING
985.06,-3683.978,-2376.292,-5602.864,6.42,-1.492,-3.507,0.0,LISTENING
986.57,-3674.286,-2378.538,-5608.15,6.426,-1.488,-3.498,0.0,SENSING
986.57,-3674.286,-2378.538,-5608.15,6.426,-1.488,-3.498,0.0,LISTENING
990.0,-3652.236,-2383.618,-5620.104,6.44,-1.479,-3.476,0.0,SENSING
990.0,-3652.236,-2383.618,-5620.104,6.44,-1.479,-3.476,0.0,LISTENING
990.0,-3652.236,-2383.618,-5620.104,6.44,-1.479,-3.476,0.0,SENSING
990.0,-3652.236,-2383.618,-5620.104,6.44,-1.479,-3.476,0.0,LISTENING
995.6,-3616.133,-2391.844,-5639.464,6.463,-1.464,-3.441,0.0,SENSING
995.6,-3616.133,-2391.844,-5639.464,6.463,-1.464,-3.441,0.0,LISTENING
1000.0,-3587.679,-2398.249,-5654.538,6.48,-1.453,-3.414,0.0,SENSING
1000.0,-3587.679,-2398.249,-5654.538,6.48,-1.453,-3.414,0.0,LISTENING
1000.0,-3587.679,-2398.249,-5654.538,6.48,-1.453,-3.414,0.0,SENSING
1000.0,-3587.679,-2398.249,-5654.538,6.48,-1.453,-3.414,0.0,LISTENING
1004.49,-3558.564,-2404.733,-5669.796,6.498,-1.441,-3.386,0.0,SENSING
1004.49,-3558.564,-2404.733,-5669.796,6.498,-1.441,-3.386,0.0,LISTENING
1007.54,-3538.741,-2409.106,-5680.088,6.51,-1.433,-3.367,0.0,SENSING
1007.54,-3538.741,-2409.106,-5680.088,6.51,-1.433,-3.367,0.0,LISTENING
1010.0,-3522.726,-2412.616,-5688.346,6.52,-1.426,-3.351,0.0,SENSING
1010.0,-3522.726,-2412.616,-5688.346,6.52,-1.426,-3.351,0.0,LISTENING
1010.0,-3522.726,-2412.616,-5688.346,6.52,-1.426,-3.351,0.0,SENSING
1010.0,-3522.726,-2412.616,-5688.346,6.52,-1.426,-3.351,0.0,LISTENING
1013.1,-3502.511,-2417.016,-5698.699,6.532,-1.418,-3.332,0.0,SENSING
1013.1,-3502.511,-2417.016,-5698.699,6.532,-1.418,-3.332,0.0,LISTENING
1020.0,-3457.382,-2426.717,-5721.525,6.558,-1.399,-3.288,0.0,SENSING
1020.0,-3457.382,-2426.717,-5721.525,6.558,-1.399,-3.288,0.0,LISTENING
1020.0,-3457.382,-2426.717,-5721.525,6.558,-1.399,-3.288,0.0,SENSING
1020.0,-3457.382,-2426.717,-5721.525,6.558,-1.399,-3.288,0.0,LISTENING
1030.0,-3391.657,-2440.55,-5754.07,6.596,-1.372,-3.224,0.0,SENSING
1030.0,-3391.657,-2440.55,-5754.07,6.596,-1.372,-3.224,0.0,LISTENING
1030.0,-3391.657,-2440.55,-5754.07,6.596,-1.372,-3.224,0.0,SENSING
1030.0,-3391.657,-2440.55,-5754.07,6.596,-1.372,-3.224,0.0,LISTENING
1031.0,-3385.064,-2441.918,-5757.29,6.6,-1.37,-3.218,0.0,SENSING
1031.0,-3385.064,-2441.918,-5757.29,6.6,-1.37,-3.218,0.0,LISTENING
1040.0,-3325.556,-2454.113,-5785.978,6.633,-1.345,-3.16,0.0,SENSING
1040.0,-3325.556,-2454.113,-5785.978,6.633,-1.345,-3.16,0.0,LISTENING
1040.0,-3325.556,-2454.113,-5785.978,6.633,-1.345,-3.16,0.0,SENSING
1040.0,-3325.556,-2454.113,-5785.978,6.633,-1.345,-3.16,0.0,LISTENING
1050.0,-3259.087,-2467.405,-5817.246,6.67,-1.318,-3.096,0.0,SENSING
1050.0,-3259.087,-2467.405,-5817.246,6.67,-1.318,-3.096,0.0,LISTENING
1050.0,-3259.087,-2467.405,-5817.246,6.67,-1.318,-3.096,0.0,SENSING
1050.0,-3259.087,-2467.405,-5817.246,6.67,-1.318,-3.096,0.0,LISTENING
1056.88,-3213.146,-2476.392,-5838.384,6.695,-1.299,-3.052,0.0,SENSING
1056.88,-3213.146,-2476.392,-5838.384,6.695,-1.299,-3.052,0.0,LISTENING
1060.0,-3192.256,-2480.424,-5847.868,6.706,-1.291,-3.032,0.0,SENSING
1060.0,-3192.256,-2480.424,-5847.868,6.706,-1.291,-3.032,0.0,LISTENING
1060.0,-3192.256,-2480.424,-5847.868,6.706,-1.291,-3.032,0.0,SENSING
1060.0,-3192.256,-2480.424,-5847.868,6.706,-1.291,-3.032,0.0,LISTENING
1065.74,-3153.736,-2487.774,-5865.153,6.726,-1.275,-2.994,0.0,SENSING
1065.74,-3153.736,-2487.774,-5865.153,6.726,-1.275,-2.994,0.0,LISTENING
1070.0,-3125.073,-2493.17,-5877.843,6.741,-1.263,-2.966,0.0,SENSING
1070.0,-3125.073,-2493.17,-5877.843,6.741,-1.263,-2.966,0.0,LISTENING
1070.0,-3125.073,-2493.17,-5877.843,6.741,-1.263,-2.966,0.0,SENSING
1070.0,-3125.073,-2493.17,-5877.843,6.741,-1.263,-2.966,0.0,LISTENING
1080.0,-3057.542,-2505.64,-5907.166,6.775,-1.235,-2.901,0.0,SENSING
1080.0,-3057.542,-2505.64,-5907.166,6.775,-1.235,-2.901,0.0,LISTENING
1080.0,-3057.542,-2505.64,-5907.166,6.775,-1.235,-2.901,0.0,SENSING
1080.0,-3057.542,-2505.64,-5907.166,6.775,-1.235,-2.901,0.0,LISTENING
1080.0,-3057.542,-2505.64,-5907.166,6.775,-1.235,-2.901,0.0,SENSING
1080.0,-3057.542,-2505.64,-5907.166,6.775,-1.235,-2.901,0.0,LISTENING
1130.88,-2708.858,-2564.764,-6046.148,6.938,-1.092,-2.563,0.0,SENSING
1130.88,-2708.858,-2564.764,-6046.148,6.938,-1.092,-2.563,0.0,LISTENING
1160.0,-2505.73,-2595.305,-6117.897,7.022,-1.009,-2.367,0.0,SENSING
1160.0,-2505.73,-2595.305,-6117.897,7.022,-1.009,-2.367,0.0,LISTENING
1160.0,-2505.73,-2595.305,-6117.897,7.022,-1.009,-2.367,0.0,SENSING
1160.0,-2505.73,-2595.305,-6117.897,7.022,-1.009,-2.367,0.0,LISTENING
1160.0,-2505.73,-2595.305,-6117.897,7.022,-1.009,-2.367,0.0,SENSING
1160.0,-2505.73,-2595.305,-6117.897,7.022,-1.009,-2.367,0.0,LISTENING
1179.23,-2370.284,-2614.139,-6162.121,7.074,-0.953,-2.235,0.0,SENSING
1179.23,-2370.284,-2614.139,-6162.121,7.074,-0.953,-2.235,0.0,LISTENING
1190.0,-2293.997,-2624.218,-6185.784,7.102,-0.922,-2.161,0.0,SENSING
1190.0,-2293.997,-2624.218,-6185.784,7.102,-0.922,-2.161,0.0,LISTENING
1190.0,-2293.997,-2624.218,-6185.784,7.102,-0.922,-2.161,0.0,SENSING
1190.0,-2293.997,-2624.218,-6185.784,7.102,-0.922,-2.161,0.0,LISTENING
1196.08,-2250.799,-2629.76,-6198.79,7.118,-0.904,-2.119,0.0,SENSING
1196.08,-2250.799,-2629.76,-6198.79,7.118,-0.904,-2.119,0.0,LISTENING
1210.0,-2151.554,-2642.04,-6227.606,7.152,-0.863,-2.023,0.0,SENSING
1210.0,-2151.554,-2642.04,-6227.606,7.152,-0.863,-2.023,0.0,LISTENING
1210.0,-2151.554,-2642.04,-6227.606,7.152,-0.863,-2.023,0.0,SENSING
1210.0,-2151.554,-2642.04,-6227.606,7.152,-0.863,-2.023,0.0,LISTENING
1217.54,-2097.6,-2648.455,-6242.654,7.17,-0.841,-1.971,0.0,SENSING
1217.54,-2097.6,-2648.455,-6242.654,7.17,-0.841,-1.971,0.0,LISTENING
1240.0,-1936.113,-2666.57,-6285.134,7.22,-0.775,-1.814,0.0,SENSING
1240.0,-1936.113,-2666.57,-6285.134,7.22,-0.775,-1.814,0.0,LISTENING
1240.0,-1936.113,-2666.57,-6285.134,7.22,-0.775,-1.814,0.0,SENSING
1240.0,-1936.113,-2666.57,-6285.134,7.22,-0.775,-1.814,0.0,LISTENING
1258.52,-1802.131,-2680.383,-6317.506,7.259,-0.72,-1.684,0.0,SENSING
1258.52,-1802.131,-2680.383,-6317.506,7.259,-0.72,-1.684,0.0,LISTENING
1270.0,-1718.731,-2688.433,-6336.36,7.281,-0.685,-1.603,0.0,SENSING
1270.0,-1718.731,-2688.433,-6336.36,7.281,-0.685,-1.603,0.0,LISTENING
1270.0,-1718.731,-2688.433,-6336.36,7.281,-0.685,-1.603,0.0,SENSING
1270.0,-1718.731,-2688.433,-6336.36,7.281,-0.685,-1.603,0.0,LISTENING
1270.0,-1718.731,-2688.433,-6336.36,7.281,-0.685,-1.603,0.0,SENSING
1270.0,-1718.731,-2688.433,-6336.36,7.281,-0.685,-1.603,0.0,LISTENING
1276.41,-1672.053,-2692.757,-6346.483,7.293,-0.666,-1.557,0.0,SENSING
1276.41,-1672.053,-2692.757,-6346.483,7.293,-0.666,-1.557,0.0,LISTENING
1310.0,-1426.245,-2713.395,-6394.761,7.351,-0.565,-1.318,0.0,SENSING
1310.0,-1426.245,-2713.395,-6394.761,7.351,-0.565,-1.318,0.0,LISTENING
1310.0,-1426.245,-2713.395,-6394.761,7.351,-0.565,-1.318,0.0,SENSING
1310.0,-1426.245,-2713.395,-6394.761,7.351,-0.565,-1.318,0.0,LISTENING
1344.35,-1173.02,-2730.975,-6435.801,7.401,-0.46,-1.072,0.0,SENSING
1344.35,-1173.02,-2730.975,-6435.801,7.401,-0.46,-1.072,0.0,LISTENING
1370.0,-982.904,-2741.761,-6460.915,7.432,-0.382,-0.887,0.0,SENSING
1370.0,-982.904,-2741.761,-6460.915,7.432,-0.382,-0.887,0.0,LISTENING
1370.0,-982.904,-2741.761,-6460.915,7.432,-0.382,-0.887,0.0,SENSING
1370.0,-982.904,-2741.761,-6460.915,7.432,-0.382,-0.887,0.0,LISTENING
1370.0,-982.904,-2741.761,-6460.915,7.432,-0.382,-0.887,0.0,SENSING
1370.0,-982.904,-2741.761,-6460.915,7.432,-0.382,-0.887,0.0,LISTENING
1375.23,-944.046,-2743.713,-6465.452,7.438,-0.366,-0.849,0.0,SENSING
1375.23,-944.046,-2743.713,-6465.452,7.438,-0.366,-0.849,0.0,LISTENING
1390.0,-834.157,-2748.775,-6477.198,7.453,-0.321,-0.742,0.0,SENSING
1390.0,-834.157,-2748.775,-6477.198,7.453,-0.321,-0.742,0.0,LISTENING
1390.0,-834.157,-2748.775,-6477.198,7.453,-0.321,-0.742,0.0,SENSING
1390.0,-834.157,-2748.775,-6477.198,7.453,-0.321,-0.742,0.0,LISTENING
1397.98,-774.699,-2751.231,-6482.887,7.46,-0.296,-0.684,0.0,SENSING
1397.98,-774.699,-2751.231,-6482.887,7.46,-0.296,-0.684,0.0,LISTENING
1400.0,-759.639,-2751.822,-6484.253,7.462,-0.29,-0.67,0.0,SENSING
1400.0,-759.639,-2751.822,-6484.253,7.462,-0.29,-0.67,0.0,LISTENING
1400.0,-759.639,-2751.822,-6484.253,7.462,-0.29,-0.67,0.0,SENSING
1400.0,-759.639,-2751.822,-6484.253,7.462,-0.29,-0.67,0.0,LISTENING
1405.01,-722.273,-2753.233,-6487.515,7.466,-0.274,-0.633,0.0,SENSING
1405.01,-722.273,-2753.233,-6487.515,7.466,-0.274,-0.633,0.0,LISTENING
1410.0,-685.036,-2754.562,-6490.582,7.47,-0.259,-0.597,0.0,SENSING
1410.0,-685.036,-2754.562,-6490.582,7.47,-0.259,-0.597,0.0,LISTENING
1410.0,-685.036,-2754.562,-6490.582,7.47,-0.259,-0.597,0.0,SENSING
1410.0,-685.036,-2754.562,-6490.582,7.47,-0.259,-0.597,0.0,LISTENING
1415.37,-644.942,-2755.906,-6493.681,7.474,-0.243,-0.558,0.0,SENSING
1415.37,-644.942,-2755.906,-6493.681,7.474,-0.243,-0.558,0.0,LISTENING
1420.0,-610.357,-2756.994,-6496.184,7.477,-0.228,-0.524,0.0,SENSING
1420.0,-610.357,-2756.994,-6496.184,7.477,-0.228,-0.524,0.0,LISTENING
1420.0,-610.357,-2756.994,-6496.184,7.477,-0.228,-0.524,0.0,SENSING
1420.0,-610.357,-2756.994,-6496.184,7.477,-0.228,-0.524,0.0,LISTENING
1430.0,-535.608,-2759.118,-6501.058,7.483,-0.197,-0.451,0.0,SENSING
1430.0,-535.608,-2759.118,-6501.058,7.483,-0.197,-0.451,0.0,LISTENING
1430.0,-535.608,-2759.118,-6501.058,7.483,-0.197,-0.451,0.0,SENSING
1430.0,-535.608,-2759.118,-6501.058,7.483,-0.197,-0.451,0.0,LISTENING
1430.0,-535.608,-2759.118,-6501.058,7.483,-0.197,-0.451,0.0,SENSING
1430.0,-535.608,-2759.118,-6501.058,7.483,-0.197,-0.451,0.0,LISTENING
1434.74,-500.157,-2760.017,-6503.114,7.486,-0.183,-0.417,0.0,SENSING
1434.74,-500.157,-2760.017,-6503.114,7.486,-0.183,-0.417,0.0,LISTENING
1437.09,-482.575,-2760.437,-6504.072,7.487,-0.175,-0.4,0.0,SENSING
1437.09,-482.575,-2760.437,-6504.072,7.487,-0.175,-0.4,0.0,LISTENING
1440.0,-460.801,-2760.933,-6505.204,7.489,-0.166,-0.378,0.0,SENSING
1440.0,-460.801,-2760.933,-6505.204,7.489,-0.166,-0.378,0.0,LISTENING
1440.0,-460.801,-2760.933,-6505.204,7.489,-0.166,-0.378,0.0,SENSING
1440.0,-460.801,-2760.933,-6505.204,7.489,-0.166,-0.378,0.0,LISTENING
1457.14,-332.464,-2763.327,-6510.612,7.496,-0.113,-0.253,0.0,SENSING
1457.14,-332.464,-2763.327,-6510.612,7.496,-0.113,-0.253,0.0,LISTENING
1460.0,-311.038,-2763.638,-6511.306,7.498,-0.105,-0.232,0.0,SENSING
1460.0,-311.038,-2763.638,-6511.306,7.498,-0.105,-0.232,0.0,LISTENING
1460.0,-311.038,-2763.638,-6511.306,7.498,-0.105,-0.232,0.0,SENSING
1460.0,-311.038,-2763.638,-6511.306,7.498,-0.105,-0.232,0.0,LISTENING
1477.39,-180.704,-2764.985,-6514.238,7.502,-0.051,-0.105,0.0,SENSING
1477.39,-180.704,-2764.985,-6514.238,7.502,-0.051,-0.105,0.0,LISTENING
1480.0,-161.136,-2765.106,-6514.487,7.503,-0.043,-0.086,0.0,SENSING
1480.0,-161.136,-2765.106,-6514.487,7.503,-0.043,-0.086,0.0,LISTENING
1480.0,-161.136,-2765.106,-6514.487,7.503,-0.043,-0.086,0.0,SENSING
1480.0,-161.136,-2765.106,-6514.487,7.503,-0.043,-0.086,0.0,LISTENING
1483.49,-134.969,-2765.235,-6514.742,7.503,-0.032,-0.06,0.0,SENSING
1483.49,-134.969,-2765.235,-6514.742,7.503,-0.032,-0.06,0.0,LISTENING
1500.0,-11.162,-2765.336,-6514.742,7.505,0.019,0.06,0.0,SENSING
1500.0,-11.162,-2765.336,-6514.742,7.505,0.019,0.06,0.0,LISTENING
1500.0,-11.162,-2765.336,-6514.742,7.505,0.019,0.06,0.0,SENSING
1500.0,-11.162,-2765.336,-6514.742,7.505,0.019,0.06,0.0,LISTENING
1517.43,119.547,-2764.526,-6512.578,7.504,0.074,0.188,0.0,SENSING
1517.43,119.547,-2764.526,-6512.578,7.504,0.074,0.188,0.0,LISTENING
1520.0,138.817,-2764.326,-6512.071,7.503,0.082,0.207,0.0,SENSING
1520.0,138.817,-2764.326,-6512.071,7.503,0.082,0.207,0.0,LISTENING
1520.0,138.817,-2764.326,-6512.071,7.503,0.082,0.207,0.0,SENSING
1520.0,138.817,-2764.326,-6512.071,7.503,0.082,0.207,0.0,LISTENING
1528.58,203.143,-2763.513,-6510.028,7.502,0.108,0.27,0.0,SENSING
1528.58,203.143,-2763.513,-6510.028,7.502,0.108,0.27,0.0,LISTENING
1560.0,438.521,-2758.589,-6497.946,7.49,0.206,0.5,0.0,SENSING
1560.0,438.521,-2758.589,-6497.946,7.49,0.206,0.5,0.0,LISTENING
1560.0,438.521,-2758.589,-6497.946,7.49,0.206,0.5,0.0,SENSING
1560.0,438.521,-2758.589,-6497.946,7.49,0.206,0.5,0.0,LISTENING
1560.0,438.521,-2758.589,-6497.946,7.49,0.206,0.5,0.0,SENSING
1560.0,438.521,-2758.589,-6497.946,7.49,0.206,0.5,0.0,LISTENING
1576.01,558.287,-2754.905,-6489.013,7.481,0.255,0.617,0.0,SENSING
1576.01,558.287,-2754.905,-6489.013,7.481,0.255,0.617,0.0,LISTENING
1580.0,588.111,-2753.863,-6486.495,7.479,0.268,0.646,0.0,SENSING
1580.0,588.111,-2753.863,-6486.495,7.479,0.268,0.646,0.0,LISTENING
1580.0,588.111,-2753.863,-6486.495,7.479,0.268,0.646,0.0,SENSING
1580.0,588.111,-2753.863,-6486.495,7.479,0.268,0.646,0.0,LISTENING
1580.0,588.111,-2753.863,-6486.495,7.479,0.268,0.646,0.0,SENSING
1580.0,588.111,-2753.863,-6486.495,7.479,0.268,0.646,0.0,LISTENING
1589.09,656.016,-2751.305,-6480.325,7.472,0.296,0.712,0.0,SENSING
1589.09,656.016,-2751.305,-6480.325,7.472,0.296,0.712,0.0,LISTENING
1629.78,959.145,-2736.731,-6445.318,7.435,0.422,1.009,0.0,SENSING
1629.78,959.145,-2736.731,-6445.318,7.435,0.422,1.009,0.0,LISTENING
1640.0,1035.022,-2732.268,-6434.632,7.424,0.453,1.083,0.0,SENSING
1640.0,1035.022,-2732.268,-6434.632,7.424,0.453,1.083,0.0,LISTENING
1640.0,1035.022,-2732.268,-6434.632,7.424,0.453,1.083,0.0,SENSING
1640.0,1035.022,-2732.268,-6434.632,7.424,0.453,1.083,0.0,LISTENING
1640.0,1035.022,-2732.268,-6434.632,7.424,0.453,1.083,0.0,SENSING
1640.0,1035.022,-2732.268,-6434.632,7.424,0.453,1.083,0.0,LISTENING
1650.0,1109.148,-2727.591,-6423.443,7.412,0.484,1.156,0.0,SENSING
1650.0,1109.148,-2727.591,-6423.443,7.412,0.484,1.156,0.0,LISTENING
1650.0,1109.148,-2727.591,-6423.443,7.412,0.484,1.156,0.0,SENSING
1650.0,1109.148,-2727.591,-6423.443,7.412,0.484,1.156,0.0,LISTENING
1653.49,1134.989,-2725.886,-6419.367,7.407,0.495,1.181,0.0,SENSING
1653.49,1134.989,-2725.886,-6419.367,7.407,0.495,1.181,0.0,LISTENING
1660.0,1183.149,-2722.606,-6411.528,7.399,0.515,1.228,0.0,SENSING
1660.0,1183.149,-2722.606,-6411.528,7.399,0.515,1.228,0.0,LISTENING
1660.0,1183.149,-2722.606,-6411.528,7.399,0.515,1.228,0.0,SENSING
1660.0,1183.149,-2722.606,-6411.528,7.399,0.515,1.228,0.0,LISTENING
1660.0,1183.149,-2722.606,-6411.528,7.399,0.515,1.228,0.0,SENSING
1660.0,1183.149,-2722.606,-6411.528,7.399,0.515,1.228,0.0,LISTENING
1666.38,1230.292,-2719.266,-6403.548,7.39,0.534,1.274,0.0,SENSING
1666.38,1230.292,-2719.266,-6403.548,7.39,0.534,1.274,0.0,LISTENING
1666.79,1233.319,-2719.047,-6403.025,7.39,0.536,1.277,0.0,SENSING
1666.79,1233.319,-2719.047,-6403.025,7.39,0.536,1.277,0.0,LISTENING
1670.0,1257.016,-2717.315,-6398.889,7.385,0.545,1.301,0.0,SENSING
1670.0,1257.016,-2717.315,-6398.889,7.385,0.545,1.301,0.0,LISTENING
1670.0,1257.016,-2717.315,-6398.889,7.385,0.545,1.301,0.0,SENSING
1670.0,1257.016,-2717.315,-6398.889,7.385,0.545,1.301,0.0,LISTENING
1670.0,1257.016,-2717.315,-6398.889,7.385,0.545,1.301,0.0,SENSING
1670.0,1257.016,-2717.315,-6398.889,7.385,0.545,1.301,0.0,LISTENING
1680.0,1330.741,-2711.719,-6385.528,7.37,0.576,1.373,0.0,SENSING
1680.0,1330.741,-2711.719,-6385.528,7.37,0.576,1.373,0.0,LISTENING
1680.0,1330.741,-2711.719,-6385.528,7.37,0.576,1.373,0.0,SENSING
1680.0,1330.741,-2711.719,-6385.528,7.37,0.576,1.373,0.0,LISTENING
1681.48,1341.64,-2710.864,-6383.489,7.368,0.581,1.384,0.0,SENSING
1681.48,1341.64,-2710.864,-6383.489,7.368,0.581,1.384,0.0,LISTENING
1686.22,1376.523,-2708.083,-6376.853,7.361,0.595,1.418,0.0,SENSING
1686.22,1376.523,-2708.083,-6376.853,7.361,0.595,1.418,0.0,LISTENING
1690.0,1404.316,-2705.816,-6371.445,7.355,0.607,1.445,0.0,SENSING
1690.0,1404.316,-2705.816,-6371.445,7.355,0.607,1.445,0.0,LISTENING
1690.0,1404.316,-2705.816,-6371.445,7.355,0.607,1.445,0.0,SENSING
1690.0,1404.316,-2705.816,-6371.445,7.355,0.607,1.445,0.0,LISTENING
1697.89,1462.255,-2700.944,-6359.826,7.342,0.631,1.502,0.0,SENSING
1697.89,1462.255,-2700.944,-6359.826,7.342,0.631,1.502,0.0,LISTENING
1700.0,1477.732,-2699.609,-6356.643,7.339,0.637,1.517,0.0,SENSING
1700.0,1477.732,-2699.609,-6356.643,7.339,0.637,1.517,0.0,LISTENING
1700.0,1477.732,-2699.609,-6356.643,7.339,0.637,1.517,0.0,SENSING
1700.0,1477.732,-2699.609,-6356.643,7.339,0.637,1.517,0.0,LISTENING
1710.0,1550.982,-2693.097,-6341.122,7.322,0.668,1.589,0.0,SENSING
1710.0,1550.982,-2693.097,-6341.122,7.322,0.668,1.589,0.0,LISTENING
1710.0,1550.982,-2693.097,-6341.122,7.322,0.668,1.589,0.0,SENSING
1710.0,1550.982,-2693.097,-6341.122,7.322,0.668,1.589,0.0,LISTENING
1710.0,1550.982,-2693.097,-6341.122,7.322,0.668,1.589,0.0,SENSING
1710.0,1550.982,-2693.097,-6341.122,7.322,0.668,1.589,0.0,LISTENING
1713.53,1576.797,-2690.726,-6335.472,7.315,0.678,1.614,0.0,SENSING
1713.53,1576.797,-2690.726,-6335.472,7.315,0.678,1.614,0.0,LISTENING
1720.0,1624.056,-2686.281,-6324.884,7.304,0.698,1.66,0.0,SENSING
1720.0,1624.056,-2686.281,-6324.884,7.304,0.698,1.66,0.0,LISTENING
1720.0,1624.056,-2686.281,-6324.884,7.304,0.698,1.66,0.0,SENSING
1720.0,1624.056,-2686.281,-6324.884,7.304,0.698,1.66,0.0,LISTENING
1730.0,1696.946,-2679.163,-6307.93,7.285,0.728,1.732,0.0,SENSING
1730.0,1696.946,-2679.163,-6307.93,7.285,0.728,1.732,0.0,LISTENING
1730.0,1696.946,-2679.163,-6307.93,7.285,0.728,1.732,0.0,SENSING
1730.0,1696.946,-2679.163,-6307.93,7.285,0.728,1.732,0.0,LISTENING
1738.35,1757.663,-2672.987,-6293.227,7.268,0.754,1.792,0.0,SENSING
1738.35,1757.663,-2672.987,-6293.227,7.268,0.754,1.792,0.0,LISTENING
1740.0,1769.645,-2671.742,-6290.263,7.265,0.759,1.803,0.0,SENSING
1740.0,1769.645,-2671.742,-6290.263,7.265,0.759,1.803,0.0,LISTENING
1740.0,1769.645,-2671.742,-6290.263,7.265,0.759,1.803,0.0,SENSING
1740.0,1769.645,-2671.742,-6290.263,7.265,0.759,1.803,0.0,LISTENING
1740.0,1769.645,-2671.742,-6290.263,7.265,0.759,1.803,0.0,SENSING
1740.0,1769.645,-2671.742,-6290.263,7.265,0.759,1.803,0.0,LISTENING
1750.0,1842.143,-2664.019,-6271.884,7.245,0.789,1.874,0.0,SENSING
1750.0,1842.143,-2664.019,-6271.884,7.245,0.789,1.874,0.0,LISTENING
1750.0,1842.143,-2664.019,-6271.884,7.245,0.789,1.874,0.0,SENSING
1750.0,1842.143,-2664.019,-6271.884,7.245,0.789,1.874,0.0,LISTENING
1756.46,1888.866,-2658.871,-6259.633,7.231,0.808,1.92,0.0,SENSING
1756.46,1888.866,-2658.871,-6259.633,7.231,0.808,1.92,0.0,LISTENING
1757.07,1893.274,-2658.378,-6258.461,7.23,0.81,1.925,0.0,SENSING
1757.07,1893.274,-2658.378,-6258.461,7.23,0.81,1.925,0.0,LISTENING
1760.0,1914.433,-2655.996,-6252.795,7.223,0.819,1.945,0.0,SENSING
1760.0,1914.433,-2655.996,-6252.795,7.223,0.819,1.945,0.0,LISTENING
1760.0,1914.433,-2655.996,-6252.795,7.223,0.819,1.945,0.0,SENSING
1760.0,1914.433,-2655.996,-6252.795,7.223,0.819,1.945,0.0,LISTENING
1765.39,1953.307,-2651.547,-6242.212,7.212,0.835,1.983,0.0,SENSING
1765.39,1953.307,-2651.547,-6242.212,7.212,0.835,1.983,0.0,LISTENING
1770.0,1986.506,-2647.673,-6232.998,7.201,0.849,2.016,0.0,SENSING
1770.0,1986.506,-2647.673,-6232.998,7.201,0.849,2.016,0.0,LISTENING
1770.0,1986.506,-2647.673,-6232.998,7.201,0.849,2.016,0.0,SENSING
1770.0,1986.506,-2647.673,-6232.998,7.201,0.849,2.016,0.0,LISTENING
1775.45,2025.691,-2643.011,-6221.911,7.189,0.865,2.055,0.0,SENSING
1775.45,2025.691,-2643.011,-6221.911,7.189,0.865,2.055,0.0,LISTENING
1776.71,2034.741,-2641.92,-6219.318,7.186,0.869,2.063,0.0,SENSING
1776.71,2034.741,-2641.92,-6219.318,7.186,0.869,2.063,0.0,LISTENING
1780.0,2058.354,-2639.051,-6212.494,7.178,0.879,2.087,0.0,SENSING
1780.0,2058.354,-2639.051,-6212.494,7.178,0.879,2.087,0.0,LISTENING
1780.0,2058.354,-2639.051,-6212.494,7.178,0.879,2.087,0.0,SENSING
1780.0,2058.354,-2639.051,-6212.494,7.178,0.879,2.087,0.0,LISTENING
1787.08,2109.082,-2632.765,-6197.552,7.162,0.9,2.136,0.0,SENSING
1787.08,2109.082,-2632.765,-6197.552,7.162,0.9,2.136,0.0,LISTENING
1790.0,2129.969,-2630.13,-6191.287,7.155,0.909,2.157,0.0,SENSING
1790.0,2129.969,-2630.13,-6191.287,7.155,0.909,2.157,0.0,LISTENING
1790.0,2129.969,-2630.13,-6191.287,7.155,0.909,2.157,0.0,SENSING
1790.0,2129.969,-2630.13,-6191.287,7.155,0.909,2.157,0.0,LISTENING
1797.16,2181.098,-2623.56,-6175.671,7.137,0.93,2.207,0.0,SENSING
1797.16,2181.098,-2623.56,-6175.671,7.137,0.93,2.207,0.0,LISTENING
1800.0,2201.343,-2620.912,-6169.378,7.13,0.938,2.227,0.0,SENSING
1800.0,2201.343,-2620.912,-6169.378,7.13,0.938,2.227,0.0,LISTENING
1800.0,2201.343,-2620.912,-6169.378,7.13,0.938,2.227,0.0,SENSING
1800.0,2201.343,-2620.912,-6169.378,7.13,0.938,2.227,0.0,LISTENING
1800.0,2201.343,-2620.912,-6169.378,7.13,0.938,2.227,0.0,SENSING
1800.0,2201.343,-2620.912,-6169.378,7.13,0.938,2.227,0.0,LISTENING
1801.43,2211.529,-2619.569,-6166.188,7.127,0.943,2.237,0.0,SENSING
1801.43,2211.529,-2619.569,-6166.188,7.127,0.943,2.237,0.0,LISTENING
1806.46,2247.318,-2614.799,-6154.853,7.114,0.957,2.272,0.0,SENSING
1806.46,2247.318,-2614.799,-6154.853,7.114,0.957,2.272,0.0,LISTENING
1810.0,2272.467,-2611.397,-6146.769,7.105,0.968,2.297,0.0,SENSING
1810.0,2272.467,-2611.397,-6146.769,7.105,0.968,2.297,0.0,LISTENING
1810.0,2272.467,-2611.397,-6146.769,7.105,0.968,2.297,0.0,SENSING
1810.0,2272.467,-2611.397,-6146.769,7.105,0.968,2.297,0.0,LISTENING
1810.0,2272.467,-2611.397,-6146.769,7.105,0.968,2.297,0.0,SENSING
1810.0,2272.467,-2611.397,-6146.769,7.105,0.968,2.297,0.0,LISTENING
1815.28,2309.917,-2606.255,-6134.551,7.091,0.984,2.334,0.0,SENSING
1815.28,2309.917,-2606.255,-6134.551,7.091,0.984,2.334,0.0,LISTENING
1820.0,2343.334,-2601.588,-6123.464,7.079,0.998,2.367,0.0,SENSING
1820.0,2343.334,-2601.588,-6123.464,7.079,0.998,2.367,0.0,LISTENING
1820.0,2343.334,-2601.588,-6123.464,7.079,0.998,2.367,0.0,SENSING
1820.0,2343.334,-2601.588,-6123.464,7.079,0.998,2.367,0.0,LISTENING
1820.0,2343.334,-2601.588,-6123.464,7.079,0.998,2.367,0.0,SENSING
1820.0,2343.334,-2601.588,-6123.464,7.079,0.998,2.367,0.0,MESSAGING
1820.0,2343.334,-2601.588,-6123.464,7.079,0.998,2.367,0.0,SENSING
1820.0,2343.334,-2601.588,-6123.464,7.079,0.998,2.367,0.0,LISTENING
1820.0,2343.334,-2601.588,-6123.464,7.079,0.998,2.367,0.0,SENSING
1820.0,2343.334,-2601.588,-6123.464,7.079,0.998,2.367,0.0,LISTENING
1820.0,2343.334,-2601.588,-6123.464,7.079,0.998,2.367,0.0,SENSING
1820.0,2343.334,-2601.588,-6123.464,7.079,0.998,2.367,0.0,LISTENING
1820.0,2343.334,-2601.588,-6123.464,7.079,0.998,2.367,0.0,SENSING
1820.0,2343.334,-2601.588,-6123.464,7.079,0.998,2.367,0.0,LISTENING
1830.0,2413.935,-2591.483,-6099.463,7.052,1.027,2.436,0.0,SENSING
1830.0,2413.935,-2591.483,-6099.463,7.052,1.027,2.436,0.0,LISTENING
1841.9,2497.592,-2579.077,-6070.001,7.018,1.062,2.518,0.0,SENSING
1841.9,2497.592,-2579.077,-6070.001,7.018,1.062,2.518,0.0,LISTENING
1850.0,2554.307,-2570.396,-6049.388,6.995,1.085,2.574,0.0,SENSING
1850.0,2554.307,-2570.396,-6049.388,6.995,1.085,2.574,0.0,LISTENING
1870.0,2693.519,-2548.144,-5996.565,6.936,1.144,2.711,0.0,SENSING
1870.0,2693.519,-2548.144,-5996.565,6.936,1.144,2.711,0.0,LISTENING
1880.0,2762.67,-2536.585,-5969.131,6.904,1.172,2.779,0.0,SENSING
1880.0,2762.67,-2536.585,-5969.131,6.904,1.172,2.779,0.0,LISTENING
1890.82,2837.138,-2523.754,-5938.682,6.87,1.204,2.852,0.0,SENSING
1890.82,2837.138,-2523.754,-5938.682,6.87,1.204,2.852,0.0,LISTENING
1900.0,2900.023,-2512.604,-5912.229,6.84,1.23,2.914,0.0,SENSING
1900.0,2900.023,-2512.604,-5912.229,6.84,1.23,2.914,0.0,LISTENING
1910.0,2968.209,-2500.186,-5882.768,6.807,1.258,2.981,0.0,SENSING
1910.0,2968.209,-2500.186,-5882.768,6.807,1.258,2.981,0.0,LISTENING
1939.84,3169.64,-2461.448,-5790.891,6.702,1.342,3.179,0.0,SENSING
1939.84,3169.64,-2461.448,-5790.891,6.702,1.342,3.179,0.0,LISTENING
1990.0,3500.895,-2390.745,-5623.271,6.512,1.481,3.506,0.0,SENSING
1990.0,3500.895,-2390.745,-5623.271,6.512,1.481,3.506,0.0,LISTENING
2000.0,3565.766,-2375.825,-5587.91,6.471,1.508,3.57,0.0,SENSING
2000.0,3565.766,-2375.825,-5587.91,6.471,1.508,3.57,0.0,LISTENING
2031.98,3770.455,-2326.306,-5470.568,6.338,1.594,3.772,0.0,SENSING
2031.98,3770.455,-2326.306,-5470.568,6.338,1.594,3.772,0.0,LISTENING
2040.0,3821.107,-2313.461,-5440.134,6.303,1.615,3.822,0.0,SENSING
2040.0,3821.107,-2313.461,-5440.134,6.303,1.615,3.822,0.0,LISTENING
2045.41,3855.117,-2304.7,-5419.379,6.279,1.629,3.855,0.0,SENSING
2045.41,3855.117,-2304.7,-5419.379,6.279,1.629,3.855,0.0,LISTENING
2050.0,3883.871,-2297.207,-5401.627,6.259,1.641,3.884,0.0,SENSING
2050.0,3883.871,-2297.207,-5401.627,6.259,1.641,3.884,0.0,LISTENING
2056.27,3922.998,-2286.882,-5377.168,6.231,1.658,3.922,0.0,SENSING
2056.27,3922.998,-2286.882,-5377.168,6.231,1.658,3.922,0.0,LISTENING
2060.0,3946.191,-2280.691,-5362.503,6.214,1.668,3.945,0.0,SENSING
2060.0,3946.191,-2280.691,-5362.503,6.214,1.668,3.945,0.0,LISTENING
2070.0,4008.06,-2263.915,-5322.767,6.169,1.694,4.006,0.0,SENSING
2070.0,4008.06,-2263.915,-5322.767,6.169,1.694,4.006,0.0,LISTENING
2075.87,4044.165,-2253.948,-5299.158,6.142,1.709,4.042,0.0,SENSING
2075.87,4044.165,-2253.948,-5299.158,6.142,1.709,4.042,0.0,LISTENING
2080.0,4069.472,-2246.882,-5282.422,6.122,1.719,4.067,0.0,SENSING
2080.0,4069.472,-2246.882,-5282.422,6.122,1.719,4.067,0.0,LISTENING
2091.97,4142.37,-2226.156,-5233.336,6.066,1.75,4.139,0.0,SENSING
2091.97,4142.37,-2226.156,-5233.336,6.066,1.75,4.139,0.0,LISTENING
2100.0,4190.894,-2212.048,-5199.926,6.028,1.77,4.187,0.0,SENSING
2100.0,4190.894,-2212.048,-5199.926,6.028,1.77,4.187,0.0,LISTENING
2100.0,4190.894,-2212.048,-5199.926,6.028,1.77,4.187,0.0,SENSING
2100.0,4190.894,-2212.048,-5199.926,6.028,1.77,4.187,0.0,LISTENING
2110.0,4250.89,-2194.252,-5157.784,5.98,1.795,4.246,0.0,SENSING
2110.0,4250.89,-2194.252,-5157.784,5.98,1.795,4.246,0.0,LISTENING
2126.64,4349.643,-2164.085,-5086.354,5.898,1.837,4.344,0.0,SENSING
2126.64,4349.643,-2164.085,-5086.354,5.898,1.837,4.344,0.0,LISTENING
2150.0,4485.944,-2120.584,-4983.364,5.78,1.894,4.478,0.0,SENSING
2150.0,4485.944,-2120.584,-4983.364,5.78,1.894,4.478,0.0,LISTENING
2160.0,4543.441,-2101.556,-4938.32,5.728,1.918,4.535,0.0,SENSING
2160.0,4543.441,-2101.556,-4938.32,5.728,1.918,4.535,0.0,LISTENING
2171.21,4607.277,-2079.941,-4887.154,5.669,1.945,4.598,0.0,SENSING
2171.21,4607.277,-2079.941,-4887.154,5.669,1.945,4.598,0.0,LISTENING
2190.0,4712.785,-2043.042,-4799.816,5.569,1.989,4.702,0.0,SENSING
2190.0,4712.785,-2043.042,-4799.816,5.569,1.989,4.702,0.0,LISTENING
2203.1,4785.219,-2016.828,-4737.775,5.497,2.02,4.774,0.0,SENSING
2203.1,4785.219,-2016.828,-4737.775,5.497,2.02,4.774,0.0,LISTENING
2210.0,4822.993,-2002.861,-4704.721,5.459,2.036,4.812,0.0,SENSING
2210.0,4822.993,-2002.861,-4704.721,5.459,2.036,4.812,0.0,LISTENING
2220.74,4881.265,-1980.905,-4652.762,5.4,2.06,4.869,0.0,SENSING
2220.74,4881.265,-1980.905,-4652.762,5.4,2.06,4.869,0.0,LISTENING
2230.0,4930.99,-1961.764,-4607.468,5.348,2.081,4.918,0.0,SENSING
2230.0,4930.99,-1961.764,-4607.468,5.348,2.081,4.918,0.0,LISTENING
2237.04,4968.469,-1947.083,-4572.73,5.308,2.097,4.955,0.0,SENSING
2237.04,4968.469,-1947.083,-4572.73,5.308,2.097,4.955,0.0,LISTENING
2240.0,4984.143,-1940.878,-4558.046,5.291,2.104,4.971,0.0,SENSING
2240.0,4984.143,-1940.878,-4558.046,5.291,2.104,4.971,0.0,LISTENING
2265.39,5116.517,-1886.855,-4430.228,5.143,2.159,5.102,0.0,SENSING
2265.39,5116.517,-1886.855,-4430.228,5.143,2.159,5.102,0.0,LISTENING
2300.0,5290.845,-1810.979,-4250.731,4.936,2.233,5.275,0.0,SENSING
2300.0,5290.845,-1810.979,-4250.731,4.936,2.233,5.275,0.0,LISTENING
2300.0,5290.845,-1810.979,-4250.731,4.936,2.233,5.275,0.0,SENSING
2300.0,5290.845,-1810.979,-4250.731,4.936,2.233,5.275,0.0,LISTENING
2310.19,5340.795,-1788.161,-4196.758,4.874,2.254,5.324,0.0,SENSING
2310.19,5340.795,-1788.161,-4196.758,4.874,2.254,5.324,0.0,LISTENING
2330.0,5436.074,-1743.195,-4090.402,4.751,2.294,5.419,0.0,SENSING
2330.0,5436.074,-1743.195,-4090.402,4.751,2.294,5.419,0.0,LISTENING
2356.06,5557.672,-1682.851,-3947.689,4.587,2.345,5.539,0.0,SENSING
2356.06,5557.672,-1682.851,-3947.689,4.587,2.345,5.539,0.0,LISTENING
2380.0,5665.556,-1626.259,-3813.866,4.432,2.391,5.646,0.0,SENSING
2380.0,5665.556,-1626.259,-3813.866,4.432,2.391,5.646,0.0,LISTENING
2386.94,5696.135,-1609.652,-3774.598,4.387,2.404,5.676,0.0,SENSING
2386.94,5696.135,-1609.652,-3774.598,4.387,2.404,5.676,0.0,LISTENING
2390.0,5709.518,-1602.301,-3757.217,4.367,2.409,5.69,0.0,SENSING
2390.0,5709.518,-1602.301,-3757.217,4.367,2.409,5.69,0.0,LISTENING
2400.0,5752.824,-1578.159,-3700.135,4.301,2.428,5.732,0.0,SENSING
2400.0,5752.824,-1578.159,-3700.135,4.301,2.428,5.732,0.0,LISTENING
2485.39,6095.15,-1364.92,-3196.046,3.717,2.572,6.072,0.0,SENSING
2485.39,6095.15,-1364.92,-3196.046,3.717,2.572,6.072,0.0,LISTENING
2490.0,6112.2,-1353.066,-3168.029,3.685,2.58,6.089,0.0,SENSING
2490.0,6112.2,-1353.066,-3168.029,3.685,2.58,6.089,0.0,LISTENING
3206.13,6773.311,695.036,1665.354,-1.932,2.866,6.743,0.0,SENSING
3206.13,6773.311,695.036,1665.354,-1.932,2.866,6.743,0.0,LISTENING
3230.0,6725.004,763.081,1825.665,-2.118,2.846,6.695,0.0,SENSING
3230.0,6725.004,763.081,1825.665,-2.118,2.846,6.695,0.0,LISTENING
3249.73,6681.732,818.948,1957.269,-2.271,2.828,6.652,0.0,SENSING
3249.73,6681.732,818.948,1957.269,-2.271,2.828,6.652,0.0,LISTENING
3260.0,6658.018,847.885,2025.428,-2.35,2.818,6.628,0.0,SENSING
3260.0,6658.018,847.885,2025.428,-2.35,2.818,6.628,0.0,LISTENING
3265.65,6644.625,863.76,2062.82,-2.394,2.812,6.615,0.0,SENSING
3265.65,6644.625,863.76,2062.82,-2.394,2.812,6.615,0.0,LISTENING
3270.0,6634.147,875.962,2091.557,-2.427,2.808,6.604,0.0,SENSING
3270.0,6634.147,875.962,2091.557,-2.427,2.808,6.604,0.0,LISTENING
3277.89,6614.772,898.043,2143.563,-2.488,2.8,6.585,0.0,SENSING
3277.89,6614.772,898.043,2143.563,-2.488,2.8,6.585,0.0,LISTENING
3278.64,6612.905,900.139,2148.499,-2.493,2.799,6.583,0.0,SENSING
3278.64,6612.905,900.139,2148.499,-2.493,2.799,6.583,0.0,MANEUVERING
3278.64,6612.905,900.139,2148.499,-2.493,2.799,6.583,0.0,LISTENING
3290.0,6584.11,931.809,2223.084,-2.58,2.787,6.554,-11.36,MANEUVERING
3290.0,6584.11,931.809,2223.084,-2.58,2.787,6.554,-11.36,SENSING
3290.0,6584.11,931.809,2223.084,-2.58,2.787,6.554,-11.36,MANEUVERING
3290.0,6584.11,931.809,2223.084,-2.58,2.787,6.554,-11.36,LISTENING
3303.03,6549.873,967.964,2308.224,-2.679,2.773,6.52,-24.39,MANEUVERING
3303.03,6549.873,967.964,2308.224,-2.679,2.773,6.52,-24.39,SENSING
3303.03,6549.873,967.964,2308.224,-2.679,2.773,6.52,-24.39,MANEUVERING
3303.03,6549.873,967.964,2308.224,-2.679,2.773,6.52,-24.39,LISTENING
3310.0,6531.031,987.227,2353.583,-2.731,2.765,6.502,-31.36,MANEUVERING
3310.0,6531.031,987.227,2353.583,-2.731,2.765,6.502,-31.36,SENSING
3310.0,6531.031,987.227,2353.583,-2.731,2.765,6.502,-31.36,MEASURING
3310.0,6531.031,987.227,2353.583,-2.731,2.765,6.502,-31.36,SENSING
3310.0,6531.031,987.227,2353.583,-2.731,2.765,6.502,-31.36,LISTENING
3315.06,6517.123,1001.176,2386.429,-2.77,2.759,6.488,-31.36,SENSING
3315.06,6517.123,1001.176,2386.429,-2.77,2.759,6.488,-31.36,LISTENING
3330.0,6474.937,1042.19,2482.995,-2.882,2.741,6.446,-31.36,SENSING
3330.0,6474.937,1042.19,2482.995,-2.882,2.741,6.446,-31.36,MEASURING
3330.0,6474.937,1042.19,2482.995,-2.882,2.741,6.446,-31.36,SENSING
3330.0,6474.937,1042.19,2482.995,-2.882,2.741,6.446,-31.36,LISTENING
3340.0,6445.767,1069.492,2547.275,-2.956,2.729,6.417,-31.36,SENSING
3340.0,6445.767,1069.492,2547.275,-2.956,2.729,6.417,-31.36,MEASURING
3340.0,6445.767,1069.492,2547.275,-2.956,2.729,6.417,-31.36,SENSING
3340.0,6445.767,1069.492,2547.275,-2.956,2.729,6.417,-31.36,LISTENING
3350.0,6415.854,1096.672,2611.26,-3.031,2.717,6.387,-31.36,SENSING
3350.0,6415.854,1096.672,2611.26,-3.031,2.717,6.387,-31.36,MEASURING
3350.0,6415.854,1096.672,2611.26,-3.031,2.717,6.387,-31.36,SENSING
3350.0,6415.854,1096.672,2611.26,-3.031,2.717,6.387,-31.36,LISTENING
3355.3,6399.699,1111.027,2645.051,-3.07,2.71,6.371,-31.36,SENSING
3355.3,6399.699,1111.027,2645.051,-3.07,2.71,6.371,-31.36,LISTENING
3360.0,6385.2,1123.726,2674.944,-3.105,2.704,6.356,-31.36,SENSING
3360.0,6385.2,1123.726,2674.944,-3.105,2.704,6.356,-31.36,LISTENING
3371.93,6347.666,1155.831,2750.515,-3.192,2.688,6.319,-31.36,SENSING
3371.93,6347.666,1155.831,2750.515,-3.192,2.688,6.319,-31.36,MANEUVERING
3371.93,6347.666,1155.831,2750.515,-3.192,2.688,6.319,-31.36,LISTENING
3372.88,6344.632,1158.38,2756.514,-3.199,2.687,6.316,-30.41,MANEUVERING
3372.88,6344.632,1158.38,2756.514,-3.199,2.687,6.316,-30.41,SENSING
3372.88,6344.632,1158.38,2756.514,-3.199,2.687,6.316,-30.41,MANEUVERING
3372.88,6344.632,1158.38,2756.514,-3.199,2.687,6.316,-30.41,LISTENING
3380.0,6321.685,1177.442,2801.379,-3.251,2.677,6.293,-23.29,MANEUVERING
3380.0,6321.685,1177.442,2801.379,-3.251,2.677,6.293,-23.29,SENSING
3380.0,6321.685,1177.442,2801.379,-3.251,2.677,6.293,-23.29,MANEUVERING
3380.0,6321.685,1177.442,2801.379,-3.251,2.677,6.293,-23.29,LISTENING
3400.0,6255.254,1230.616,2926.521,-3.396,2.65,6.227,-3.29,MANEUVERING
3400.0,6255.254,1230.616,2926.521,-3.396,2.65,6.227,-3.29,SENSING
3400.0,6255.254,1230.616,2926.521,-3.396,2.65,6.227,-3.29,MANEUVERING
3400.0,6255.254,1230.616,2926.521,-3.396,2.65,6.227,-3.29,LISTENING
3430.0,6150.208,1309.307,3111.684,-3.611,2.606,6.122,26.71,MANEUVERING
3430.0,6150.208,1309.307,3111.684,-3.611,2.606,6.122,26.71,SENSING
3430.0,6150.208,1309.307,3111.684,-3.611,2.606,6.122,26.71,MEASURING
3430.0,6150.208,1309.307,3111.684,-3.611,2.606,6.122,26.71,SENSING
3430.0,6150.208,1309.307,3111.684,-3.611,2.606,6.122,26.71,LISTENING
3439.65,6115.057,1334.336,3170.567,-3.679,2.591,6.087,26.71,SENSING
3439.65,6115.057,1334.336,3170.567,-3.679,2.591,6.087,26.71,MANEUVERING
3439.65,6115.057,1334.336,3170.567,-3.679,2.591,6.087,26.71,LISTENING
3461.42,6033.353,1390.27,3302.146,-3.832,2.557,6.006,4.94,MANEUVERING
3461.42,6033.353,1390.27,3302.146,-3.832,2.557,6.006,4.94,SENSING
3461.42,6033.353,1390.27,3302.146,-3.832,2.557,6.006,4.94,MANEUVERING
3461.42,6033.353,1390.27,3302.146,-3.832,2.557,6.006,4.94,LISTENING
3480.0,5961.014,1437.41,3413.021,-3.96,2.526,5.934,-13.64,MANEUVERING
3480.0,5961.014,1437.41,3413.021,-3.96,2.526,5.934,-13.64,SENSING
3480.0,5961.014,1437.41,3413.021,-3.96,2.526,5.934,-13.64,MANEUVERING
3480.0,5961.014,1437.41,3413.021,-3.96,2.526,5.934,-13.64,LISTENING
3490.0,5921.097,1462.546,3472.136,-4.029,2.51,5.895,-23.64,MANEUVERING
3490.0,5921.097,1462.546,3472.136,-4.029,2.51,5.895,-23.64,SENSING
3490.0,5921.097,1462.546,3472.136,-4.029,2.51,5.895,-23.64,MEASURING
3490.0,5921.097,1462.546,3472.136,-4.029,2.51,5.895,-23.64,SENSING
3490.0,5921.097,1462.546,3472.136,-4.029,2.51,5.895,-23.64,LISTENING
3499.69,5881.767,1486.743,3529.037,-4.095,2.493,5.856,-23.64,SENSING
3499.69,5881.767,1486.743,3529.037,-4.095,2.493,5.856,-23.64,LISTENING
3515.4,5816.655,1525.631,3620.475,-4.2,2.466,5.791,-23.64,SENSING
3515.4,5816.655,1525.631,3620.475,-4.2,2.466,5.791,-23.64,MANEUVERING
3515.4,5816.655,1525.631,3620.475,-4.2,2.466,5.791,-23.64,LISTENING
3520.0,5797.276,1536.936,3647.055,-4.231,2.458,5.772,-19.04,MANEUVERING
3520.0,5797.276,1536.936,3647.055,-4.231,2.458,5.772,-19.04,SENSING
3520.0,5797.276,1536.936,3647.055,-4.231,2.458,5.772,-19.04,MEASURING
3520.0,5797.276,1536.936,3647.055,-4.231,2.458,5.772,-19.04,SENSING
3520.0,5797.276,1536.936,3647.055,-4.231,2.458,5.772,-19.04,LISTENING
3530.0,5754.661,1561.383,3704.53,-4.298,2.44,5.729,-19.04,SENSING
3530.0,5754.661,1561.383,3704.53,-4.298,2.44,5.729,-19.04,MEASURING
3530.0,5754.661,1561.383,3704.53,-4.298,2.44,5.729,-19.04,SENSING
3530.0,5754.661,1561.383,3704.53,-4.298,2.44,5.729,-19.04,LISTENING
3536.57,5726.302,1577.348,3742.06,-4.341,2.428,5.701,-19.04,SENSING
3536.57,5726.302,1577.348,3742.06,-4.341,2.428,5.701,-19.04,MANEUVERING
3536.57,5726.302,1577.348,3742.06,-4.341,2.428,5.701,-19.04,LISTENING
3540.0,5711.384,1585.651,3761.579,-4.364,2.422,5.686,-15.61,MANEUVERING
3540.0,5711.384,1585.651,3761.579,-4.364,2.422,5.686,-15.61,SENSING
3540.0,5711.384,1585.651,3761.579,-4.364,2.422,5.686,-15.61,MANEUVERING
3540.0,5711.384,1585.651,3761.579,-4.364,2.422,5.686,-15.61,LISTENING
3546.39,5683.385,1601.064,3797.807,-4.406,2.41,5.658,-9.22,MANEUVERING
3546.39,5683.385,1601.064,3797.807,-4.406,2.41,5.658,-9.22,SENSING
3546.39,5683.385,1601.064,3797.807,-4.406,2.41,5.658,-9.22,MANEUVERING
3546.39,5683.385,1601.064,3797.807,-4.406,2.41,5.658,-9.22,LISTENING
3550.0,5667.45,1609.738,3818.195,-4.429,2.404,5.643,-5.61,MANEUVERING
3550.0,5667.45,1609.738,3818.195,-4.429,2.404,5.643,-5.61,SENSING
3550.0,5667.45,1609.738,3818.195,-4.429,2.404,5.643,-5.61,MEASURING
3550.0,5667.45,1609.738,3818.195,-4.429,2.404,5.643,-5.61,SENSING
3550.0,5667.45,1609.738,3818.195,-4.429,2.404,5.643,-5.61,LISTENING
3557.27,5635.1,1627.132,3859.079,-4.477,2.39,5.61,-5.61,SENSING
3557.27,5635.1,1627.132,3859.079,-4.477,2.39,5.61,-5.61,MANEUVERING
3557.27,5635.1,1627.132,3859.079,-4.477,2.39,5.61,-5.61,LISTENING
3560.0,5622.864,1633.639,3874.371,-4.494,2.385,5.598,-8.34,MANEUVERING
3560.0,5622.864,1633.639,3874.371,-4.494,2.385,5.598,-8.34,SENSING
3560.0,5622.864,1633.639,3874.371,-4.494,2.385,5.598,-8.34,MEASURING
3560.0,5622.864,1633.639,3874.371,-4.494,2.385,5.598,-8.34,SENSING
3560.0,5622.864,1633.639,3874.371,-4.494,2.385,5.598,-8.34,LISTENING
3565.51,5598.021,1646.729,3905.135,-4.53,2.375,5.574,-8.34,SENSING
3565.51,5598.021,1646.729,3905.135,-4.53,2.375,5.574,-8.34,MANEUVERING
3565.51,5598.021,1646.729,3905.135,-4.53,2.375,5.574,-8.34,LISTENING
3566.65,5592.856,1649.43,3911.483,-4.537,2.373,5.569,-9.48,MANEUVERING
3566.65,5592.856,1649.43,3911.483,-4.537,2.373,5.569,-9.48,SENSING
3566.65,5592.856,1649.43,3911.483,-4.537,2.373,5.569,-9.48,MANEUVERING
3566.65,5592.856,1649.43,3911.483,-4.537,2.373,5.569,-9.48,LISTENING
3570.0,5577.632,1657.353,3930.102,-4.559,2.366,5.553,-12.83,MANEUVERING
3570.0,5577.632,1657.353,3930.102,-4.559,2.366,5.553,-12.83,SENSING
3570.0,5577.632,1657.353,3930.102,-4.559,2.366,5.553,-12.83,MANEUVERING
3570.0,5577.632,1657.353,3930.102,-4.559,2.366,5.553,-12.83,LISTENING
3580.0,5531.758,1680.877,3985.381,-4.623,2.347,5.508,-22.83,MANEUVERING
3580.0,5531.758,1680.877,3985.381,-4.623,2.347,5.508,-22.83,SENSING
3580.0,5531.758,1680.877,3985.381,-4.623,2.347,5.508,-22.83,MEASURING
3580.0,5531.758,1680.877,3985.381,-4.623,2.347,5.508,-22.83,SENSING
3580.0,5531.758,1680.877,3985.381,-4.623,2.347,5.508,-22.83,LISTENING
3590.0,5485.248,1704.207,4040.201,-4.686,2.328,5.462,-22.83,SENSING
3590.0,5485.248,1704.207,4040.201,-4.686,2.328,5.462,-22.83,MEASURING
3590.0,5485.248,1704.207,4040.201,-4.686,2.328,5.462,-22.83,SENSING
3590.0,5485.248,1704.207,4040.201,-4.686,2.328,5.462,-22.83,LISTENING
3596.38,5455.245,1718.991,4074.935,-4.726,2.315,5.432,-22.83,SENSING
3596.38,5455.245,1718.991,4074.935,-4.726,2.315,5.432,-22.83,LISTENING
3596.68,5453.828,1719.684,4076.563,-4.728,2.314,5.431,-22.83,SENSING
3596.68,5453.828,1719.684,4076.563,-4.728,2.314,5.431,-22.83,MANEUVERING
3596.68,5453.828,1719.684,4076.563,-4.728,2.314,5.431,-22.83,LISTENING
3600.0,5438.108,1727.343,4094.557,-4.749,2.308,5.415,-19.51,MANEUVERING
3600.0,5438.108,1727.343,4094.557,-4.749,2.308,5.415,-19.51,SENSING
3600.0,5438.108,1727.343,4094.557,-4.749,2.308,5.415,-19.51,MEASURING
3600.0,5438.108,1727.343,4094.557,-4.749,2.308,5.415,-19.51,SENSING
3600.0,5438.108,1727.343,4094.557,-4.749,2.308,5.415,-19.51,LISTENING
3607.24,5403.588,1743.97,4133.618,-4.794,2.293,5.381,-19.51,SENSING
3607.24,5403.588,1743.97,4133.618,-4.794,2.293,5.381,-19.51,MANEUVERING
3607.24,5403.588,1743.97,4133.618,-4.794,2.293,5.381,-19.51,LISTENING
3610.0,5390.343,1750.281,4148.443,-4.811,2.288,5.368,-16.75,MANEUVERING
3610.0,5390.343,1750.281,4148.443,-4.811,2.288,5.368,-16.75,SENSING
3610.0,5390.343,1750.281,4148.443,-4.811,2.288,5.368,-16.75,MEASURING
3610.0,5390.343,1750.281,4148.443,-4.811,2.288,5.368,-16.75,SENSING
3610.0,5390.343,1750.281,4148.443,-4.811,2.288,5.368,-16.75,LISTENING
3615.99,5361.435,1763.924,4180.492,-4.848,2.276,5.339,-16.75,SENSING
3615.99,5361.435,1763.924,4180.492,-4.848,2.276,5.339,-16.75,LISTENING
3620.0,5341.959,1773.017,4201.851,-4.873,2.268,5.32,-16.75,SENSING
3620.0,5341.959,1773.017,4201.851,-4.873,2.268,5.32,-16.75,MEASURING
3620.0,5341.959,1773.017,4201.851,-4.873,2.268,5.32,-16.75,SENSING
3620.0,5341.959,1773.017,4201.851,-4.873,2.268,5.32,-16.75,LISTENING
3630.0,5292.961,1795.551,4254.777,-4.934,2.247,5.271,-16.75,SENSING
3630.0,5292.961,1795.551,4254.777,-4.934,2.247,5.271,-16.75,MEASURING
3630.0,5292.961,1795.551,4254.777,-4.934,2.247,5.271,-16.75,SENSING
3630.0,5292.961,1795.551,4254.777,-4.934,2.247,5.271,-16.75,LISTENING
3640.0,5243.355,1817.879,4307.214,-4.994,2.226,5.222,-16.75,SENSING
3640.0,5243.355,1817.879,4307.214,-4.994,2.226,5.222,-16.75,LISTENING
3650.0,5193.147,1839.999,4359.156,-5.054,2.205,5.172,-16.75,SENSING
3650.0,5193.147,1839.999,4359.156,-5.054,2.205,5.172,-16.75,MEASURING
3650.0,5193.147,1839.999,4359.156,-5.054,2.205,5.172,-16.75,SENSING
3650.0,5193.147,1839.999,4359.156,-5.054,2.205,5.172,-16.75,LISTENING
3660.0,5142.344,1861.907,4410.597,-5.114,2.184,5.122,-16.75,SENSING
3660.0,5142.344,1861.907,4410.597,-5.114,2.184,5.122,-16.75,LISTENING
3665.28,5115.281,1873.39,4437.554,-5.145,2.173,5.095,-16.75,SENSING
3665.28,5115.281,1873.39,4437.554,-5.145,2.173,5.095,-16.75,MANEUVERING
3665.28,5115.281,1873.39,4437.554,-5.145,2.173,5.095,-16.75,LISTENING
3670.0,5090.95,1883.603,4461.532,-5.172,2.163,5.071,-21.47,MANEUVERING
3670.0,5090.95,1883.603,4461.532,-5.172,2.163,5.071,-21.47,SENSING
3670.0,5090.95,1883.603,4461.532,-5.172,2.163,5.071,-21.47,MEASURING
3670.0,5090.95,1883.603,4461.532,-5.172,2.163,5.071,-21.47,SENSING
3670.0,5090.95,1883.603,4461.532,-5.172,2.163,5.071,-21.47,LISTENING
3680.98,5033.847,1907.177,4516.869,-5.236,2.139,5.014,-21.47,SENSING
3680.98,5033.847,1907.177,4516.869,-5.236,2.139,5.014,-21.47,LISTENING
3700.0,4933.288,1947.387,4611.242,-5.345,2.097,4.914,-21.47,SENSING
3700.0,4933.288,1947.387,4611.242,-5.345,2.097,4.914,-21.47,MEASURING
3700.0,4933.288,1947.387,4611.242,-5.345,2.097,4.914,-21.47,SENSING
3700.0,4933.288,1947.387,4611.242,-5.345,2.097,4.914,-21.47,LISTENING
3709.82,4880.566,1967.833,4659.221,-5.4,2.075,4.862,-21.47,SENSING
3709.82,4880.566,1967.833,4659.221,-5.4,2.075,4.862,-21.47,LISTENING
3720.0,4825.341,1988.799,4708.414,-5.457,2.052,4.807,-21.47,SENSING
3720.0,4825.341,1988.799,4708.414,-5.457,2.052,4.807,-21.47,LISTENING
3723.93,4803.868,1996.83,4727.255,-5.479,2.043,4.786,-21.47,SENSING
3723.93,4803.868,1996.83,4727.255,-5.479,2.043,4.786,-21.47,MANEUVERING
3723.93,4803.868,1996.83,4727.255,-5.479,2.043,4.786,-21.47,LISTENING
3730.0,4770.535,2009.166,4756.192,-5.512,2.029,4.753,-27.54,MANEUVERING
3730.0,4770.535,2009.166,4756.192,-5.512,2.029,4.753,-27.54,SENSING
3730.0,4770.535,2009.166,4756.192,-5.512,2.029,4.753,-27.54,MEASURING
3730.0,4770.535,2009.166,4756.192,-5.512,2.029,4.753,-27.54,SENSING
3730.0,4770.535,2009.166,4756.192,-5.512,2.029,4.753,-27.54,LISTENING
3746.52,4678.801,2042.306,4833.926,-5.601,1.99,4.662,-27.54,SENSING
3746.52,4678.801,2042.306,4833.926,-5.601,1.99,4.662,-27.54,LISTENING
3753.78,4638.023,2056.67,4867.611,-5.64,1.973,4.622,-27.54,SENSING
3753.78,4638.023,2056.67,4867.611,-5.64,1.973,4.622,-27.54,MANEUVERING
3753.78,4638.023,2056.67,4867.611,-5.64,1.973,4.622,-27.54,LISTENING
3760.0,4602.863,2068.877,4896.236,-5.673,1.959,4.587,-21.32,MANEUVERING
3760.0,4602.863,2068.877,4896.236,-5.673,1.959,4.587,-21.32,SENSING
3760.0,4602.863,2068.877,4896.236,-5.673,1.959,4.587,-21.32,MEASURING
3760.0,4602.863,2068.877,4896.236,-5.673,1.959,4.587,-21.32,SENSING
3760.0,4602.863,2068.877,4896.236,-5.673,1.959,4.587,-21.32,LISTENING
3770.0,4545.91,2088.311,4941.803,-5.726,1.935,4.531,-21.32,SENSING
3770.0,4545.91,2088.311,4941.803,-5.726,1.935,4.531,-21.32,LISTENING
3776.59,4508.093,2100.988,4971.522,-5.76,1.919,4.493,-21.32,SENSING
3776.59,4508.093,2100.988,4971.522,-5.76,1.919,4.493,-21.32,MANEUVERING
3776.59,4508.093,2100.988,4971.522,-5.76,1.919,4.493,-21.32,LISTENING
3780.0,4488.436,2107.507,4986.803,-5.777,1.911,4.474,-17.91,MANEUVERING
3780.0,4488.436,2107.507,4986.803,-5.777,1.911,4.474,-17.91,SENSING
3780.0,4488.436,2107.507,4986.803,-5.777,1.911,4.474,-17.91,MEASURING
3780.0,4488.436,2107.507,4986.803,-5.777,1.911,4.474,-17.91,SENSING
3780.0,4488.436,2107.507,4986.803,-5.777,1.911,4.474,-17.91,LISTENING
3790.0,4430.449,2126.461,5031.233,-5.828,1.887,4.417,-17.91,SENSING
3790.0,4430.449,2126.461,5031.233,-5.828,1.887,4.417,-17.91,LISTENING
3791.0,4424.622,2128.344,5035.644,-5.833,1.884,4.411,-17.91,SENSING
3791.0,4424.622,2128.344,5035.644,-5.833,1.884,4.411,-17.91,MANEUVERING
3791.0,4424.622,2128.344,5035.644,-5.833,1.884,4.411,-17.91,LISTENING
3800.0,4371.955,2145.174,5075.086,-5.879,1.862,4.359,-26.91,MANEUVERING
3800.0,4371.955,2145.174,5075.086,-5.879,1.862,4.359,-26.91,SENSING
3800.0,4371.955,2145.174,5075.086,-5.879,1.862,4.359,-26.91,MEASURING
3800.0,4371.955,2145.174,5075.086,-5.879,1.862,4.359,-26.91,SENSING
3800.0,4371.955,2145.174,5075.086,-5.879,1.862,4.359,-26.91,LISTENING
3810.0,4312.96,2163.641,5118.36,-5.928,1.838,4.3,-26.91,SENSING
3810.0,4312.96,2163.641,5118.36,-5.928,1.838,4.3,-26.91,MEASURING
3810.0,4312.96,2163.641,5118.36,-5.928,1.838,4.3,-26.91,SENSING
3810.0,4312.96,2163.641,5118.36,-5.928,1.838,4.3,-26.91,LISTENING
3820.0,4253.473,2181.861,5161.047,-5.977,1.813,4.241,-26.91,SENSING
3820.0,4253.473,2181.861,5161.047,-5.977,1.813,4.241,-26.91,MEASURING
3820.0,4253.473,2181.861,5161.047,-5.977,1.813,4.241,-26.91,SENSING
3820.0,4253.473,2181.861,5161.047,-5.977,1.813,4.241,-26.91,LISTENING
3825.15,4222.646,2191.148,5182.801,-6.002,1.8,4.211,-26.91,SENSING
3825.15,4222.646,2191.148,5182.801,-6.002,1.8,4.211,-26.91,LISTENING
3830.0,4193.499,2199.833,5203.144,-6.026,1.788,4.182,-26.91,SENSING
3830.0,4193.499,2199.833,5203.144,-6.026,1.788,4.182,-26.91,MEASURING
3830.0,4193.499,2199.833,5203.144,-6.026,1.788,4.182,-26.91,SENSING
3830.0,4193.499,2199.833,5203.144,-6.026,1.788,4.182,-26.91,LISTENING
3844.44,4106.053,2225.34,5262.881,-6.094,1.751,4.096,-26.91,SENSING
3844.44,4106.053,2225.34,5262.881,-6.094,1.751,4.096,-26.91,MANEUVERING
3844.44,4106.053,2225.34,5262.881,-6.094,1.751,4.096,-26.91,LISTENING
3850.0,4072.12,2235.021,5285.549,-6.12,1.737,4.062,-32.47,MANEUVERING
3850.0,4072.12,2235.021,5285.549,-6.12,1.737,4.062,-32.47,SENSING
3850.0,4072.12,2235.021,5285.549,-6.12,1.737,4.062,-32.47,MEASURING
3850.0,4072.12,2235.021,5285.549,-6.12,1.737,4.062,-32.47,SENSING
3850.0,4072.12,2235.021,5285.549,-6.12,1.737,4.062,-32.47,LISTENING
3857.16,4028.211,2247.372,5314.464,-6.153,1.719,4.019,-32.47,SENSING
3857.16,4028.211,2247.372,5314.464,-6.153,1.719,4.019,-32.47,MANEUVERING
3857.16,4028.211,2247.372,5314.464,-6.153,1.719,4.019,-32.47,LISTENING
3860.0,4010.73,2252.234,5325.847,-6.166,1.712,4.002,-29.63,MANEUVERING
3860.0,4010.73,2252.234,5325.847,-6.166,1.712,4.002,-29.63,SENSING
3860.0,4010.73,2252.234,5325.847,-6.166,1.712,4.002,-29.63,MEASURING
3860.0,4010.73,2252.234,5325.847,-6.166,1.712,4.002,-29.63,SENSING
3860.0,4010.73,2252.234,5325.847,-6.166,1.712,4.002,-29.63,LISTENING
3870.0,3948.881,2269.191,5365.538,-6.212,1.686,3.94,-29.63,SENSING
3870.0,3948.881,2269.191,5365.538,-6.212,1.686,3.94,-29.63,MEASURING
3870.0,3948.881,2269.191,5365.538,-6.212,1.686,3.94,-29.63,SENSING
3870.0,3948.881,2269.191,5365.538,-6.212,1.686,3.94,-29.63,LISTENING
3880.0,3886.581,2285.888,5404.615,-6.257,1.66,3.879,-29.63,SENSING
3880.0,3886.581,2285.888,5404.615,-6.257,1.66,3.879,-29.63,MEASURING
3880.0,3886.581,2285.888,5404.615,-6.257,1.66,3.879,-29.63,SENSING
3880.0,3886.581,2285.888,5404.615,-6.257,1.66,3.879,-29.63,LISTENING
3890.0,3823.838,2302.326,5443.075,-6.301,1.634,3.817,-29.63,SENSING
3890.0,3823.838,2302.326,5443.075,-6.301,1.634,3.817,-29.63,MEASURING
3890.0,3823.838,2302.326,5443.075,-6.301,1.634,3.817,-29.63,SENSING
3890.0,3823.838,2302.326,5443.075,-6.301,1.634,3.817,-29.63,LISTENING
3900.0,3760.658,2318.501,5480.913,-6.344,1.607,3.755,-29.63,SENSING
3900.0,3760.658,2318.501,5480.913,-6.344,1.607,3.755,-29.63,MEASURING
3900.0,3760.658,2318.501,5480.913,-6.344,1.607,3.755,-29.63,SENSING
3900.0,3760.658,2318.501,5480.913,-6.344,1.607,3.755,-29.63,LISTENING
3906.37,3720.189,2328.667,5504.691,-6.371,1.59,3.715,-29.63,SENSING
3906.37,3720.189,2328.667,5504.691,-6.371,1.59,3.715,-29.63,MANEUVERING
3906.37,3720.189,2328.667,5504.691,-6.371,1.59,3.715,-29.63,LISTENING
3910.0,3697.05,2334.413,5518.126,-6.387,1.581,3.692,-26.0,MANEUVERING
3910.0,3697.05,2334.413,5518.126,-6.387,1.581,3.692,-26.0,SENSING
3910.0,3697.05,2334.413,5518.126,-6.387,1.581,3.692,-26.0,MEASURING
3910.0,3697.05,2334.413,5518.126,-6.387,1.581,3.692,-26.0,SENSING
3910.0,3697.05,2334.413,5518.126,-6.387,1.581,3.692,-26.0,LISTENING
3913.48,3674.815,2339.888,5530.929,-6.401,1.571,3.67,-26.0,SENSING
3913.48,3674.815,2339.888,5530.929,-6.401,1.571,3.67,-26.0,LISTENING
3920.0,3633.02,2350.058,5554.71,-6.428,1.554,3.629,-26.0,SENSING
3920.0,3633.02,2350.058,5554.71,-6.428,1.554,3.629,-26.0,MEASURING
3920.0,3633.02,2350.058,5554.71,-6.428,1.554,3.629,-26.0,SENSING
3920.0,3633.02,2350.058,5554.71,-6.428,1.554,3.629,-26.0,LISTENING
3930.0,3568.575,2365.437,5590.66,-6.47,1.527,3.565,-26.0,SENSING
3930.0,3568.575,2365.437,5590.66,-6.47,1.527,3.565,-26.0,LISTENING
3935.44,3533.346,2373.69,5609.949,-6.492,1.512,3.53,-26.0,SENSING
3935.44,3533.346,2373.69,5609.949,-6.492,1.512,3.53,-26.0,MANEUVERING
3935.44,3533.346,2373.69,5609.949,-6.492,1.512,3.53,-26.0,LISTENING
3940.0,3503.724,2380.546,5625.972,-6.51,1.5,3.501,-30.56,MANEUVERING
3940.0,3503.724,2380.546,5625.972,-6.51,1.5,3.501,-30.56,SENSING
3940.0,3503.724,2380.546,5625.972,-6.51,1.5,3.501,-30.56,MEASURING
3940.0,3503.724,2380.546,5625.972,-6.51,1.5,3.501,-30.56,SENSING
3940.0,3503.724,2380.546,5625.972,-6.51,1.5,3.501,-30.56,LISTENING
3946.63,3460.507,2390.415,5649.031,-6.536,1.482,3.458,-30.56,SENSING
3946.63,3460.507,2390.415,5649.031,-6.536,1.482,3.458,-30.56,LISTENING
3950.0,3438.473,2395.385,5660.643,-6.549,1.473,3.437,-30.56,SENSING
3950.0,3438.473,2395.385,5660.643,-6.549,1.473,3.437,-30.56,MEASURING
3950.0,3438.473,2395.385,5660.643,-6.549,1.473,3.437,-30.56,SENSING
3950.0,3438.473,2395.385,5660.643,-6.549,1.473,3.437,-30.56,LISTENING
3960.0,3372.831,2409.951,5694.668,-6.588,1.446,3.372,-30.56,SENSING
3960.0,3372.831,2409.951,5694.668,-6.588,1.446,3.372,-30.56,MEASURING
3960.0,3372.831,2409.951,5694.668,-6.588,1.446,3.372,-30.56,SENSING
3960.0,3372.831,2409.951,5694.668,-6.588,1.446,3.372,-30.56,LISTENING
3967.14,3325.726,2420.184,5718.566,-6.616,1.426,3.325,-30.56,SENSING
3967.14,3325.726,2420.184,5718.566,-6.616,1.426,3.325,-30.56,MANEUVERING
3967.14,3325.726,2420.184,5718.566,-6.616,1.426,3.325,-30.56,LISTENING
3970.0,3306.804,2424.244,5728.045,-6.626,1.418,3.307,-27.7,MANEUVERING
3970.0,3306.804,2424.244,5728.045,-6.626,1.418,3.307,-27.7,SENSING
3970.0,3306.804,2424.244,5728.045,-6.626,1.418,3.307,-27.7,MEASURING
3970.0,3306.804,2424.244,5728.045,-6.626,1.418,3.307,-27.7,SENSING
3970.0,3306.804,2424.244,5728.045,-6.626,1.418,3.307,-27.7,LISTENING
3975.62,3269.531,2432.155,5746.517,-6.647,1.402,3.27,-27.7,SENSING
3975.62,3269.531,2432.155,5746.517,-6.647,1.402,3.27,-27.7,MANEUVERING
3975.62,3269.531,2432.155,5746.517,-6.647,1.402,3.27,-27.7,LISTENING
3980.0,3240.401,2438.261,5760.77,-6.664,1.39,3.241,-23.32,MANEUVERING
3980.0,3240.401,2438.261,5760.77,-6.664,1.39,3.241,-23.32,SENSING
3980.0,3240.401,2438.261,5760.77,-6.664,1.39,3.241,-23.32,MEASURING
3980.0,3240.401,2438.261,5760.77,-6.664,1.39,3.241,-23.32,SENSING
3980.0,3240.401,2438.261,5760.77,-6.664,1.39,3.241,-23.32,LISTENING
3989.11,3179.587,2450.789,5790.01,-6.697,1.365,3.181,-23.32,SENSING
3989.11,3179.587,2450.789,5790.01,-6.697,1.365,3.181,-23.32,LISTENING
3990.0,3173.629,2452.001,5792.838,-6.7,1.363,3.176,-23.32,SENSING
3990.0,3173.629,2452.001,5792.838,-6.7,1.363,3.176,-23.32,MEASURING
3990.0,3173.629,2452.001,5792.838,-6.7,1.363,3.176,-23.32,SENSING
3990.0,3173.629,2452.001,5792.838,-6.7,1.363,3.176,-23.32,LISTENING
3997.41,3123.918,2462.003,5816.175,-6.727,1.342,3.127,-23.32,SENSING
3997.41,3123.918,2462.003,5816.175,-6.727,1.342,3.127,-23.32,MANEUVERING
3997.41,3123.918,2462.003,5816.175,-6.727,1.342,3.127,-23.32,LISTENING
4000.0,3106.496,2465.462,5824.246,-6.736,1.335,3.109,-25.91,MANEUVERING
4000.0,3106.496,2465.462,5824.246,-6.736,1.335,3.109,-25.91,SENSING
4000.0,3106.496,2465.462,5824.246,-6.736,1.335,3.109,-25.91,MEASURING
4000.0,3106.496,2465.462,5824.246,-6.736,1.335,3.109,-25.91,SENSING
4000.0,3106.496,2465.462,5824.246,-6.736,1.335,3.109,-25.91,LISTENING
4010.0,3039.009,2478.644,5854.992,-6.771,1.306,3.043,-25.91,SENSING
4010.0,3039.009,2478.644,5854.992,-6.771,1.306,3.043,-25.91,MEASURING
4010.0,3039.009,2478.644,5854.992,-6.771,1.306,3.043,-25.91,SENSING
4010.0,3039.009,2478.644,5854.992,-6.771,1.306,3.043,-25.91,LISTENING
4016.27,2996.519,2486.766,5873.93,-6.792,1.289,3.001,-25.91,SENSING
4016.27,2996.519,2486.766,5873.93,-6.792,1.289,3.001,-25.91,MANEUVERING
4016.27,2996.519,2486.766,5873.93,-6.792,1.289,3.001,-25.91,LISTENING
4020.0,2971.177,2491.545,5885.072,-6.805,1.278,2.976,-29.64,MANEUVERING
4020.0,2971.177,2491.545,5885.072,-6.805,1.278,2.976,-29.64,SENSING
4020.0,2971.177,2491.545,5885.072,-6.805,1.278,2.976,-29.64,MEASURING
4020.0,2971.177,2491.545,5885.072,-6.805,1.278,2.976,-29.64,SENSING
4020.0,2971.177,2491.545,5885.072,-6.805,1.278,2.976,-29.64,LISTENING
4026.38,2927.723,2499.628,5903.913,-6.826,1.26,2.933,-29.64,SENSING
4026.38,2927.723,2499.628,5903.913,-6.826,1.26,2.933,-29.64,MANEUVERING
4026.38,2927.723,2499.628,5903.913,-6.826,1.26,2.933,-29.64,LISTENING
4030.0,2903.007,2504.162,5914.482,-6.839,1.25,2.909,-26.02,MANEUVERING
4030.0,2903.007,2504.162,5914.482,-6.839,1.25,2.909,-26.02,SENSING
4030.0,2903.007,2504.162,5914.482,-6.839,1.25,2.909,-26.02,MEASURING
4030.0,2903.007,2504.162,5914.482,-6.839,1.25,2.909,-26.02,SENSING
4030.0,2903.007,2504.162,5914.482,-6.839,1.25,2.909,-26.02,LISTENING
4040.0,2834.507,2516.496,5943.22,-6.871,1.221,2.841,-26.02,SENSING
4040.0,2834.507,2516.496,5943.22,-6.871,1.221,2.841,-26.02,MEASURING
4040.0,2834.507,2516.496,5943.22,-6.871,1.221,2.841,-26.02,SENSING
4040.0,2834.507,2516.496,5943.22,-6.871,1.221,2.841,-26.02,LISTENING
4050.0,2765.685,2528.545,5971.282,-6.903,1.193,2.774,-26.02,SENSING
4050.0,2765.685,2528.545,5971.282,-6.903,1.193,2.774,-26.02,MEASURING
4050.0,2765.685,2528.545,5971.282,-6.903,1.193,2.774,-26.02,SENSING
4050.0,2765.685,2528.545,5971.282,-6.903,1.193,2.774,-26.02,LISTENING
4055.17,2729.981,2534.662,5985.524,-6.919,1.178,2.739,-26.02,SENSING
4055.17,2729.981,2534.662,5985.524,-6.919,1.178,2.739,-26.02,MANEUVERING
4055.17,2729.981,2534.662,5985.524,-6.919,1.178,2.739,-26.02,LISTENING
4060.0,2696.549,2540.307,5998.665,-6.934,1.164,2.706,-30.85,MANEUVERING
4060.0,2696.549,2540.307,5998.665,-6.934,1.164,2.706,-30.85,SENSING
4060.0,2696.549,2540.307,5998.665,-6.934,1.164,2.706,-30.85,MEASURING
4060.0,2696.549,2540.307,5998.665,-6.934,1.164,2.706,-30.85,SENSING
4060.0,2696.549,2540.307,5998.665,-6.934,1.164,2.706,-30.85,LISTENING
4070.0,2627.107,2551.781,6025.367,-6.964,1.135,2.637,-30.85,SENSING
4070.0,2627.107,2551.781,6025.367,-6.964,1.135,2.637,-30.85,MEASURING
4070.0,2627.107,2551.781,6025.367,-6.964,1.135,2.637,-30.85,SENSING
4070.0,2627.107,2551.781,6025.367,-6.964,1.135,2.637,-30.85,LISTENING
4076.13,2584.39,2558.671,6041.397,-6.982,1.117,2.595,-30.85,SENSING
4076.13,2584.39,2558.671,6041.397,-6.982,1.117,2.595,-30.85,MANEUVERING
4076.13,2584.39,2558.671,6041.397,-6.982,1.117,2.595,-30.85,LISTENING
4080.0,2557.366,2562.966,6051.384,-6.994,1.106,2.569,-26.98,MANEUVERING
4080.0,2557.366,2562.966,6051.384,-6.994,1.106,2.569,-26.98,SENSING
4080.0,2557.366,2562.966,6051.384,-6.994,1.106,2.569,-26.98,MEASURING
4080.0,2557.366,2562.966,6051.384,-6.994,1.106,2.569,-26.98,SENSING
4080.0,2557.366,2562.966,6051.384,-6.994,1.106,2.569,-26.98,LISTENING
4085.99,2515.452,2569.526,6066.64,-7.011,1.089,2.528,-26.98,SENSING
4085.99,2515.452,2569.526,6066.64,-7.011,1.089,2.528,-26.98,MANEUVERING
4085.99,2515.452,2569.526,6066.64,-7.011,1.089,2.528,-26.98,LISTENING
4090.0,2487.335,2573.86,6076.715,-7.022,1.077,2.5,-22.97,MANEUVERING
4090.0,2487.335,2573.86,6076.715,-7.022,1.077,2.5,-22.97,SENSING
4090.0,2487.335,2573.86,6076.715,-7.022,1.077,2.5,-22.97,MEASURING
4090.0,2487.335,2573.86,6076.715,-7.022,1.077,2.5,-22.97,SENSING
4090.0,2487.335,2573.86,6076.715,-7.022,1.077,2.5,-22.97,LISTENING
4096.43,2442.155,2580.712,6092.638,-7.04,1.058,2.455,-22.97,SENSING
4096.43,2442.155,2580.712,6092.638,-7.04,1.058,2.455,-22.97,MANEUVERING
4096.43,2442.155,2580.712,6092.638,-7.04,1.058,2.455,-22.97,LISTENING
4100.0,2417.022,2584.464,6101.355,-7.05,1.048,2.431,-26.54,MANEUVERING
4100.0,2417.022,2584.464,6101.355,-7.05,1.048,2.431,-26.54,SENSING
4100.0,2417.022,2584.464,6101.355,-7.05,1.048,2.431,-26.54,MEASURING
4100.0,2417.022,2584.464,6101.355,-7.05,1.048,2.431,-26.54,SENSING
4100.0,2417.022,2584.464,6101.355,-7.05,1.048,2.431,-26.54,MESSAGING
4100.0,2417.022,2584.464,6101.355,-7.05,1.048,2.431,-26.54,MESSAGING
4100.0,2417.022,2584.464,6101.355,-7.05,1.048,2.431,-26.54,SENSING
4100.0,2417.022,2584.464,6101.355,-7.05,1.048,2.431,-26.54,MEASURING
4100.0,2417.022,2584.464,6101.355,-7.05,1.048,2.431,-26.54,MESSAGING
4100.0,2417.022,2584.464,6101.355,-7.05,1.048,2.431,-26.54,SENSING
4100.0,2417.022,2584.464,6101.355,-7.05,1.048,2.431,-26.54,MESSAGING
4100.0,2417.022,2584.464,6101.355,-7.05,1.048,2.431,-26.54,MESSAGING
4100.0,2417.022,2584.464,6101.355,-7.05,1.048,2.431,-26.54,SENSING
4100.0,2417.022,2584.464,6101.355,-7.05,1.048,2.431,-26.54,LISTENING
4100.0,2417.022,2584.464,6101.355,-7.05,1.048,2.431,-26.54,SENSING
4100.0,2417.022,2584.464,6101.355,-7.05,1.048,2.431,-26.54,LISTENING
4100.0,2417.022,2584.464,6101.355,-7.05,1.048,2.431,-26.54,SENSING
4100.0,2417.022,2584.464,6101.355,-7.05,1.048,2.431,-26.54,LISTENING
4100.0,2417.022,2584.464,6101.355,-7.05,1.048,2.431,-26.54,SENSING
4100.0,2417.022,2584.464,6101.355,-7.05,1.048,2.431,-26.54,LISTENING
4106.27,2372.795,2590.963,6116.452,-7.067,1.029,2.387,-26.54,SENSING
4106.27,2372.795,2590.963,6116.452,-7.067,1.029,2.387,-26.54,MANEUVERING
4106.27,2372.795,2590.963,6116.452,-7.067,1.029,2.387,-26.54,LISTENING
4110.0,2346.434,2594.774,6125.303,-7.077,1.018,2.361,-22.81,MANEUVERING
4110.0,2346.434,2594.774,6125.303,-7.077,1.018,2.361,-22.81,SENSING
4110.0,2346.434,2594.774,6125.303,-7.077,1.018,2.361,-22.81,MEASURING
4110.0,2346.434,2594.774,6125.303,-7.077,1.018,2.361,-22.81,SENSING
4110.0,2346.434,2594.774,6125.303,-7.077,1.018,2.361,-22.81,LISTENING
4115.6,2306.788,2600.42,6138.411,-7.092,1.002,2.322,-22.81,SENSING
4115.6,2306.788,2600.42,6138.411,-7.092,1.002,2.322,-22.81,MANEUVERING
4115.6,2306.788,2600.42,6138.411,-7.092,1.002,2.322,-22.81,LISTENING
4120.0,2275.581,2604.791,6148.557,-7.103,0.989,2.292,-27.21,MANEUVERING
4120.0,2275.581,2604.791,6148.557,-7.103,0.989,2.292,-27.21,SENSING
4120.0,2275.581,2604.791,6148.557,-7.103,0.989,2.292,-27.21,MEASURING
4120.0,2275.581,2604.791,6148.557,-7.103,0.989,2.292,-27.21,SENSING
4120.0,2275.581,2604.791,6148.557,-7.103,0.989,2.292,-27.21,LISTENING
4145.7,2092.323,2629.181,6205.113,-7.167,0.913,2.112,-27.21,SENSING
4145.7,2092.323,2629.181,6205.113,-7.167,0.913,2.112,-27.21,LISTENING
4150.0,2061.505,2633.071,6214.123,-7.177,0.9,2.081,-27.21,SENSING
4150.0,2061.505,2633.071,6214.123,-7.177,0.9,2.081,-27.21,LISTENING
4189.59,1775.816,2666.288,6290.941,-7.263,0.781,1.801,-27.21,SENSING
4189.59,1775.816,2666.288,6290.941,-7.263,0.781,1.801,-27.21,LISTENING
4200.0,1700.152,2674.241,6309.292,-7.284,0.75,1.727,-27.21,SENSING
4200.0,1700.152,2674.241,6309.292,-7.284,0.75,1.727,-27.21,LISTENING
4219.54,1557.572,2688.286,6341.647,-7.32,0.69,1.587,-27.21,SENSING
4219.54,1557.572,2688.286,6341.647,-7.32,0.69,1.587,-27.21,LISTENING
4224.0,1524.932,2691.329,6348.649,-7.328,0.677,1.555,-27.21,SENSING
4224.0,1524.932,2691.329,6348.649,-7.328,0.677,1.555,-27.21,MANEUVERING
4224.0,1524.932,2691.329,6348.649,-7.328,0.677,1.555,-27.21,LISTENING
4230.0,1480.967,2695.328,6357.843,-7.338,0.659,1.512,-21.21,MANEUVERING
4230.0,1480.967,2695.328,6357.843,-7.338,0.659,1.512,-21.21,SENSING
4230.0,1480.967,2695.328,6357.843,-7.338,0.659,1.512,-21.21,MANEUVERING
4230.0,1480.967,2695.328,6357.843,-7.338,0.659,1.512,-21.21,LISTENING
4237.2,1428.13,2699.983,6368.534,-7.35,0.637,1.46,-14.01,MANEUVERING
4237.2,1428.13,2699.983,6368.534,-7.35,0.637,1.46,-14.01,SENSING
4237.2,1428.13,2699.983,6368.534,-7.35,0.637,1.46,-14.01,MANEUVERING
4237.2,1428.13,2699.983,6368.534,-7.35,0.637,1.46,-14.01,LISTENING
4240.0,1407.56,2701.751,6372.591,-7.354,0.628,1.44,-11.21,MANEUVERING
4240.0,1407.56,2701.751,6372.591,-7.354,0.628,1.44,-11.21,SENSING
4240.0,1407.56,2701.751,6372.591,-7.354,0.628,1.44,-11.21,MANEUVERING
4240.0,1407.56,2701.751,6372.591,-7.354,0.628,1.44,-11.21,LISTENING
4270.0,1186.417,2719.189,6412.511,-7.398,0.536,1.223,18.79,MANEUVERING
4270.0,1186.417,2719.189,6412.511,-7.398,0.536,1.223,18.79,SENSING
4270.0,1186.417,2719.189,6412.511,-7.398,0.536,1.223,18.79,MEASURING
4270.0,1186.417,2719.189,6412.511,-7.398,0.536,1.223,18.79,SENSING
4270.0,1186.417,2719.189,6412.511,-7.398,0.536,1.223,18.79,LISTENING
4280.0,1112.424,2724.39,6424.371,-7.411,0.506,1.15,18.79,SENSING
4280.0,1112.424,2724.39,6424.371,-7.411,0.506,1.15,18.79,MEASURING
4280.0,1112.424,2724.39,6424.371,-7.411,0.506,1.15,18.79,SENSING
4280.0,1112.424,2724.39,6424.371,-7.411,0.506,1.15,18.79,LISTENING
4320.0,815.281,2742.123,6464.552,-7.455,0.382,0.859,18.79,SENSING
4320.0,815.281,2742.123,6464.552,-7.455,0.382,0.859,18.79,LISTENING
4350.26,589.487,2752.263,6487.207,-7.478,0.289,0.639,18.79,SENSING
4350.26,589.487,2752.263,6487.207,-7.478,0.289,0.639,18.79,LISTENING
4390.0,292.069,2761.279,6506.799,-7.498,0.166,0.348,18.79,SENSING
4390.0,292.069,2761.279,6506.799,-7.498,0.166,0.348,18.79,LISTENING
4397.04,239.312,2762.367,6509.065,-7.5,0.144,0.296,18.79,SENSING
4397.04,239.312,2762.367,6509.065,-7.5,0.144,0.296,18.79,LISTENING
4400.0,217.126,2762.778,6509.909,-7.501,0.135,0.275,18.79,SENSING
4400.0,217.126,2762.778,6509.909,-7.501,0.135,0.275,18.79,LISTENING
4406.9,165.4,2763.632,6511.629,-7.503,0.113,0.224,18.79,SENSING
4406.9,165.4,2763.632,6511.629,-7.503,0.113,0.224,18.79,LISTENING
4410.0,142.158,2763.968,6512.288,-7.503,0.104,0.201,18.79,SENSING
4410.0,142.158,2763.968,6512.288,-7.503,0.104,0.201,18.79,LISTENING
4410.0,142.158,2763.968,6512.288,-7.503,0.104,0.201,18.79,SENSING
4410.0,142.158,2763.968,6512.288,-7.503,0.104,0.201,18.79,LISTENING
4424.19,35.753,2765.123,6514.407,-7.504,0.06,0.097,18.79,SENSING
4424.19,35.753,2765.123,6514.407,-7.504,0.06,0.097,18.79,LISTENING
4430.0,-7.817,2765.417,6514.849,-7.505,0.041,0.055,18.79,SENSING
4430.0,-7.817,2765.417,6514.849,-7.505,0.041,0.055,18.79,LISTENING
4436.8,-58.811,2765.627,6515.054,-7.504,0.02,0.005,18.79,SENSING
4436.8,-58.811,2765.627,6515.054,-7.504,0.02,0.005,18.79,LISTENING
4438.55,-71.934,2765.658,6515.051,-7.504,0.015,-0.008,18.79,SENSING
4438.55,-71.934,2765.658,6515.051,-7.504,0.015,-0.008,18.79,MANEUVERING
4438.55,-71.934,2765.658,6515.051,-7.504,0.015,-0.008,18.79,LISTENING
4440.0,-82.808,2765.676,6515.033,-7.504,0.01,-0.018,17.34,MANEUVERING
4440.0,-82.808,2765.676,6515.033,-7.504,0.01,-0.018,17.34,SENSING
4440.0,-82.808,2765.676,6515.033,-7.504,0.01,-0.018,17.34,MANEUVERING
4440.0,-82.808,2765.676,6515.033,-7.504,0.01,-0.018,17.34,LISTENING
4450.0,-157.789,2765.626,6514.484,-7.503,-0.021,-0.091,7.34,MANEUVERING
4450.0,-157.789,2765.626,6514.484,-7.503,-0.021,-0.091,7.34,SENSING
4450.0,-157.789,2765.626,6514.484,-7.503,-0.021,-0.091,7.34,MANEUVERING
4450.0,-157.789,2765.626,6514.484,-7.503,-0.021,-0.091,7.34,LISTENING
4457.47,-213.788,2765.387,6513.597,-7.501,-0.044,-0.146,-0.13,MANEUVERING
4457.47,-213.788,2765.387,6513.597,-7.501,-0.044,-0.146,-0.13,SENSING
4457.47,-213.788,2765.387,6513.597,-7.501,-0.044,-0.146,-0.13,MANEUVERING
4457.47,-213.788,2765.387,6513.597,-7.501,-0.044,-0.146,-0.13,LISTENING
4460.0,-232.752,2765.267,6513.205,-7.501,-0.052,-0.165,-2.66,MANEUVERING
4460.0,-232.752,2765.267,6513.205,-7.501,-0.052,-0.165,-2.66,SENSING
4460.0,-232.752,2765.267,6513.205,-7.501,-0.052,-0.165,-2.66,MANEUVERING
4460.0,-232.752,2765.267,6513.205,-7.501,-0.052,-0.165,-2.66,LISTENING
4465.14,-271.274,2764.962,6512.263,-7.499,-0.068,-0.202,-7.8,MANEUVERING
4465.14,-271.274,2764.962,6512.263,-7.499,-0.068,-0.202,-7.8,SENSING
4465.14,-271.274,2764.962,6512.263,-7.499,-0.068,-0.202,-7.8,MANEUVERING
4465.14,-271.274,2764.962,6512.263,-7.499,-0.068,-0.202,-7.8,LISTENING
4470.0,-307.689,2764.598,6511.194,-7.497,-0.083,-0.238,-12.66,MANEUVERING
4470.0,-307.689,2764.598,6511.194,-7.497,-0.083,-0.238,-12.66,SENSING
4470.0,-307.689,2764.598,6511.194,-7.497,-0.083,-0.238,-12.66,MANEUVERING
4470.0,-307.689,2764.598,6511.194,-7.497,-0.083,-0.238,-12.66,LISTENING
4475.09,-345.819,2764.138,6509.89,-7.496,-0.098,-0.275,-17.75,MANEUVERING
4475.09,-345.819,2764.138,6509.89,-7.496,-0.098,-0.275,-17.75,SENSING
4475.09,-345.819,2764.138,6509.89,-7.496,-0.098,-0.275,-17.75,MANEUVERING
4475.09,-345.819,2764.138,6509.89,-7.496,-0.098,-0.275,-17.75,LISTENING
4480.0,-382.592,2763.619,6508.453,-7.494,-0.114,-0.311,-22.66,MANEUVERING
4480.0,-382.592,2763.619,6508.453,-7.494,-0.114,-0.311,-22.66,SENSING
4480.0,-382.592,2763.619,6508.453,-7.494,-0.114,-0.311,-22.66,MEASURING
4480.0,-382.592,2763.619,6508.453,-7.494,-0.114,-0.311,-22.66,SENSING
4480.0,-382.592,2763.619,6508.453,-7.494,-0.114,-0.311,-22.66,LISTENING
4497.08,-510.422,2761.234,6502.084,-7.485,-0.166,-0.435,-22.66,SENSING
4497.08,-510.422,2761.234,6502.084,-7.485,-0.166,-0.435,-22.66,MANEUVERING
4497.08,-510.422,2761.234,6502.084,-7.485,-0.166,-0.435,-22.66,LISTENING
4500.0,-532.26,2760.736,6500.783,-7.483,-0.175,-0.457,-19.74,MANEUVERING
4500.0,-532.26,2760.736,6500.783,-7.483,-0.175,-0.457,-19.74,SENSING
4500.0,-532.26,2760.736,6500.783,-7.483,-0.175,-0.457,-19.74,MEASURING
4500.0,-532.26,2760.736,6500.783,-7.483,-0.175,-0.457,-19.74,SENSING
4500.0,-532.26,2760.736,6500.783,-7.483,-0.175,-0.457,-19.74,LISTENING
4513.09,-630.093,2758.18,6494.184,-7.475,-0.216,-0.552,-19.74,SENSING
4513.09,-630.093,2758.18,6494.184,-7.475,-0.216,-0.552,-19.74,MANEUVERING
4513.09,-630.093,2758.18,6494.184,-7.475,-0.216,-0.552,-19.74,LISTENING
4520.0,-681.69,2756.618,6490.198,-7.47,-0.237,-0.602,-12.83,MANEUVERING
4520.0,-681.69,2756.618,6490.198,-7.47,-0.237,-0.602,-12.83,SENSING
4520.0,-681.69,2756.618,6490.198,-7.47,-0.237,-0.602,-12.83,MEASURING
4520.0,-681.69,2756.618,6490.198,-7.47,-0.237,-0.602,-12.83,SENSING
4520.0,-681.69,2756.618,6490.198,-7.47,-0.237,-0.602,-12.83,LISTENING
4526.05,-726.836,2755.129,6486.423,-7.465,-0.256,-0.646,-12.83,SENSING
4526.05,-726.836,2755.129,6486.423,-7.465,-0.256,-0.646,-12.83,MANEUVERING
4526.05,-726.836,2755.129,6486.423,-7.465,-0.256,-0.646,-12.83,LISTENING
4527.4,-736.905,2754.782,6485.544,-7.464,-0.26,-0.656,-11.48,MANEUVERING
4527.4,-736.905,2754.782,6485.544,-7.464,-0.26,-0.656,-11.48,SENSING
4527.4,-736.905,2754.782,6485.544,-7.464,-0.26,-0.656,-11.48,MANEUVERING
4527.4,-736.905,2754.782,6485.544,-7.464,-0.26,-0.656,-11.48,LISTENING
4530.0,-756.295,2754.097,6483.815,-7.462,-0.268,-0.675,-8.88,MANEUVERING
4530.0,-756.295,2754.097,6483.815,-7.462,-0.268,-0.675,-8.88,SENSING
4530.0,-756.295,2754.097,6483.815,-7.462,-0.268,-0.675,-8.88,MEASURING
4530.0,-756.295,2754.097,6483.815,-7.462,-0.268,-0.675,-8.88,SENSING
4530.0,-756.295,2754.097,6483.815,-7.462,-0.268,-0.675,-8.88,LISTENING
4540.0,-830.815,2751.268,6476.706,-7.453,-0.299,-0.748,-8.88,SENSING
4540.0,-830.815,2751.268,6476.706,-7.453,-0.299,-0.748,-8.88,LISTENING
4540.0,-830.815,2751.268,6476.706,-7.453,-0.299,-0.748,-8.88,SENSING
4540.0,-830.815,2751.268,6476.706,-7.453,-0.299,-0.748,-8.88,LISTENING
4556.0,-949.85,2746.104,6463.824,-7.437,-0.348,-0.863,-8.88,SENSING
4556.0,-949.85,2746.104,6463.824,-7.437,-0.348,-0.863,-8.88,LISTENING
4560.0,-979.568,2744.69,6460.314,-7.433,-0.36,-0.892,-8.88,SENSING
4560.0,-979.568,2744.69,6460.314,-7.433,-0.36,-0.892,-8.88,LISTENING
4569.26,-1048.296,2741.229,6451.745,-7.422,-0.389,-0.959,-8.88,SENSING
4569.26,-1048.296,2741.229,6451.745,-7.422,-0.389,-0.959,-8.88,LISTENING
4590.0,-1201.855,2732.528,6430.31,-7.396,-0.452,-1.109,-8.88,SENSING
4590.0,-1201.855,2732.528,6430.31,-7.396,-0.452,-1.109,-8.88,LISTENING
4604.39,-1308.063,2725.72,6413.621,-7.376,-0.496,-1.212,-8.88,SENSING
4604.39,-1308.063,2725.72,6413.621,-7.376,-0.496,-1.212,-8.88,LISTENING
4620.0,-1422.933,2717.624,6393.839,-7.352,-0.543,-1.324,-8.88,SENSING
4620.0,-1422.933,2717.624,6393.839,-7.352,-0.543,-1.324,-8.88,LISTENING
4684.63,-1894.069,2676.292,6293.506,-7.232,-0.738,-1.781,-8.88,SENSING
4684.63,-1894.069,2676.292,6293.506,-7.232,-0.738,-1.781,-8.88,MANEUVERING
4684.63,-1894.069,2676.292,6293.506,-7.232,-0.738,-1.781,-8.88,LISTENING
4690.0,-1932.848,2672.295,6283.843,-7.221,-0.754,-1.819,-3.51,MANEUVERING
4690.0,-1932.848,2672.295,6283.843,-7.221,-0.754,-1.819,-3.51,SENSING
4690.0,-1932.848,2672.295,6283.843,-7.221,-0.754,-1.819,-3.51,MEASURING
4690.0,-1932.848,2672.295,6283.843,-7.221,-0.754,-1.819,-3.51,SENSING
4690.0,-1932.848,2672.295,6283.843,-7.221,-0.754,-1.819,-3.51,LISTENING
4697.33,-1985.681,2666.702,6270.329,-7.205,-0.775,-1.87,-3.51,SENSING
4697.33,-1985.681,2666.702,6270.329,-7.205,-0.775,-1.87,-3.51,MANEUVERING
4697.33,-1985.681,2666.702,6270.329,-7.205,-0.775,-1.87,-3.51,LISTENING
4700.0,-2004.896,2664.625,6265.312,-7.199,-0.783,-1.889,-6.18,MANEUVERING
4700.0,-2004.896,2664.625,6265.312,-7.199,-0.783,-1.889,-6.18,SENSING
4700.0,-2004.896,2664.625,6265.312,-7.199,-0.783,-1.889,-6.18,MEASURING
4700.0,-2004.896,2664.625,6265.312,-7.199,-0.783,-1.889,-6.18,SENSING
4700.0,-2004.896,2664.625,6265.312,-7.199,-0.783,-1.889,-6.18,LISTENING
4706.91,-2054.551,2659.152,6252.1,-7.183,-0.804,-1.937,-6.18,SENSING
4706.91,-2054.551,2659.152,6252.1,-7.183,-0.804,-1.937,-6.18,MANEUVERING
4706.91,-2054.551,2659.152,6252.1,-7.183,-0.804,-1.937,-6.18,LISTENING
4720.0,-2148.314,2648.397,6226.16,-7.153,-0.842,-2.028,-19.27,MANEUVERING
4720.0,-2148.314,2648.397,6226.16,-7.153,-0.842,-2.028,-19.27,SENSING
4720.0,-2148.314,2648.397,6226.16,-7.153,-0.842,-2.028,-19.27,MEASURING
4720.0,-2148.314,2648.397,6226.16,-7.153,-0.842,-2.028,-19.27,SENSING
4720.0,-2148.314,2648.397,6226.16,-7.153,-0.842,-2.028,-19.27,LISTENING
4725.07,-2184.522,2644.096,6215.793,-7.14,-0.857,-2.063,-19.27,SENSING
4725.07,-2184.522,2644.096,6215.793,-7.14,-0.857,-2.063,-19.27,MANEUVERING
4725.07,-2184.522,2644.096,6215.793,-7.14,-0.857,-2.063,-19.27,LISTENING
4730.0,-2219.669,2639.842,6205.543,-7.128,-0.872,-2.097,-14.34,MANEUVERING
4730.0,-2219.669,2639.842,6205.543,-7.128,-0.872,-2.097,-14.34,SENSING
4730.0,-2219.669,2639.842,6205.543,-7.128,-0.872,-2.097,-14.34,MEASURING
4730.0,-2219.669,2639.842,6205.543,-7.128,-0.872,-2.097,-14.34,SENSING
4730.0,-2219.669,2639.842,6205.543,-7.128,-0.872,-2.097,-14.34,LISTENING
4735.01,-2255.326,2635.446,6194.954,-7.116,-0.887,-2.132,-14.34,SENSING
4735.01,-2255.326,2635.446,6194.954,-7.116,-0.887,-2.132,-14.34,LISTENING
4737.31,-2271.674,2633.403,6190.035,-7.11,-0.893,-2.148,-14.34,SENSING
4737.31,-2271.674,2633.403,6190.035,-7.11,-0.893,-2.148,-14.34,MANEUVERING
4737.31,-2271.674,2633.403,6190.035,-7.11,-0.893,-2.148,-14.34,LISTENING
4740.0,-2290.777,2630.994,6184.235,-7.103,-0.901,-2.166,-11.65,MANEUVERING
4740.0,-2290.777,2630.994,6184.235,-7.103,-0.901,-2.166,-11.65,SENSING
4740.0,-2290.777,2630.994,6184.235,-7.103,-0.901,-2.166,-11.65,MEASURING
4740.0,-2290.777,2630.994,6184.235,-7.103,-0.901,-2.166,-11.65,SENSING
4740.0,-2290.777,2630.994,6184.235,-7.103,-0.901,-2.166,-11.65,LISTENING
4747.41,-2343.304,2624.249,6168.003,-7.084,-0.923,-2.217,-11.65,SENSING
4747.41,-2343.304,2624.249,6168.003,-7.084,-0.923,-2.217,-11.65,MANEUVERING
4747.41,-2343.304,2624.249,6168.003,-7.084,-0.923,-2.217,-11.65,LISTENING
4750.0,-2361.63,2621.854,6162.24,-7.077,-0.93,-2.235,-9.06,MANEUVERING
4750.0,-2361.63,2621.854,6162.24,-7.077,-0.93,-2.235,-9.06,SENSING
4750.0,-2361.63,2621.854,6162.24,-7.077,-0.93,-2.235,-9.06,MEASURING
4750.0,-2361.63,2621.854,6162.24,-7.077,-0.93,-2.235,-9.06,SENSING
4750.0,-2361.63,2621.854,6162.24,-7.077,-0.93,-2.235,-9.06,LISTENING
4757.37,-2413.681,2614.931,6145.59,-7.058,-0.952,-2.285,-9.06,SENSING
4757.37,-2413.681,2614.931,6145.59,-7.058,-0.952,-2.285,-9.06,MANEUVERING
4757.37,-2413.681,2614.931,6145.59,-7.058,-0.952,-2.285,-9.06,LISTENING
4760.0,-2432.221,2612.423,6139.559,-7.051,-0.959,-2.303,-6.43,MANEUVERING
4760.0,-2432.221,2612.423,6139.559,-7.051,-0.959,-2.303,-6.43,SENSING
4760.0,-2432.221,2612.423,6139.559,-7.051,-0.959,-2.303,-6.43,MEASURING
4760.0,-2432.221,2612.423,6139.559,-7.051,-0.959,-2.303,-6.43,SENSING
4760.0,-2432.221,2612.423,6139.559,-7.051,-0.959,-2.303,-6.43,LISTENING
4760.08,-2432.784,2612.346,6139.375,-7.051,-0.96,-2.304,-6.43,SENSING
4760.08,-2432.784,2612.346,6139.375,-7.051,-0.96,-2.304,-6.43,LISTENING
4767.1,-2482.176,2605.551,6123.041,-7.031,-0.98,-2.352,-6.43,SENSING
4767.1,-2482.176,2605.551,6123.041,-7.031,-0.98,-2.352,-6.43,MANEUVERING
4767.1,-2482.176,2605.551,6123.041,-7.031,-0.98,-2.352,-6.43,LISTENING
4770.0,-2502.541,2602.702,6116.196,-7.023,-0.988,-2.372,-3.53,MANEUVERING
4770.0,-2502.541,2602.702,6116.196,-7.023,-0.988,-2.372,-3.53,SENSING
4770.0,-2502.541,2602.702,6116.196,-7.023,-0.988,-2.372,-3.53,MEASURING
4770.0,-2502.541,2602.702,6116.196,-7.023,-0.988,-2.372,-3.53,SENSING
4770.0,-2502.541,2602.702,6116.196,-7.023,-0.988,-2.372,-3.53,LISTENING
4775.7,-2542.499,2597.032,6102.575,-7.007,-1.005,-2.41,-3.53,SENSING
4775.7,-2542.499,2597.032,6102.575,-7.007,-1.005,-2.41,-3.53,LISTENING
4780.0,-2572.583,2592.693,6092.153,-6.995,-1.017,-2.439,-3.53,SENSING
4780.0,-2572.583,2592.693,6092.153,-6.995,-1.017,-2.439,-3.53,MEASURING
4780.0,-2572.583,2592.693,6092.153,-6.995,-1.017,-2.439,-3.53,SENSING
4780.0,-2572.583,2592.693,6092.153,-6.995,-1.017,-2.439,-3.53,LISTENING
4790.0,-2642.34,2582.397,6067.433,-6.966,-1.046,-2.507,-3.53,SENSING
4790.0,-2642.34,2582.397,6067.433,-6.966,-1.046,-2.507,-3.53,MEASURING
4790.0,-2642.34,2582.397,6067.433,-6.966,-1.046,-2.507,-3.53,SENSING
4790.0,-2642.34,2582.397,6067.433,-6.966,-1.046,-2.507,-3.53,LISTENING
4800.0,-2711.803,2571.815,6042.039,-6.936,-1.075,-2.574,-3.53,SENSING
4800.0,-2711.803,2571.815,6042.039,-6.936,-1.075,-2.574,-3.53,MEASURING
4800.0,-2711.803,2571.815,6042.039,-6.936,-1.075,-2.574,-3.53,SENSING
4800.0,-2711.803,2571.815,6042.039,-6.936,-1.075,-2.574,-3.53,LISTENING
4802.12,-2726.491,2569.534,6036.569,-6.93,-1.081,-2.589,-3.53,SENSING
4802.12,-2726.491,2569.534,6036.569,-6.93,-1.081,-2.589,-3.53,LISTENING
4810.0,-2780.965,2560.947,6015.975,-6.906,-1.103,-2.641,-3.53,SENSING
4810.0,-2780.965,2560.947,6015.975,-6.906,-1.103,-2.641,-3.53,LISTENING
4811.95,-2794.416,2558.795,6010.814,-6.9,-1.109,-2.654,-3.53,SENSING
4811.95,-2794.416,2558.795,6010.814,-6.9,-1.109,-2.654,-3.53,MANEUVERING
4811.95,-2794.416,2558.795,6010.814,-6.9,-1.109,-2.654,-3.53,LISTENING
4816.45,-2825.411,2553.787,5998.808,-6.886,-1.121,-2.684,-8.03,MANEUVERING
4816.45,-2825.411,2553.787,5998.808,-6.886,-1.121,-2.684,-8.03,SENSING
4816.45,-2825.411,2553.787,5998.808,-6.886,-1.121,-2.684,-8.03,MANEUVERING
4816.45,-2825.411,2553.787,5998.808,-6.886,-1.121,-2.684,-8.03,LISTENING
4820.0,-2849.819,2549.797,5989.242,-6.875,-1.131,-2.708,-11.58,MANEUVERING
4820.0,-2849.819,2549.797,5989.242,-6.875,-1.131,-2.708,-11.58,SENSING
4820.0,-2849.819,2549.797,5989.242,-6.875,-1.131,-2.708,-11.58,MANEUVERING
4820.0,-2849.819,2549.797,5989.242,-6.875,-1.131,-2.708,-11.58,LISTENING
4834.29,-2947.66,2533.373,5949.888,-6.829,-1.172,-2.803,-25.87,MANEUVERING
4834.29,-2947.66,2533.373,5949.888,-6.829,-1.172,-2.803,-25.87,SENSING
4834.29,-2947.66,2533.373,5949.888,-6.829,-1.172,-2.803,-25.87,MANEUVERING
4834.29,-2947.66,2533.373,5949.888,-6.829,-1.172,-2.803,-25.87,LISTENING
4840.0,-2986.57,2526.65,5933.786,-6.81,-1.188,-2.84,-31.58,MANEUVERING
4840.0,-2986.57,2526.65,5933.786,-6.81,-1.188,-2.84,-31.58,SENSING
4840.0,-2986.57,2526.65,5933.786,-6.81,-1.188,-2.84,-31.58,MEASURING
4840.0,-2986.57,2526.65,5933.786,-6.81,-1.188,-2.84,-31.58,SENSING
4840.0,-2986.57,2526.65,5933.786,-6.81,-1.188,-2.84,-31.58,LISTENING
4846.89,-3033.377,2518.416,5914.071,-6.787,-1.207,-2.886,-31.58,SENSING
4846.89,-3033.377,2518.416,5914.071,-6.787,-1.207,-2.886,-31.58,LISTENING
4850.0,-3054.452,2514.656,5905.069,-6.776,-1.216,-2.906,-31.58,SENSING
4850.0,-3054.452,2514.656,5905.069,-6.776,-1.216,-2.906,-31.58,LISTENING
4870.0,-3189.195,2489.837,5845.675,-6.707,-1.271,-3.036,-31.58,SENSING
4870.0,-3189.195,2489.837,5845.675,-6.707,-1.271,-3.036,-31.58,LISTENING
4871.75,-3200.918,2487.613,5840.354,-6.701,-1.276,-3.048,-31.58,SENSING
4871.75,-3200.918,2487.613,5840.354,-6.701,-1.276,-3.048,-31.58,MANEUVERING
4871.75,-3200.918,2487.613,5840.354,-6.701,-1.276,-3.048,-31.58,LISTENING
4880.0,-3256.039,2477.014,5815.004,-6.671,-1.298,-3.101,-23.33,MANEUVERING
4880.0,-3256.039,2477.014,5815.004,-6.671,-1.298,-3.101,-23.33,SENSING
4880.0,-3256.039,2477.014,5815.004,-6.671,-1.298,-3.101,-23.33,MEASURING
4880.0,-3256.039,2477.014,5815.004,-6.671,-1.298,-3.101,-23.33,SENSING
4880.0,-3256.039,2477.014,5815.004,-6.671,-1.298,-3.101,-23.33,LISTENING
4885.13,-3290.191,2470.329,5799.02,-6.653,-1.313,-3.134,-23.33,SENSING
4885.13,-3290.191,2470.329,5799.02,-6.653,-1.313,-3.134,-23.33,MANEUVERING
4885.13,-3290.191,2470.329,5799.02,-6.653,-1.313,-3.134,-23.33,LISTENING
4890.0,-3322.524,2463.917,5783.69,-6.635,-1.326,-3.165,-28.2,MANEUVERING
4890.0,-3322.524,2463.917,5783.69,-6.635,-1.326,-3.165,-28.2,SENSING
4890.0,-3322.524,2463.917,5783.69,-6.635,-1.326,-3.165,-28.2,MEASURING
4890.0,-3322.524,2463.917,5783.69,-6.635,-1.326,-3.165,-28.2,SENSING
4890.0,-3322.524,2463.917,5783.69,-6.635,-1.326,-3.165,-28.2,LISTENING
4912.2,-3468.794,2433.871,5711.887,-6.551,-1.386,-3.307,-28.2,SENSING
4912.2,-3468.794,2433.871,5711.887,-6.551,-1.386,-3.307,-28.2,MANEUVERING
4912.2,-3468.794,2433.871,5711.887,-6.551,-1.386,-3.307,-28.2,LISTENING
4950.0,-3713.454,2379.675,5582.481,-6.401,-1.487,-3.543,9.6,MANEUVERING
4950.0,-3713.454,2379.675,5582.481,-6.401,-1.487,-3.543,9.6,SENSING
4950.0,-3713.454,2379.675,5582.481,-6.401,-1.487,-3.543,9.6,MEASURING
4950.0,-3713.454,2379.675,5582.481,-6.401,-1.487,-3.543,9.6,SENSING
4950.0,-3713.454,2379.675,5582.481,-6.401,-1.487,-3.543,9.6,LISTENING
4990.0,-3965.96,2318.244,5435.945,-6.231,-1.59,-3.787,9.6,SENSING
4990.0,-3965.96,2318.244,5435.945,-6.231,-1.59,-3.787,9.6,MEASURING
4990.0,-3965.96,2318.244,5435.945,-6.231,-1.59,-3.787,9.6,SENSING
4990.0,-3965.96,2318.244,5435.945,-6.231,-1.59,-3.787,9.6,LISTENING
5007.21,-4072.471,2290.549,5369.926,-6.155,-1.634,-3.889,9.6,SENSING
5007.21,-4072.471,2290.549,5369.926,-6.155,-1.634,-3.889,9.6,MANEUVERING
5007.21,-4072.471,2290.549,5369.926,-6.155,-1.634,-3.889,9.6,LISTENING
5010.0,-4089.613,2285.989,5359.058,-6.142,-1.641,-3.906,12.39,MANEUVERING
5010.0,-4089.613,2285.989,5359.058,-6.142,-1.641,-3.906,12.39,SENSING
5010.0,-4089.613,2285.989,5359.058,-6.142,-1.641,-3.906,12.39,MEASURING
5010.0,-4089.613,2285.989,5359.058,-6.142,-1.641,-3.906,12.39,SENSING
5010.0,-4089.613,2285.989,5359.058,-6.142,-1.641,-3.906,12.39,LISTENING
5016.02,-4126.482,2276.082,5335.45,-6.115,-1.656,-3.941,12.39,SENSING
5016.02,-4126.482,2276.082,5335.45,-6.115,-1.656,-3.941,12.39,MANEUVERING
5016.02,-4126.482,2276.082,5335.45,-6.115,-1.656,-3.941,12.39,LISTENING
5020.0,-4150.766,2269.483,5319.724,-6.097,-1.666,-3.965,16.37,MANEUVERING
5020.0,-4150.766,2269.483,5319.724,-6.097,-1.666,-3.965,16.37,SENSING
5020.0,-4150.766,2269.483,5319.724,-6.097,-1.666,-3.965,16.37,MEASURING
5020.0,-4150.766,2269.483,5319.724,-6.097,-1.666,-3.965,16.37,SENSING
5020.0,-4150.766,2269.483,5319.724,-6.097,-1.666,-3.965,16.37,LISTENING
5030.0,-4211.461,2252.727,5279.804,-6.051,-1.691,-4.023,16.37,SENSING
5030.0,-4211.461,2252.727,5279.804,-6.051,-1.691,-4.023,16.37,MEASURING
5030.0,-4211.461,2252.727,5279.804,-6.051,-1.691,-4.023,16.37,SENSING
5030.0,-4211.461,2252.727,5279.804,-6.051,-1.691,-4.023,16.37,LISTENING
5035.73,-4246.03,2243.014,5256.667,-6.024,-1.705,-4.057,16.37,SENSING
5035.73,-4246.03,2243.014,5256.667,-6.024,-1.705,-4.057,16.37,MANEUVERING
5035.73,-4246.03,2243.014,5256.667,-6.024,-1.705,-4.057,16.37,LISTENING
5040.0,-4271.691,2235.723,5239.301,-6.004,-1.716,-4.081,20.64,MANEUVERING
5040.0,-4271.691,2235.723,5239.301,-6.004,-1.716,-4.081,20.64,SENSING
5040.0,-4271.691,2235.723,5239.301,-6.004,-1.716,-4.081,20.64,MEASURING
5040.0,-4271.691,2235.723,5239.301,-6.004,-1.716,-4.081,20.64,SENSING
5040.0,-4271.691,2235.723,5239.301,-6.004,-1.716,-4.081,20.64,LISTENING
5050.0,-4331.451,2218.474,5198.22,-5.956,-1.74,-4.139,20.64,SENSING
5050.0,-4331.451,2218.474,5198.22,-5.956,-1.74,-4.139,20.64,MEASURING
5050.0,-4331.451,2218.474,5198.22,-5.956,-1.74,-4.139,20.64,SENSING
5050.0,-4331.451,2218.474,5198.22,-5.956,-1.74,-4.139,20.64,LISTENING
5060.0,-4390.733,2200.98,5156.566,-5.908,-1.765,-4.196,20.64,SENSING
5060.0,-4390.733,2200.98,5156.566,-5.908,-1.765,-4.196,20.64,MEASURING
5060.0,-4390.733,2200.98,5156.566,-5.908,-1.765,-4.196,20.64,SENSING
5060.0,-4390.733,2200.98,5156.566,-5.908,-1.765,-4.196,20.64,LISTENING
5068.01,-4437.869,2186.793,5122.79,-5.869,-1.784,-4.242,20.64,SENSING
5068.01,-4437.869,2186.793,5122.79,-5.869,-1.784,-4.242,20.64,MANEUVERING
5068.01,-4437.869,2186.793,5122.79,-5.869,-1.784,-4.242,20.64,LISTENING
5080.0,-4507.839,2165.268,5071.556,-5.81,-1.813,-4.309,8.65,MANEUVERING
5080.0,-4507.839,2165.268,5071.556,-5.81,-1.813,-4.309,8.65,SENSING
5080.0,-4507.839,2165.268,5071.556,-5.81,-1.813,-4.309,8.65,MEASURING
5080.0,-4507.839,2165.268,5071.556,-5.81,-1.813,-4.309,8.65,SENSING
5080.0,-4507.839,2165.268,5071.556,-5.81,-1.813,-4.309,8.65,LISTENING
5092.05,-4577.439,2143.292,5019.256,-5.75,-1.841,-4.376,8.65,SENSING
5092.05,-4577.439,2143.292,5019.256,-5.75,-1.841,-4.376,8.65,MANEUVERING
5092.05,-4577.439,2143.292,5019.256,-5.75,-1.841,-4.376,8.65,LISTENING
5110.0,-4679.757,2109.922,4939.862,-5.658,-1.884,-4.474,26.6,MANEUVERING
5110.0,-4679.757,2109.922,4939.862,-5.658,-1.884,-4.474,26.6,SENSING
5110.0,-4679.757,2109.922,4939.862,-5.658,-1.884,-4.474,26.6,MEASURING
5110.0,-4679.757,2109.922,4939.862,-5.658,-1.884,-4.474,26.6,SENSING
5110.0,-4679.757,2109.922,4939.862,-5.658,-1.884,-4.474,26.6,LISTENING
5116.8,-4718.087,2097.084,4909.326,-5.623,-1.899,-4.511,26.6,SENSING
5116.8,-4718.087,2097.084,4909.326,-5.623,-1.899,-4.511,26.6,MANEUVERING
5116.8,-4718.087,2097.084,4909.326,-5.623,-1.899,-4.511,26.6,LISTENING
5120.0,-4736.041,2091.006,4894.87,-5.606,-1.907,-4.529,23.4,MANEUVERING
5120.0,-4736.041,2091.006,4894.87,-5.606,-1.907,-4.529,23.4,SENSING
5120.0,-4736.041,2091.006,4894.87,-5.606,-1.907,-4.529,23.4,MEASURING
5120.0,-4736.041,2091.006,4894.87,-5.606,-1.907,-4.529,23.4,SENSING
5120.0,-4736.041,2091.006,4894.87,-5.606,-1.907,-4.529,23.4,LISTENING
5125.65,-4767.612,2080.218,4869.21,-5.577,-1.92,-4.559,23.4,SENSING
5125.65,-4767.612,2080.218,4869.21,-5.577,-1.92,-4.559,23.4,MANEUVERING
5125.65,-4767.612,2080.218,4869.21,-5.577,-1.92,-4.559,23.4,LISTENING
5130.0,-4791.805,2071.861,4849.338,-5.554,-1.93,-4.582,27.75,MANEUVERING
5130.0,-4791.805,2071.861,4849.338,-5.554,-1.93,-4.582,27.75,SENSING
5130.0,-4791.805,2071.861,4849.338,-5.554,-1.93,-4.582,27.75,MEASURING
5130.0,-4791.805,2071.861,4849.338,-5.554,-1.93,-4.582,27.75,SENSING
5130.0,-4791.805,2071.861,4849.338,-5.554,-1.93,-4.582,27.75,LISTENING
5155.03,-4929.055,2022.95,4733.044,-5.42,-1.986,-4.714,27.75,SENSING
5155.03,-4929.055,2022.95,4733.044,-5.42,-1.986,-4.714,27.75,MANEUVERING
5155.03,-4929.055,2022.95,4733.044,-5.42,-1.986,-4.714,27.75,LISTENING
5200.0,-5167.053,1931.603,4515.967,-5.17,-2.084,-4.943,-17.22,MANEUVERING
5200.0,-5167.053,1931.603,4515.967,-5.17,-2.084,-4.943,-17.22,SENSING
5200.0,-5167.053,1931.603,4515.967,-5.17,-2.084,-4.943,-17.22,MEASURING
5200.0,-5167.053,1931.603,4515.967,-5.17,-2.084,-4.943,-17.22,SENSING
5200.0,-5167.053,1931.603,4515.967,-5.17,-2.084,-4.943,-17.22,LISTENING
5205.83,-5197.078,1919.443,4487.079,-5.137,-2.096,-4.972,-17.22,SENSING
5205.83,-5197.078,1919.443,4487.079,-5.137,-2.096,-4.972,-17.22,MANEUVERING
5205.83,-5197.078,1919.443,4487.079,-5.137,-2.096,-4.972,-17.22,LISTENING
5210.0,-5218.435,1910.701,4466.314,-5.113,-2.105,-4.993,-21.39,MANEUVERING
5210.0,-5218.435,1910.701,4466.314,-5.113,-2.105,-4.993,-21.39,SENSING
5210.0,-5218.435,1910.701,4466.314,-5.113,-2.105,-4.993,-21.39,MEASURING
5210.0,-5218.435,1910.701,4466.314,-5.113,-2.105,-4.993,-21.39,SENSING
5210.0,-5218.435,1910.701,4466.314,-5.113,-2.105,-4.993,-21.39,LISTENING
5220.0,-5269.244,1889.589,4416.17,-5.056,-2.126,-5.041,-21.39,SENSING
5220.0,-5269.244,1889.589,4416.17,-5.056,-2.126,-5.041,-21.39,MEASURING
5220.0,-5269.244,1889.589,4416.17,-5.056,-2.126,-5.041,-21.39,SENSING
5220.0,-5269.244,1889.589,4416.17,-5.056,-2.126,-5.041,-21.39,LISTENING
5226.23,-5300.605,1876.332,4384.685,-5.019,-2.138,-5.071,-21.39,SENSING
5226.23,-5300.605,1876.332,4384.685,-5.019,-2.138,-5.071,-21.39,MANEUVERING
5226.23,-5300.605,1876.332,4384.685,-5.019,-2.138,-5.071,-21.39,LISTENING
5240.0,-5369.12,1846.748,4314.433,-4.939,-2.167,-5.137,-7.62,MANEUVERING
5240.0,-5369.12,1846.748,4314.433,-4.939,-2.167,-5.137,-7.62,SENSING
5240.0,-5369.12,1846.748,4314.433,-4.939,-2.167,-5.137,-7.62,MEASURING
5240.0,-5369.12,1846.748,4314.433,-4.939,-2.167,-5.137,-7.62,SENSING
5240.0,-5369.12,1846.748,4314.433,-4.939,-2.167,-5.137,-7.62,LISTENING
5250.0,-5418.177,1825.022,4262.85,-4.88,-2.187,-5.184,-7.62,SENSING
5250.0,-5418.177,1825.022,4262.85,-4.88,-2.187,-5.184,-7.62,MEASURING
5250.0,-5418.177,1825.022,4262.85,-4.88,-2.187,-5.184,-7.62,SENSING
5250.0,-5418.177,1825.022,4262.85,-4.88,-2.187,-5.184,-7.62,LISTENING
5260.0,-5466.639,1803.097,4210.8,-4.82,-2.207,-5.231,-7.62,SENSING
5260.0,-5466.639,1803.097,4210.8,-4.82,-2.207,-5.231,-7.62,MEASURING
5260.0,-5466.639,1803.097,4210.8,-4.82,-2.207,-5.231,-7.62,SENSING
5260.0,-5466.639,1803.097,4210.8,-4.82,-2.207,-5.231,-7.62,LISTENING
5292.57,-5620.296,1730.331,4038.099,-4.622,-2.27,-5.378,-7.62,SENSING
5292.57,-5620.296,1730.331,4038.099,-4.622,-2.27,-5.378,-7.62,MANEUVERING
5292.57,-5620.296,1730.331,4038.099,-4.622,-2.27,-5.378,-7.62,LISTENING
5310.0,-5699.852,1690.56,3943.734,-4.513,-2.302,-5.455,9.81,MANEUVERING
5310.0,-5699.852,1690.56,3943.734,-4.513,-2.302,-5.455,9.81,SENSING
5310.0,-5699.852,1690.56,3943.734,-4.513,-2.302,-5.455,9.81,MEASURING
5310.0,-5699.852,1690.56,3943.734,-4.513,-2.302,-5.455,9.81,SENSING
5310.0,-5699.852,1690.56,3943.734,-4.513,-2.302,-5.455,9.81,LISTENING
5315.1,-5722.772,1678.816,3915.873,-4.481,-2.312,-5.477,9.81,SENSING
5315.1,-5722.772,1678.816,3915.873,-4.481,-2.312,-5.477,9.81,MANEUVERING
5315.1,-5722.772,1678.816,3915.873,-4.481,-2.312,-5.477,9.81,LISTENING
5320.0,-5744.639,1667.488,3888.999,-4.451,-2.321,-5.498,14.71,MANEUVERING
5320.0,-5744.639,1667.488,3888.999,-4.451,-2.321,-5.498,14.71,SENSING
5320.0,-5744.639,1667.488,3888.999,-4.451,-2.321,-5.498,14.71,MEASURING
5320.0,-5744.639,1667.488,3888.999,-4.451,-2.321,-5.498,14.71,SENSING
5320.0,-5744.639,1667.488,3888.999,-4.451,-2.321,-5.498,14.71,LISTENING
5330.0,-5788.798,1644.233,3833.838,-4.387,-2.339,-5.54,14.71,SENSING
5330.0,-5788.798,1644.233,3833.838,-4.387,-2.339,-5.54,14.71,MEASURING
5330.0,-5788.798,1644.233,3833.838,-4.387,-2.339,-5.54,14.71,SENSING
5330.0,-5788.798,1644.233,3833.838,-4.387,-2.339,-5.54,14.71,LISTENING
5340.0,-5832.322,1620.799,3778.257,-4.324,-2.357,-5.582,14.71,SENSING
5340.0,-5832.322,1620.799,3778.257,-4.324,-2.357,-5.582,14.71,MEASURING
5340.0,-5832.322,1620.799,3778.257,-4.324,-2.357,-5.582,14.71,SENSING
5340.0,-5832.322,1620.799,3778.257,-4.324,-2.357,-5.582,14.71,LISTENING
5350.0,-5875.207,1597.188,3722.262,-4.259,-2.374,-5.623,14.71,SENSING
5350.0,-5875.207,1597.188,3722.262,-4.259,-2.374,-5.623,14.71,MEASURING
5350.0,-5875.207,1597.188,3722.262,-4.259,-2.374,-5.623,14.71,SENSING
5350.0,-5875.207,1597.188,3722.262,-4.259,-2.374,-5.623,14.71,LISTENING
5356.77,-5903.875,1581.103,3684.121,-4.216,-2.386,-5.65,14.71,SENSING
5356.77,-5903.875,1581.103,3684.121,-4.216,-2.386,-5.65,14.71,MANEUVERING
5356.77,-5903.875,1581.103,3684.121,-4.216,-2.386,-5.65,14.71,LISTENING
5370.0,-5959.042,1549.444,3609.054,-4.13,-2.409,-5.703,27.94,MANEUVERING
5370.0,-5959.042,1549.444,3609.054,-4.13,-2.409,-5.703,27.94,SENSING
5370.0,-5959.042,1549.444,3609.054,-4.13,-2.409,-5.703,27.94,MEASURING
5370.0,-5959.042,1549.444,3609.054,-4.13,-2.409,-5.703,27.94,SENSING
5370.0,-5959.042,1549.444,3609.054,-4.13,-2.409,-5.703,27.94,LISTENING
5376.11,-5984.135,1534.722,3574.152,-4.09,-2.419,-5.727,27.94,SENSING
5376.11,-5984.135,1534.722,3574.152,-4.09,-2.419,-5.727,27.94,MANEUVERING
5376.11,-5984.135,1534.722,3574.152,-4.09,-2.419,-5.727,27.94,LISTENING
5380.0,-5999.984,1525.317,3551.854,-4.064,-2.426,-5.743,31.83,MANEUVERING
5380.0,-5999.984,1525.317,3551.854,-4.064,-2.426,-5.743,31.83,SENSING
5380.0,-5999.984,1525.317,3551.854,-4.064,-2.426,-5.743,31.83,MEASURING
5380.0,-5999.984,1525.317,3551.854,-4.064,-2.426,-5.743,31.83,SENSING
5380.0,-5999.984,1525.317,3551.854,-4.064,-2.426,-5.743,31.83,LISTENING
5386.9,-6027.85,1508.572,3512.159,-4.019,-2.437,-5.769,31.83,SENSING
5386.9,-6027.85,1508.572,3512.159,-4.019,-2.437,-5.769,31.83,MANEUVERING
5386.9,-6027.85,1508.572,3512.159,-4.019,-2.437,-5.769,31.83,LISTENING
5390.0,-6040.268,1501.023,3494.265,-3.998,-2.442,-5.781,28.73,MANEUVERING
5390.0,-6040.268,1501.023,3494.265,-3.998,-2.442,-5.781,28.73,SENSING
5390.0,-6040.268,1501.023,3494.265,-3.998,-2.442,-5.781,28.73,MEASURING
5390.0,-6040.268,1501.023,3494.265,-3.998,-2.442,-5.781,28.73,SENSING
5390.0,-6040.268,1501.023,3494.265,-3.998,-2.442,-5.781,28.73,LISTENING
5397.48,-6069.969,1482.744,3450.938,-3.949,-2.454,-5.81,28.73,SENSING
5397.48,-6069.969,1482.744,3450.938,-3.949,-2.454,-5.81,28.73,MANEUVERING
5397.48,-6069.969,1482.744,3450.938,-3.949,-2.454,-5.81,28.73,LISTENING
5400.0,-6079.891,1476.565,3436.294,-3.932,-2.458,-5.819,31.25,MANEUVERING
5400.0,-6079.891,1476.565,3436.294,-3.932,-2.458,-5.819,31.25,SENSING
5400.0,-6079.891,1476.565,3436.294,-3.932,-2.458,-5.819,31.25,MEASURING
5400.0,-6079.891,1476.565,3436.294,-3.932,-2.458,-5.819,31.25,SENSING
5400.0,-6079.891,1476.565,3436.294,-3.932,-2.458,-5.819,31.25,LISTENING
5480.55,-6374.445,1273.914,2956.171,-3.383,-2.58,-6.101,31.25,SENSING
5480.55,-6374.445,1273.914,2956.171,-3.383,-2.58,-6.101,31.25,LISTENING
5520.0,-6502.338,1171.286,2713.162,-3.105,-2.632,-6.223,31.25,SENSING
5520.0,-6502.338,1171.286,2713.162,-3.105,-2.632,-6.223,31.25,LISTENING
5574.79,-6661.583,1025.493,2368.096,-2.711,-2.698,-6.376,31.25,SENSING
5574.79,-6661.583,1025.493,2368.096,-2.711,-2.698,-6.376,31.25,LISTENING
5610.0,-6752.429,930.002,2142.175,-2.453,-2.736,-6.462,31.25,SENSING
5610.0,-6752.429,930.002,2142.175,-2.453,-2.736,-6.462,31.25,LISTENING
6372.7,-6400.192,-1218.829,-2923.865,3.329,-2.609,-6.118,31.25,SENSING
6372.7,-6400.192,-1218.829,-2923.865,3.329,-2.609,-6.118,31.25,LISTENING
6390.0,-6341.597,-1263.672,-3029.169,3.45,-2.585,-6.062,31.25,SENSING
6390.0,-6341.597,-1263.672,-3029.169,3.45,-2.585,-6.062,31.25,LISTENING
6398.23,-6312.992,-1284.861,-3078.918,3.507,-2.574,-6.034,31.25,SENSING
6398.23,-6312.992,-1284.861,-3078.918,3.507,-2.574,-6.034,31.25,LISTENING
6402.65,-6297.436,-1296.202,-3105.543,3.537,-2.567,-6.019,31.25,SENSING
6402.65,-6297.436,-1296.202,-3105.543,3.537,-2.567,-6.019,31.25,LISTENING
6410.0,-6271.272,-1314.999,-3149.67,3.588,-2.557,-5.994,31.25,SENSING
6410.0,-6271.272,-1314.999,-3149.67,3.588,-2.557,-5.994,31.25,LISTENING
6420.0,-6235.078,-1340.449,-3209.406,3.656,-2.542,-5.959,31.25,SENSING
6420.0,-6235.078,-1340.449,-3209.406,3.656,-2.542,-5.959,31.25,LISTENING
6438.05,-6168.026,-1386.013,-3316.338,3.779,-2.516,-5.895,31.25,SENSING
6438.05,-6168.026,-1386.013,-3316.338,3.779,-2.516,-5.895,31.25,LISTENING
6438.51,-6166.289,-1387.168,-3319.048,3.782,-2.515,-5.893,31.25,SENSING
6438.51,-6166.289,-1387.168,-3319.048,3.782,-2.515,-5.893,31.25,LISTENING
6450.0,-6122.423,-1415.909,-3386.484,3.859,-2.497,-5.851,31.25,SENSING
6450.0,-6122.423,-1415.909,-3386.484,3.859,-2.497,-5.851,31.25,LISTENING
6480.0,-6003.739,-1489.978,-3560.225,4.058,-2.45,-5.737,31.25,SENSING
6480.0,-6003.739,-1489.978,-3560.225,4.058,-2.45,-5.737,31.25,LISTENING
6483.39,-5989.954,-1498.257,-3579.64,4.081,-2.444,-5.724,31.25,SENSING
6483.39,-5989.954,-1498.257,-3579.64,4.081,-2.444,-5.724,31.25,LISTENING
6485.14,-5982.808,-1502.524,-3589.645,4.092,-2.441,-5.717,31.25,SENSING
6485.14,-5982.808,-1502.524,-3589.645,4.092,-2.441,-5.717,31.25,LISTENING
6520.0,-5836.313,-1586.446,-3786.392,4.318,-2.382,-5.576,31.25,SENSING
6520.0,-5836.313,-1586.446,-3786.392,4.318,-2.382,-5.576,31.25,LISTENING
6530.0,-5792.847,-1610.137,-3841.912,4.382,-2.365,-5.534,31.25,SENSING
6530.0,-5792.847,-1610.137,-3841.912,4.382,-2.365,-5.534,31.25,LISTENING
6531.6,-5785.833,-1613.911,-3850.756,4.392,-2.362,-5.527,31.25,SENSING
6531.6,-5785.833,-1613.911,-3850.756,4.392,-2.362,-5.527,31.25,LISTENING
6540.0,-5748.746,-1633.651,-3897.011,4.445,-2.347,-5.491,31.25,SENSING
6540.0,-5748.746,-1633.651,-3897.011,4.445,-2.347,-5.491,31.25,LISTENING
6554.19,-5685.086,-1666.71,-3974.461,4.534,-2.321,-5.43,31.25,SENSING
6554.19,-5685.086,-1666.71,-3974.461,4.534,-2.321,-5.43,31.25,LISTENING
6560.0,-5658.659,-1680.141,-4005.92,4.57,-2.311,-5.405,31.25,SENSING
6560.0,-5658.659,-1680.141,-4005.92,4.57,-2.311,-5.405,31.25,LISTENING
6570.0,-5612.682,-1703.111,-4059.719,4.632,-2.292,-5.36,31.25,SENSING
6570.0,-5612.682,-1703.111,-4059.719,4.632,-2.292,-5.36,31.25,LISTENING
6576.82,-5580.972,-1718.67,-4096.155,4.674,-2.279,-5.33,31.25,SENSING
6576.82,-5580.972,-1718.67,-4096.155,4.674,-2.279,-5.33,31.25,LISTENING
6580.0,-5566.09,-1725.895,-4113.073,4.693,-2.273,-5.316,31.25,SENSING
6580.0,-5566.09,-1725.895,-4113.073,4.693,-2.273,-5.316,31.25,LISTENING
6580.0,-5566.09,-1725.895,-4113.073,4.693,-2.273,-5.316,31.25,SENSING
6580.0,-5566.09,-1725.895,-4113.073,4.693,-2.273,-5.316,31.25,LISTENING
6595.42,-5493.05,-1760.658,-4194.457,4.787,-2.244,-5.245,31.25,SENSING
6595.42,-5493.05,-1760.658,-4194.457,4.787,-2.244,-5.245,31.25,LISTENING
6597.05,-5485.245,-1764.306,-4202.996,4.797,-2.241,-5.238,31.25,SENSING
6597.05,-5485.245,-1764.306,-4202.996,4.797,-2.241,-5.238,31.25,LISTENING
6610.0,-5422.671,-1793.105,-4270.401,4.874,-2.215,-5.178,31.25,SENSING
6610.0,-5422.671,-1793.105,-4270.401,4.874,-2.215,-5.178,31.25,LISTENING
6616.78,-5389.511,-1808.052,-4305.379,4.914,-2.202,-5.146,31.25,SENSING
6616.78,-5389.511,-1808.052,-4305.379,4.914,-2.202,-5.146,31.25,LISTENING
6617.3,-5386.956,-1809.194,-4308.053,4.918,-2.201,-5.143,31.25,SENSING
6617.3,-5386.956,-1809.194,-4308.053,4.918,-2.201,-5.143,31.25,LISTENING
6620.0,-5373.667,-1815.119,-4321.914,4.933,-2.196,-5.13,31.25,SENSING
6620.0,-5373.667,-1815.119,-4321.914,4.933,-2.196,-5.13,31.25,LISTENING
6633.81,-5305.024,-1845.192,-4392.273,5.014,-2.168,-5.064,31.25,SENSING
6633.81,-5305.024,-1845.192,-4392.273,5.014,-2.168,-5.064,31.25,LISTENING
6640.0,-5273.896,-1858.547,-4423.511,5.05,-2.155,-5.034,31.25,SENSING
6640.0,-5273.896,-1858.547,-4423.511,5.05,-2.155,-5.034,31.25,LISTENING
6651.34,-5216.294,-1882.811,-4480.256,5.116,-2.132,-4.979,31.25,SENSING
6651.34,-5216.294,-1882.811,-4480.256,5.116,-2.132,-4.979,31.25,LISTENING
6660.0,-5171.808,-1901.162,-4523.164,5.165,-2.114,-4.936,31.25,SENSING
6660.0,-5171.808,-1901.162,-4523.164,5.165,-2.114,-4.936,31.25,LISTENING
6669.52,-5122.413,-1921.154,-4569.903,5.219,-2.094,-4.888,31.25,SENSING
6669.52,-5122.413,-1921.154,-4569.903,5.219,-2.094,-4.888,31.25,LISTENING
6680.0,-5067.447,-1942.943,-4620.828,5.278,-2.072,-4.835,31.25,SENSING
6680.0,-5067.447,-1942.943,-4620.828,5.278,-2.072,-4.835,31.25,LISTENING
6680.05,-5067.184,-1943.046,-4621.07,5.278,-2.072,-4.835,31.25,SENSING
6680.05,-5067.184,-1943.046,-4621.07,5.278,-2.072,-4.835,31.25,LISTENING
6688.27,-5023.641,-1959.971,-4660.621,5.324,-2.054,-4.793,31.25,SENSING
6688.27,-5023.641,-1959.971,-4660.621,5.324,-2.054,-4.793,31.25,LISTENING
6690.0,-5014.429,-1963.514,-4668.901,5.333,-2.05,-4.784,31.25,SENSING
6690.0,-5014.429,-1963.514,-4668.901,5.333,-2.05,-4.784,31.25,LISTENING
6700.0,-4960.859,-1983.871,-4716.46,5.388,-2.029,-4.733,31.25,SENSING
6700.0,-4960.859,-1983.871,-4716.46,5.388,-2.029,-4.733,31.25,LISTENING
6701.1,-4954.933,-1986.097,-4721.66,5.394,-2.026,-4.727,31.25,SENSING
6701.1,-4954.933,-1986.097,-4721.66,5.394,-2.026,-4.727,31.25,LISTENING
6710.0,-4906.744,-2004.01,-4763.501,5.443,-2.007,-4.68,31.25,SENSING
6710.0,-4906.744,-2004.01,-4763.501,5.443,-2.007,-4.68,31.25,LISTENING
6710.0,-4906.744,-2004.01,-4763.501,5.443,-2.007,-4.68,31.25,SENSING
6710.0,-4906.744,-2004.01,-4763.501,5.443,-2.007,-4.68,31.25,MESSAGING
6710.0,-4906.744,-2004.01,-4763.501,5.443,-2.007,-4.68,31.25,MESSAGING
6710.0,-4906.744,-2004.01,-4763.501,5.443,-2.007,-4.68,31.25,SENSING
6710.0,-4906.744,-2004.01,-4763.501,5.443,-2.007,-4.68,31.25,LISTENING
6710.0,-4906.744,-2004.01,-4763.501,5.443,-2.007,-4.68,31.25,SENSING
6710.0,-4906.744,-2004.01,-4763.501,5.443,-2.007,-4.68,31.25,LISTENING
6710.0,-4906.744,-2004.01,-4763.501,5.443,-2.007,-4.68,31.25,SENSING
6710.0,-4906.744,-2004.01,-4763.501,5.443,-2.007,-4.68,31.25,LISTENING
6710.0,-4906.744,-2004.01,-4763.501,5.443,-2.007,-4.68,31.25,SENSING
6710.0,-4906.744,-2004.01,-4763.501,5.443,-2.007,-4.68,31.25,LISTENING
6710.0,-4906.744,-2004.01,-4763.501,5.443,-2.007,-4.68,31.25,SENSING
6710.0,-4906.744,-2004.01,-4763.501,5.443,-2.007,-4.68,31.25,MESSAGING
6710.0,-4906.744,-2004.01,-4763.501,5.443,-2.007,-4.68,31.25,MESSAGING
6710.0,-4906.744,-2004.01,-4763.501,5.443,-2.007,-4.68,31.25,SENSING
6710.0,-4906.744,-2004.01,-4763.501,5.443,-2.007,-4.68,31.25,LISTENING
6710.0,-4906.744,-2004.01,-4763.501,5.443,-2.007,-4.68,31.25,SENSING
6710.0,-4906.744,-2004.01,-4763.501,5.443,-2.007,-4.68,31.25,LISTENING
6721.25,-4845.219,-2026.403,-4815.795,5.503,-1.982,-4.621,31.25,SENSING
6721.25,-4845.219,-2026.403,-4815.795,5.503,-1.982,-4.621,31.25,LISTENING
6730.0,-4796.9,-2043.626,-4856.004,5.549,-1.962,-4.574,31.25,SENSING
6730.0,-4796.9,-2043.626,-4856.004,5.549,-1.962,-4.574,31.25,LISTENING
6734.47,-4772.06,-2052.358,-4876.388,5.573,-1.952,-4.55,31.25,SENSING
6734.47,-4772.06,-2052.358,-4876.388,5.573,-1.952,-4.55,31.25,LISTENING
6750.0,-4684.945,-2082.345,-4946.369,5.654,-1.917,-4.466,31.25,SENSING
6750.0,-4684.945,-2082.345,-4946.369,5.654,-1.917,-4.466,31.25,LISTENING
6752.11,-4673.013,-2086.376,-4955.776,5.665,-1.912,-4.455,31.25,SENSING
6752.11,-4673.013,-2086.376,-4955.776,5.665,-1.912,-4.455,31.25,LISTENING
6770.0,-4570.927,-2120.148,-5034.555,5.756,-1.87,-4.356,31.25,SENSING
6770.0,-4570.927,-2120.148,-5034.555,5.756,-1.87,-4.356,31.25,LISTENING
6770.0,-4570.927,-2120.148,-5034.555,5.756,-1.87,-4.356,31.25,SENSING
6770.0,-4570.927,-2120.148,-5034.555,5.756,-1.87,-4.356,31.25,LISTENING
6780.56,-4509.911,-2139.734,-5080.225,5.809,-1.846,-4.298,31.25,SENSING
6780.56,-4509.911,-2139.734,-5080.225,5.809,-1.846,-4.298,31.25,LISTENING
6790.0,-4454.896,-2157.02,-5120.523,5.855,-1.823,-4.244,31.25,SENSING
6790.0,-4454.896,-2157.02,-5120.523,5.855,-1.823,-4.244,31.25,LISTENING
6790.0,-4454.896,-2157.02,-5120.523,5.855,-1.823,-4.244,31.25,SENSING
6790.0,-4454.896,-2157.02,-5120.523,5.855,-1.823,-4.244,31.25,MESSAGING
6790.0,-4454.896,-2157.02,-5120.523,5.855,-1.823,-4.244,31.25,MESSAGING
6790.0,-4454.896,-2157.02,-5120.523,5.855,-1.823,-4.244,31.25,SENSING
6790.0,-4454.896,-2157.02,-5120.523,5.855,-1.823,-4.244,31.25,LISTENING
6790.0,-4454.896,-2157.02,-5120.523,5.855,-1.823,-4.244,31.25,SENSING
6790.0,-4454.896,-2157.02,-5120.523,5.855,-1.823,-4.244,31.25,LISTENING
6790.0,-4454.896,-2157.02,-5120.523,5.855,-1.823,-4.244,31.25,SENSING
6790.0,-4454.896,-2157.02,-5120.523,5.855,-1.823,-4.244,31.25,LISTENING
6790.0,-4454.896,-2157.02,-5120.523,5.855,-1.823,-4.244,31.25,SENSING
6790.0,-4454.896,-2157.02,-5120.523,5.855,-1.823,-4.244,31.25,LISTENING
6790.0,-4454.896,-2157.02,-5120.523,5.855,-1.823,-4.244,31.25,SENSING
6790.0,-4454.896,-2157.02,-5120.523,5.855,-1.823,-4.244,31.25,LISTENING
6790.0,-4454.896,-2157.02,-5120.523,5.855,-1.823,-4.244,31.25,SENSING
6790.0,-4454.896,-2157.02,-5120.523,5.855,-1.823,-4.244,31.25,LISTENING
6790.0,-4454.896,-2157.02,-5120.523,5.855,-1.823,-4.244,31.25,SENSING
6790.0,-4454.896,-2157.02,-5120.523,5.855,-1.823,-4.244,31.25,MESSAGING
6790.0,-4454.896,-2157.02,-5120.523,5.855,-1.823,-4.244,31.25,SENSING
6790.0,-4454.896,-2157.02,-5120.523,5.855,-1.823,-4.244,31.25,MESSAGING
6790.0,-4454.896,-2157.02,-5120.523,5.855,-1.823,-4.244,31.25,SENSING
6790.0,-4454.896,-2157.02,-5120.523,5.855,-1.823,-4.244,31.25,LISTENING
6800.0,-4396.141,-2175.101,-5162.662,5.904,-1.8,-4.188,31.25,SENSING
6800.0,-4396.141,-2175.101,-5162.662,5.904,-1.8,-4.188,31.25,LISTENING
6810.0,-4336.901,-2192.943,-5204.232,5.952,-1.775,-4.131,31.25,SENSING
6810.0,-4336.901,-2192.943,-5204.232,5.952,-1.775,-4.131,31.25,LISTENING
6834.01,-4192.726,-2234.794,-5301.69,6.065,-1.717,-3.991,31.25,SENSING
6834.01,-4192.726,-2234.794,-5301.69,6.065,-1.717,-3.991,31.25,LISTENING
6840.0,-4156.338,-2245.014,-5325.48,6.093,-1.702,-3.956,31.25,SENSING
6840.0,-4156.338,-2245.014,-5325.48,6.093,-1.702,-3.956,31.25,LISTENING
6849.15,-4100.437,-2260.456,-5361.413,6.135,-1.679,-3.902,31.25,SENSING
6849.15,-4100.437,-2260.456,-5361.413,6.135,-1.679,-3.902,31.25,LISTENING
6851.03,-4088.904,-2263.603,-5368.735,6.143,-1.675,-3.891,31.25,SENSING
6851.03,-4088.904,-2263.603,-5368.735,6.143,-1.675,-3.891,31.25,LISTENING
6860.0,-4033.659,-2278.496,-5403.38,6.183,-1.652,-3.838,31.25,SENSING
6860.0,-4033.659,-2278.496,-5403.38,6.183,-1.652,-3.838,31.25,LISTENING
6870.0,-3971.649,-2294.861,-5441.438,6.228,-1.627,-3.778,31.25,SENSING
6870.0,-3971.649,-2294.861,-5441.438,6.228,-1.627,-3.778,31.25,LISTENING
6880.0,-3909.199,-2310.974,-5478.894,6.271,-1.602,-3.717,31.25,SENSING
6880.0,-3909.199,-2310.974,-5478.894,6.271,-1.602,-3.717,31.25,LISTENING
6886.86,-3866.109,-2321.88,-5504.239,6.301,-1.584,-3.676,31.25,SENSING
6886.86,-3866.109,-2321.88,-5504.239,6.301,-1.584,-3.676,31.25,LISTENING
6890.0,-3846.319,-2326.831,-5515.745,6.314,-1.576,-3.657,31.25,SENSING
6890.0,-3846.319,-2326.831,-5515.745,6.314,-1.576,-3.657,31.25,LISTENING
6896.11,-3807.689,-2336.394,-5537.961,6.34,-1.56,-3.619,31.25,SENSING
6896.11,-3807.689,-2336.394,-5537.961,6.34,-1.56,-3.619,31.25,LISTENING
6900.0,-3783.013,-2342.433,-5551.986,6.356,-1.55,-3.595,31.25,SENSING
6900.0,-3783.013,-2342.433,-5551.986,6.356,-1.55,-3.595,31.25,LISTENING
6910.0,-3719.289,-2357.776,-5587.614,6.398,-1.524,-3.534,31.25,SENSING
6910.0,-3719.289,-2357.776,-5587.614,6.398,-1.524,-3.534,31.25,LISTENING
6915.94,-3681.242,-2366.766,-5608.484,6.422,-1.509,-3.497,31.25,SENSING
6915.94,-3681.242,-2366.766,-5608.484,6.422,-1.509,-3.497,31.25,LISTENING
6920.0,-3655.154,-2372.859,-5622.623,6.438,-1.498,-3.472,31.25,SENSING
6920.0,-3655.154,-2372.859,-5622.623,6.438,-1.498,-3.472,31.25,LISTENING
6926.42,-3613.765,-2382.404,-5644.772,6.464,-1.481,-3.432,31.25,SENSING
6926.42,-3613.765,-2382.404,-5644.772,6.464,-1.481,-3.432,31.25,LISTENING
6930.0,-3590.614,-2387.68,-5657.011,6.479,-1.472,-3.409,31.25,SENSING
6930.0,-3590.614,-2387.68,-5657.011,6.479,-1.472,-3.409,31.25,LISTENING
6940.0,-3525.678,-2402.238,-5690.773,6.518,-1.445,-3.346,31.25,SENSING
6940.0,-3525.678,-2402.238,-5690.773,6.518,-1.445,-3.346,31.25,LISTENING
6945.04,-3492.802,-2409.474,-5707.55,6.538,-1.432,-3.315,31.25,SENSING
6945.04,-3492.802,-2409.474,-5707.55,6.538,-1.432,-3.315,31.25,LISTENING
6945.45,-3490.123,-2410.06,-5708.908,6.539,-1.431,-3.312,31.25,SENSING
6945.45,-3490.123,-2410.06,-5708.908,6.539,-1.431,-3.312,31.25,LISTENING
6950.0,-3460.352,-2416.53,-5723.904,6.557,-1.419,-3.283,31.25,SENSING
6950.0,-3460.352,-2416.53,-5723.904,6.557,-1.419,-3.283,31.25,LISTENING
6966.17,-3353.912,-2439.076,-5776.136,6.618,-1.375,-3.18,31.25,SENSING
6966.17,-3353.912,-2439.076,-5776.136,6.618,-1.375,-3.18,31.25,LISTENING
6970.0,-3328.557,-2444.314,-5788.264,6.632,-1.365,-3.156,31.25,SENSING
6970.0,-3328.557,-2444.314,-5788.264,6.632,-1.365,-3.156,31.25,LISTENING
6974.85,-3296.373,-2450.889,-5803.485,6.65,-1.352,-3.125,31.25,SENSING
6974.85,-3296.373,-2450.889,-5803.485,6.65,-1.352,-3.125,31.25,LISTENING
6981.98,-3248.903,-2460.439,-5825.588,6.675,-1.332,-3.079,31.25,SENSING
6981.98,-3248.903,-2460.439,-5825.588,6.675,-1.332,-3.079,31.25,LISTENING
6990.0,-3195.289,-2471.017,-5850.058,6.704,-1.31,-3.027,31.25,SENSING
6990.0,-3195.289,-2471.017,-5850.058,6.704,-1.31,-3.027,31.25,LISTENING
6990.0,-3195.289,-2471.017,-5850.058,6.704,-1.31,-3.027,31.25,SENSING
6990.0,-3195.289,-2471.017,-5850.058,6.704,-1.31,-3.027,31.25,LISTENING
7063.21,-2695.83,-2559.356,-6053.931,6.944,-1.106,-2.543,31.25,SENSING
7063.21,-2695.83,-2559.356,-6053.931,6.944,-1.106,-2.543,31.25,LISTENING
7080.0,-2578.915,-2577.493,-6095.651,6.993,-1.058,-2.429,31.25,SENSING
7080.0,-2578.915,-2577.493,-6095.651,6.993,-1.058,-2.429,31.25,LISTENING
7080.0,-2578.915,-2577.493,-6095.651,6.993,-1.058,-2.429,31.25,SENSING
7080.0,-2578.915,-2577.493,-6095.651,6.993,-1.058,-2.429,31.25,LISTENING
7084.05,-2550.591,-2581.748,-6105.43,7.004,-1.047,-2.402,31.25,SENSING
7084.05,-2550.591,-2581.748,-6105.43,7.004,-1.047,-2.402,31.25,LISTENING
7090.0,-2508.896,-2587.914,-6119.594,7.021,-1.03,-2.361,31.25,SENSING
7090.0,-2508.896,-2587.914,-6119.594,7.021,-1.03,-2.361,31.25,LISTENING
7095.66,-2469.141,-2593.684,-6132.844,7.037,-1.013,-2.323,31.25,SENSING
7095.66,-2469.141,-2593.684,-6132.844,7.037,-1.013,-2.323,31.25,LISTENING
7100.0,-2438.598,-2598.047,-6142.856,7.049,-1.001,-2.293,31.25,SENSING
7100.0,-2438.598,-2598.047,-6142.856,7.049,-1.001,-2.293,31.25,LISTENING
7105.6,-2399.112,-2603.596,-6155.585,7.064,-0.985,-2.255,31.25,SENSING
7105.6,-2399.112,-2603.596,-6155.585,7.064,-0.985,-2.255,31.25,LISTENING
7110.0,-2368.028,-2607.892,-6165.435,7.075,-0.972,-2.225,31.25,SENSING
7110.0,-2368.028,-2607.892,-6165.435,7.075,-0.972,-2.225,31.25,LISTENING
7110.0,-2368.028,-2607.892,-6165.435,7.075,-0.972,-2.225,31.25,SENSING
7110.0,-2368.028,-2607.892,-6165.435,7.075,-0.972,-2.225,31.25,MESSAGING
7110.0,-2368.028,-2607.892,-6165.435,7.075,-0.972,-2.225,31.25,MESSAGING
7110.0,-2368.028,-2607.892,-6165.435,7.075,-0.972,-2.225,31.25,SENSING
7110.0,-2368.028,-2607.892,-6165.435,7.075,-0.972,-2.225,31.25,LISTENING
7110.0,-2368.028,-2607.892,-6165.435,7.075,-0.972,-2.225,31.25,SENSING
7110.0,-2368.028,-2607.892,-6165.435,7.075,-0.972,-2.225,31.25,LISTENING
7110.0,-2368.028,-2607.892,-6165.435,7.075,-0.972,-2.225,31.25,SENSING
7110.0,-2368.028,-2607.892,-6165.435,7.075,-0.972,-2.225,31.25,LISTENING
7110.0,-2368.028,-2607.892,-6165.435,7.075,-0.972,-2.225,31.25,SENSING
7110.0,-2368.028,-2607.892,-6165.435,7.075,-0.972,-2.225,31.25,MESSAGING
7110.0,-2368.028,-2607.892,-6165.435,7.075,-0.972,-2.225,31.25,SENSING
7110.0,-2368.028,-2607.892,-6165.435,7.075,-0.972,-2.225,31.25,MESSAGING
7110.0,-2368.028,-2607.892,-6165.435,7.075,-0.972,-2.225,31.25,SENSING
7110.0,-2368.028,-2607.892,-6165.435,7.075,-0.972,-2.225,31.25,LISTENING
7110.0,-2368.028,-2607.892,-6165.435,7.075,-0.972,-2.225,31.25,SENSING
7110.0,-2368.028,-2607.892,-6165.435,7.075,-0.972,-2.225,31.25,LISTENING
7110.0,-2368.028,-2607.892,-6165.435,7.075,-0.972,-2.225,31.25,SENSING
7110.0,-2368.028,-2607.892,-6165.435,7.075,-0.972,-2.225,31.25,LISTENING
7110.0,-2368.028,-2607.892,-6165.435,7.075,-0.972,-2.225,31.25,SENSING
7110.0,-2368.028,-2607.892,-6165.435,7.075,-0.972,-2.225,31.25,LISTENING
7110.0,-2368.028,-2607.892,-6165.435,7.075,-0.972,-2.225,31.25,SENSING
7110.0,-2368.028,-2607.892,-6165.435,7.075,-0.972,-2.225,31.25,LISTENING
7110.0,-2368.028,-2607.892,-6165.435,7.075,-0.972,-2.225,31.25,SENSING
7110.0,-2368.028,-2607.892,-6165.435,7.075,-0.972,-2.225,31.25,LISTENING
7110.0,-2368.028,-2607.892,-6165.435,7.075,-0.972,-2.225,31.25,SENSING
7110.0,-2368.028,-2607.892,-6165.435,7.075,-0.972,-2.225,31.25,LISTENING
7110.0,-2368.028,-2607.892,-6165.435,7.075,-0.972,-2.225,31.25,SENSING
7110.0,-2368.028,-2607.892,-6165.435,7.075,-0.972,-2.225,31.25,LISTENING
7110.0,-2368.028,-2607.892,-6165.435,7.075,-0.972,-2.225,31.25,SENSING
7110.0,-2368.028,-2607.892,-6165.435,7.075,-0.972,-2.225,31.25,LISTENING
7120.0,-2297.196,-2617.448,-6187.328,7.101,-0.943,-2.156,31.25,SENSING
7120.0,-2297.196,-2617.448,-6187.328,7.101,-0.943,-2.156,31.25,LISTENING
7126.75,-2249.239,-2623.734,-6201.718,7.118,-0.923,-2.11,31.25,SENSING
7126.75,-2249.239,-2623.734,-6201.718,7.118,-0.923,-2.11,31.25,LISTENING
7130.0,-2226.108,-2626.714,-6208.534,7.126,-0.914,-2.087,31.25,SENSING
7130.0,-2226.108,-2626.714,-6208.534,7.126,-0.914,-2.087,31.25,LISTENING
7140.0,-2154.773,-2635.688,-6229.048,7.151,-0.884,-2.018,31.25,SENSING
7140.0,-2154.773,-2635.688,-6229.048,7.151,-0.884,-2.018,31.25,LISTENING
7153.13,-2060.746,-2647.026,-6254.93,7.182,-0.846,-1.927,31.25,SENSING
7153.13,-2060.746,-2647.026,-6254.93,7.182,-0.846,-1.927,31.25,LISTENING
7160.0,-2011.39,-2652.757,-6267.994,7.197,-0.826,-1.879,31.25,SENSING
7160.0,-2011.39,-2652.757,-6267.994,7.197,-0.826,-1.879,31.25,LISTENING
7169.72,-1941.379,-2660.627,-6285.914,7.219,-0.797,-1.811,31.25,SENSING
7169.72,-1941.379,-2660.627,-6285.914,7.219,-0.797,-1.811,31.25,LISTENING
7184.63,-1833.591,-2672.157,-6312.116,7.25,-0.753,-1.706,31.25,SENSING
7184.63,-1833.591,-2672.157,-6312.116,7.25,-0.753,-1.706,31.25,LISTENING
7200.0,-1722.002,-2683.351,-6337.49,7.28,-0.707,-1.597,31.25,SENSING
7200.0,-1722.002,-2683.351,-6337.49,7.28,-0.707,-1.597,31.25,LISTENING
7210.0,-1649.155,-2690.256,-6353.102,7.299,-0.677,-1.527,31.25,SENSING
7210.0,-1649.155,-2690.256,-6353.102,7.299,-0.677,-1.527,31.25,LISTENING
7223.46,-1550.814,-2699.077,-6372.997,7.323,-0.636,-1.431,31.25,SENSING
7223.46,-1550.814,-2699.077,-6372.997,7.323,-0.636,-1.431,31.25,LISTENING
7230.0,-1502.917,-2703.167,-6382.199,7.334,-0.617,-1.384,31.25,SENSING
7230.0,-1502.917,-2703.167,-6382.199,7.334,-0.617,-1.384,31.25,LISTENING
7271.02,-1200.956,-2725.874,-6432.945,7.396,-0.492,-1.091,31.25,SENSING
7271.02,-1200.956,-2725.874,-6432.945,7.396,-0.492,-1.091,31.25,LISTENING
7280.0,-1134.531,-2730.164,-6442.444,7.408,-0.465,-1.026,31.25,SENSING
7280.0,-1134.531,-2730.164,-6442.444,7.408,-0.465,-1.026,31.25,LISTENING
7296.56,-1011.772,-2737.432,-6458.437,7.428,-0.414,-0.906,31.25,SENSING
7296.56,-1011.772,-2737.432,-6458.437,7.428,-0.414,-0.906,31.25,LISTENING
7310.0,-911.912,-2742.715,-6469.961,7.442,-0.373,-0.809,31.25,SENSING
7310.0,-911.912,-2742.715,-6469.961,7.442,-0.373,-0.809,31.25,LISTENING
7317.42,-856.7,-2745.395,-6475.763,7.45,-0.35,-0.755,31.25,SENSING
7317.42,-856.7,-2745.395,-6475.763,7.45,-0.35,-0.755,31.25,LISTENING
7320.0,-837.49,-2746.287,-6477.687,7.452,-0.343,-0.737,31.25,SENSING
7320.0,-837.49,-2746.287,-6477.687,7.452,-0.343,-0.737,31.25,LISTENING
7396.02,-269.275,-2763.388,-6512.646,7.499,-0.108,-0.183,31.25,SENSING
7396.02,-269.275,-2763.388,-6512.646,7.499,-0.108,-0.183,31.25,LISTENING
7430.0,-14.506,-2765.261,-6514.631,7.505,-0.003,0.066,31.25,SENSING
7430.0,-14.506,-2765.261,-6514.631,7.505,-0.003,0.066,31.25,LISTENING
7435.78,28.841,-2765.223,-6514.128,7.505,0.015,0.108,31.25,SENSING
7435.78,28.841,-2765.223,-6514.128,7.505,0.015,0.108,31.25,LISTENING
7440.0,60.489,-2765.131,-6513.607,7.505,0.029,0.139,31.25,SENSING
7440.0,60.489,-2765.131,-6513.607,7.505,0.029,0.139,31.25,LISTENING
7440.0,60.489,-2765.131,-6513.607,7.505,0.029,0.139,31.25,SENSING
7440.0,60.489,-2765.131,-6513.607,7.505,0.029,0.139,31.25,LISTENING
7454.24,167.267,-2764.411,-6510.885,7.503,0.073,0.243,31.25,SENSING
7454.24,167.267,-2764.411,-6510.885,7.503,0.073,0.243,31.25,LISTENING
7460.0,210.449,-2763.941,-6509.362,7.502,0.091,0.286,31.25,SENSING
7460.0,210.449,-2763.941,-6509.362,7.502,0.091,0.286,31.25,LISTENING
7474.14,316.418,-2762.352,-6504.594,7.497,0.135,0.389,31.25,SENSING
7474.14,316.418,-2762.352,-6504.594,7.497,0.135,0.389,31.25,LISTENING
7480.0,360.314,-2761.511,-6502.19,7.495,0.153,0.432,31.25,SENSING
7480.0,360.314,-2761.511,-6502.19,7.495,0.153,0.432,31.25,LISTENING
7490.0,435.191,-2759.832,-6497.506,7.491,0.184,0.505,31.25,SENSING
7490.0,435.191,-2759.832,-6497.506,7.491,0.184,0.505,31.25,LISTENING
7504.86,546.364,-2756.764,-6489.196,7.482,0.23,0.614,31.25,SENSING
7504.86,546.364,-2756.764,-6489.196,7.482,0.23,0.614,31.25,LISTENING
7510.0,584.788,-2755.543,-6485.946,7.479,0.246,0.651,31.25,SENSING
7510.0,584.788,-2755.543,-6485.946,7.479,0.246,0.651,31.25,LISTENING
7510.0,584.788,-2755.543,-6485.946,7.479,0.246,0.651,31.25,SENSING
7510.0,584.788,-2755.543,-6485.946,7.479,0.246,0.651,31.25,LISTENING
7515.37,624.913,-2754.181,-6482.344,7.476,0.262,0.691,31.25,SENSING
7515.37,624.913,-2754.181,-6482.344,7.476,0.262,0.691,31.25,LISTENING
7520.0,659.492,-2752.935,-6479.07,7.472,0.277,0.724,31.25,SENSING
7520.0,659.492,-2752.935,-6479.07,7.472,0.277,0.724,31.25,LISTENING
7533.54,760.522,-2748.91,-6468.596,7.461,0.319,0.823,31.25,SENSING
7533.54,760.522,-2748.91,-6468.596,7.461,0.319,0.823,31.25,LISTENING
7563.35,982.367,-2738.053,-6440.83,7.432,0.411,1.04,31.25,SENSING
7563.35,982.367,-2738.053,-6440.83,7.432,0.411,1.04,31.25,LISTENING
7570.0,1031.73,-2735.258,-6433.755,7.424,0.431,1.089,31.25,SENSING
7570.0,1031.73,-2735.258,-6433.755,7.424,0.431,1.089,31.25,LISTENING
7580.0,1105.863,-2730.797,-6422.51,7.412,0.462,1.161,31.25,SENSING
7580.0,1105.863,-2730.797,-6422.51,7.412,0.462,1.161,31.25,LISTENING
7595.05,1217.194,-2723.505,-6404.221,7.393,0.509,1.27,31.25,SENSING
7595.05,1217.194,-2723.505,-6404.221,7.393,0.509,1.27,31.25,LISTENING
7600.0,1253.744,-2720.955,-6397.848,7.386,0.524,1.306,31.25,SENSING
7600.0,1253.744,-2720.955,-6397.848,7.386,0.524,1.306,31.25,LISTENING
7649.45,1616.81,-2691.366,-6324.487,7.306,0.675,1.662,31.25,SENSING
7649.45,1616.81,-2691.366,-6324.487,7.306,0.675,1.662,31.25,LISTENING
7680.13,1839.883,-2669.272,-6270.167,7.245,0.768,1.881,31.25,SENSING
7680.13,1839.883,-2669.272,-6270.167,7.245,0.768,1.881,31.25,LISTENING
7690.0,1911.242,-2661.56,-6251.269,7.225,0.798,1.951,31.25,SENSING
7690.0,1911.242,-2661.56,-6251.269,7.225,0.798,1.951,31.25,LISTENING
7710.0,2055.185,-2645.036,-6210.862,7.18,0.858,2.092,31.25,SENSING
7710.0,2055.185,-2645.036,-6210.862,7.18,0.858,2.092,31.25,LISTENING
7726.41,2172.598,-2630.584,-6175.604,7.14,0.907,2.207,31.25,SENSING
7726.41,2172.598,-2630.584,-6175.604,7.14,0.907,2.207,31.25,LISTENING
7770.0,2481.166,-2588.317,-6072.822,7.025,1.036,2.51,31.25,SENSING
7770.0,2481.166,-2588.317,-6072.822,7.025,1.036,2.51,31.25,LISTENING
7770.0,2481.166,-2588.317,-6072.822,7.025,1.036,2.51,31.25,SENSING
7770.0,2481.166,-2588.317,-6072.822,7.025,1.036,2.51,31.25,LISTENING
7780.0,2551.225,-2577.832,-6047.388,6.997,1.065,2.579,31.25,SENSING
7780.0,2551.225,-2577.832,-6047.388,6.997,1.065,2.579,31.25,LISTENING
7790.0,2620.994,-2567.055,-6021.267,6.967,1.094,2.648,31.25,SENSING
7790.0,2620.994,-2567.055,-6021.267,6.967,1.094,2.648,31.25,LISTENING
7796.08,2663.268,-2560.361,-6005.051,6.949,1.112,2.689,31.25,SENSING
7796.08,2663.268,-2560.361,-6005.051,6.949,1.112,2.689,31.25,LISTENING
7810.0,2759.631,-2544.63,-5966.976,6.906,1.152,2.784,31.25,SENSING
7810.0,2759.631,-2544.63,-5966.976,6.906,1.152,2.784,31.25,LISTENING
7815.02,2794.234,-2538.82,-5952.922,6.89,1.167,2.818,31.25,SENSING
7815.02,2794.234,-2538.82,-5952.922,6.89,1.167,2.818,31.25,LISTENING
7820.0,2828.483,-2532.984,-5938.811,6.874,1.181,2.852,31.25,SENSING
7820.0,2828.483,-2532.984,-5938.811,6.874,1.181,2.852,31.25,LISTENING
7840.0,2965.215,-2508.832,-5880.46,6.808,1.238,2.986,31.25,SENSING
7840.0,2965.215,-2508.832,-5880.46,6.808,1.238,2.986,31.25,LISTENING
7850.0,3033.079,-2496.329,-5850.279,6.774,1.267,3.053,31.25,SENSING
7850.0,3033.079,-2496.329,-5850.279,6.774,1.267,3.053,31.25,LISTENING
7860.0,3100.599,-2483.542,-5819.433,6.739,1.295,3.119,31.25,SENSING
7860.0,3100.599,-2483.542,-5819.433,6.739,1.295,3.119,31.25,LISTENING
7877.06,3214.968,-2461.077,-5765.282,6.678,1.343,3.232,31.25,SENSING
7877.06,3214.968,-2461.077,-5765.282,6.678,1.343,3.232,31.25,LISTENING
7890.0,3301.009,-2443.494,-5722.933,6.63,1.379,3.317,31.25,SENSING
7890.0,3301.009,-2443.494,-5722.933,6.63,1.379,3.317,31.25,LISTENING
7890.0,3301.009,-2443.494,-5722.933,6.63,1.379,3.317,31.25,SENSING
7890.0,3301.009,-2443.494,-5722.933,6.63,1.379,3.317,31.25,MESSAGING
7890.0,3301.009,-2443.494,-5722.933,6.63,1.379,3.317,31.25,SENSING
7890.0,3301.009,-2443.494,-5722.933,6.63,1.379,3.317,31.25,LISTENING
7890.0,3301.009,-2443.494,-5722.933,6.63,1.379,3.317,31.25,SENSING
7890.0,3301.009,-2443.494,-5722.933,6.63,1.379,3.317,31.25,LISTENING
7917.06,3478.883,-2405.227,-5630.854,6.525,1.454,3.492,31.25,SENSING
7917.06,3478.883,-2405.227,-5630.854,6.525,1.454,3.492,31.25,LISTENING
7930.0,3562.924,-2386.219,-5585.157,6.473,1.489,3.575,31.25,SENSING
7930.0,3562.924,-2386.219,-5585.157,6.473,1.489,3.575,31.25,LISTENING
7935.26,3596.893,-2378.361,-5566.276,6.452,1.504,3.608,31.25,SENSING
7935.26,3596.893,-2378.361,-5566.276,6.452,1.504,3.608,31.25,LISTENING
7940.0,3627.407,-2371.217,-5549.111,6.432,1.516,3.638,31.25,SENSING
7940.0,3627.407,-2371.217,-5549.111,6.432,1.516,3.638,31.25,LISTENING
7965.54,3790.2,-2331.682,-5454.185,6.324,1.585,3.799,31.25,SENSING
7965.54,3790.2,-2331.682,-5454.185,6.324,1.585,3.799,31.25,LISTENING
7990.0,3943.465,-2292.196,-5359.466,6.216,1.649,3.95,31.25,SENSING
7990.0,3943.465,-2292.196,-5359.466,6.216,1.649,3.95,31.25,LISTENING
8010.0,4066.788,-2258.747,-5279.292,6.125,1.701,4.071,31.25,SENSING
8010.0,4066.788,-2258.747,-5279.292,6.125,1.701,4.071,31.25,LISTENING
8020.07,4128.181,-2241.515,-5238.009,6.077,1.727,4.132,31.25,SENSING
8020.07,4128.181,-2241.515,-5238.009,6.077,1.727,4.132,31.25,LISTENING
8040.0,4248.269,-2206.647,-5154.518,5.982,1.778,4.25,31.25,SENSING
8040.0,4248.269,-2206.647,-5154.518,5.982,1.778,4.25,31.25,LISTENING
8075.41,4456.838,-2142.241,-5000.426,5.805,1.866,4.456,31.25,SENSING
8075.41,4456.838,-2142.241,-5000.426,5.805,1.866,4.456,31.25,LISTENING
8080.0,4483.412,-2133.666,-4979.922,5.782,1.877,4.483,31.25,SENSING
8080.0,4483.412,-2133.666,-4979.922,5.782,1.877,4.483,31.25,LISTENING
8086.32,4519.825,-2121.775,-4951.493,5.749,1.893,4.519,31.25,SENSING
8086.32,4519.825,-2121.775,-4951.493,5.749,1.893,4.519,31.25,LISTENING
8090.0,4540.932,-2114.806,-4934.835,5.73,1.902,4.539,31.25,SENSING
8090.0,4540.932,-2114.806,-4934.835,5.73,1.902,4.539,31.25,LISTENING
8090.0,4540.932,-2114.806,-4934.835,5.73,1.902,4.539,31.25,SENSING
8090.0,4540.932,-2114.806,-4934.835,5.73,1.902,4.539,31.25,LISTENING
8110.0,4654.405,-2076.364,-4842.97,5.625,1.95,4.651,31.25,SENSING
8110.0,4654.405,-2076.364,-4842.97,5.625,1.95,4.651,31.25,LISTENING
8117.13,4694.346,-2062.429,-4809.682,5.587,1.966,4.691,31.25,SENSING
8117.13,4694.346,-2062.429,-4809.682,5.587,1.966,4.691,31.25,LISTENING
8120.0,4710.346,-2056.786,-4796.203,5.571,1.973,4.707,31.25,SENSING
8120.0,4710.346,-2056.786,-4796.203,5.571,1.973,4.707,31.25,LISTENING
8130.0,4765.747,-2036.973,-4748.887,5.517,1.997,4.761,31.25,SENSING
8130.0,4765.747,-2036.973,-4748.887,5.517,1.997,4.761,31.25,LISTENING
8141.47,4828.619,-2013.961,-4693.944,5.454,2.023,4.824,31.25,SENSING
8141.47,4828.619,-2013.961,-4693.944,5.454,2.023,4.824,31.25,LISTENING
8150.0,4874.904,-1996.65,-4652.625,5.406,2.043,4.869,31.25,SENSING
8150.0,4874.904,-1996.65,-4652.625,5.406,2.043,4.869,31.25,LISTENING
8162.61,4942.581,-1970.756,-4590.832,5.335,2.072,4.936,31.25,SENSING
8162.61,4942.581,-1970.756,-4590.832,5.335,2.072,4.936,31.25,LISTENING
8200.0,5137.907,-1891.887,-4402.731,5.119,2.154,5.129,31.25,SENSING
8200.0,5137.907,-1891.887,-4402.731,5.119,2.154,5.129,31.25,LISTENING
8209.53,5186.386,-1871.296,-4353.645,5.062,2.175,5.177,31.25,SENSING
8209.53,5186.386,-1871.296,-4353.645,5.062,2.175,5.177,31.25,LISTENING
8220.0,5239.023,-1848.449,-4299.195,5.0,2.197,5.229,31.25,SENSING
8220.0,5239.023,-1848.449,-4299.195,5.0,2.197,5.229,31.25,LISTENING
8226.55,5271.617,-1834.038,-4264.855,4.96,2.211,5.261,31.25,SENSING
8226.55,5271.617,-1834.038,-4264.855,4.96,2.211,5.261,31.25,LISTENING
8230.0,5288.682,-1826.41,-4246.683,4.939,2.218,5.278,31.25,SENSING
8230.0,5288.682,-1826.41,-4246.683,4.939,2.218,5.278,31.25,LISTENING
8270.0,5481.185,-1736.19,-4031.817,4.691,2.3,5.469,31.25,SENSING
8270.0,5481.185,-1736.19,-4031.817,4.691,2.3,5.469,31.25,LISTENING
8289.3,5570.485,-1691.509,-3925.467,4.569,2.338,5.557,31.25,SENSING
8289.3,5570.485,-1691.509,-3925.467,4.569,2.338,5.557,31.25,LISTENING
8314.12,5681.813,-1632.989,-3786.235,4.408,2.386,5.667,31.25,SENSING
8314.12,5681.813,-1632.989,-3786.235,4.408,2.386,5.667,31.25,LISTENING
8320.0,5707.601,-1618.955,-3752.852,4.369,2.397,5.693,31.25,SENSING
8320.0,5707.601,-1618.955,-3752.852,4.369,2.397,5.693,31.25,LISTENING
8350.0,5835.613,-1546.362,-3580.239,4.17,2.451,5.82,31.25,SENSING
8350.0,5835.613,-1546.362,-3580.239,4.17,2.451,5.82,31.25,LISTENING
8365.91,5901.057,-1507.21,-3487.18,4.062,2.479,5.884,31.25,SENSING
8365.91,5901.057,-1507.21,-3487.18,4.062,2.479,5.884,31.25,LISTENING
8380.0,5957.58,-1472.17,-3403.916,3.966,2.503,5.94,31.25,SENSING
8380.0,5957.58,-1472.17,-3403.916,3.966,2.503,5.94,31.25,LISTENING
8396.67,6022.692,-1430.282,-3304.402,3.851,2.531,6.005,31.25,SENSING
8396.67,6022.692,-1430.282,-3304.402,3.851,2.531,6.005,31.25,LISTENING
8400.0,6035.468,-1421.859,-3284.395,3.828,2.537,6.017,31.25,SENSING
8400.0,6035.468,-1421.859,-3284.395,3.828,2.537,6.017,31.25,LISTENING
8410.64,6075.774,-1394.825,-3220.19,3.754,2.554,6.057,31.25,SENSING
8410.64,6075.774,-1394.825,-3220.19,3.754,2.554,6.057,31.25,LISTENING
8420.34,6111.828,-1370.022,-3161.29,3.685,2.569,6.093,31.25,SENSING
8420.34,6111.828,-1370.022,-3161.29,3.685,2.569,6.093,31.25,LISTENING
8430.0,6147.075,-1345.173,-3102.292,3.617,2.585,6.128,31.25,SENSING
8430.0,6147.075,-1345.173,-3102.292,3.617,2.585,6.128,31.25,LISTENING
8430.0,6147.075,-1345.173,-3102.292,3.617,2.585,6.128,31.25,SENSING
8430.0,6147.075,-1345.173,-3102.292,3.617,2.585,6.128,31.25,LISTENING
8435.47,6166.74,-1331.038,-3068.736,3.578,2.593,6.147,31.25,SENSING
8435.47,6166.74,-1331.038,-3068.736,3.578,2.593,6.147,31.25,LISTENING
8440.0,6182.865,-1319.298,-3040.866,3.546,2.6,6.163,31.25,SENSING
8440.0,6182.865,-1319.298,-3040.866,3.546,2.6,6.163,31.25,LISTENING
8440.0,6182.865,-1319.298,-3040.866,3.546,2.6,6.163,31.25,SENSING
8440.0,6182.865,-1319.298,-3040.866,3.546,2.6,6.163,31.25,LISTENING
8450.0,6217.943,-1293.271,-2979.09,3.475,2.615,6.198,31.25,SENSING
8450.0,6217.943,-1293.271,-2979.09,3.475,2.615,6.198,31.25,LISTENING
8450.03,6218.048,-1293.192,-2978.904,3.474,2.615,6.198,31.25,SENSING
8450.03,6218.048,-1293.192,-2978.904,3.474,2.615,6.198,31.25,LISTENING
8460.0,6252.305,-1267.095,-2916.969,3.403,2.63,6.232,31.25,SENSING
8460.0,6252.305,-1267.095,-2916.969,3.403,2.63,6.232,31.25,LISTENING
8475.77,6305.026,-1225.52,-2818.325,3.288,2.652,6.284,31.25,SENSING
8475.77,6305.026,-1225.52,-2818.325,3.288,2.652,6.284,31.25,LISTENING
8510.0,6413.217,-1134.089,-2601.465,3.037,2.699,6.391,31.25,SENSING
8510.0,6413.217,-1134.089,-2601.465,3.037,2.699,6.391,31.25,LISTENING
8528.69,6468.64,-1083.512,-2481.552,2.898,2.723,6.446,31.25,SENSING
8528.69,6468.64,-1083.512,-2481.552,2.898,2.723,6.446,31.25,LISTENING
8540.0,6500.914,-1052.693,-2408.5,2.813,2.737,6.478,31.25,SENSING
8540.0,6500.914,-1052.693,-2408.5,2.813,2.737,6.478,31.25,LISTENING
8570.66,6583.561,-968.381,-2208.705,2.581,2.773,6.56,31.25,SENSING
8570.66,6583.561,-968.381,-2208.705,2.581,2.773,6.56,31.25,LISTENING
8576.58,6598.699,-951.977,-2169.845,2.536,2.779,6.575,31.25,SENSING
8576.58,6598.699,-951.977,-2169.845,2.536,2.779,6.575,31.25,LISTENING
8580.0,6607.323,-942.484,-2147.355,2.51,2.783,6.584,31.25,SENSING
8580.0,6607.323,-942.484,-2147.355,2.51,2.783,6.584,31.25,LISTENING
8588.97,6629.516,-917.523,-2088.231,2.442,2.792,6.606,31.25,SENSING
8588.97,6629.516,-917.523,-2088.231,2.442,2.792,6.606,31.25,LISTENING
8590.0,6632.025,-914.652,-2081.429,2.434,2.794,6.608,31.25,SENSING
8590.0,6632.025,-914.652,-2081.429,2.434,2.794,6.608,31.25,LISTENING
8603.88,6665.041,-875.847,-1989.528,2.327,2.808,6.641,31.25,SENSING
8603.88,6665.041,-875.847,-1989.528,2.327,2.808,6.641,31.25,LISTENING
8610.0,6679.128,-858.675,-1948.865,2.28,2.814,6.655,31.25,SENSING
8610.0,6679.128,-858.675,-1948.865,2.28,2.814,6.655,31.25,LISTENING
8610.0,6679.128,-858.675,-1948.865,2.28,2.814,6.655,31.25,SENSING
8610.0,6679.128,-858.675,-1948.865,2.28,2.814,6.655,31.25,LISTENING
8620.0,6701.523,-830.536,-1882.241,2.202,2.824,6.677,31.25,SENSING
8620.0,6701.523,-830.536,-1882.241,2.202,2.824,6.677,31.25,LISTENING
8625.9,6714.374,-813.89,-1842.83,2.157,2.829,6.69,31.25,SENSING
8625.9,6714.374,-813.89,-1842.83,2.157,2.829,6.69,31.25,LISTENING
8630.0,6723.145,-802.302,-1815.399,2.125,2.833,6.698,31.25,SENSING
8630.0,6723.145,-802.302,-1815.399,2.125,2.833,6.698,31.25,LISTENING
8632.08,6727.544,-796.418,-1801.47,2.109,2.835,6.703,31.25,SENSING
8632.08,6727.544,-796.418,-1801.47,2.109,2.835,6.703,31.25,LISTENING
8650.0,6764.054,-745.559,-1681.094,1.969,2.851,6.739,31.25,SENSING
8650.0,6764.054,-745.559,-1681.094,1.969,2.851,6.739,31.25,LISTENING
8660.28,6783.866,-716.258,-1611.755,1.888,2.86,6.758,31.25,SENSING
8660.28,6783.866,-716.258,-1611.755,1.888,2.86,6.758,31.25,LISTENING
8680.0,6819.55,-659.808,-1478.199,1.733,2.875,6.793,31.25,SENSING
8680.0,6819.55,-659.808,-1478.199,1.733,2.875,6.793,31.25,LISTENING
8704.34,6859.366,-589.728,-1312.442,1.541,2.893,6.833,31.25,SENSING
8704.34,6859.366,-589.728,-1312.442,1.541,2.893,6.833,31.25,LISTENING
8710.0,6867.952,-573.372,-1273.765,1.496,2.897,6.841,31.25,SENSING
8710.0,6867.952,-573.372,-1273.765,1.496,2.897,6.841,31.25,LISTENING
8722.16,6885.539,-538.162,-1190.511,1.399,2.905,6.859,31.25,SENSING
8722.16,6885.539,-538.162,-1190.511,1.399,2.905,6.859,31.25,LISTENING
8740.0,6909.208,-486.341,-1068.005,1.256,2.915,6.882,31.25,SENSING
8740.0,6909.208,-486.341,-1068.005,1.256,2.915,6.882,31.25,LISTENING
8751.21,6922.781,-453.686,-990.822,1.167,2.921,6.895,31.25,SENSING
8751.21,6922.781,-453.686,-990.822,1.167,2.921,6.895,31.25,LISTENING
8760.0,6932.72,-428.034,-930.201,1.096,2.926,6.905,31.25,SENSING
8760.0,6932.72,-428.034,-930.201,1.096,2.926,6.905,31.25,LISTENING
8760.0,6932.72,-428.034,-930.201,1.096,2.926,6.905,31.25,SENSING
8760.0,6932.72,-428.034,-930.201,1.096,2.926,6.905,31.25,LISTENING
8781.47,6954.39,-365.222,-781.79,0.924,2.936,6.926,31.25,SENSING
8781.47,6954.39,-365.222,-781.79,0.924,2.936,6.926,31.25,LISTENING
8800.0,6970.113,-310.854,-653.365,0.774,2.943,6.942,31.25,SENSING
8800.0,6970.113,-310.854,-653.365,0.774,2.943,6.942,31.25,LISTENING
8800.0,6970.113,-310.854,-653.365,0.774,2.943,6.942,31.25,SENSING
8800.0,6970.113,-310.854,-653.365,0.774,2.943,6.942,31.25,LISTENING
8856.49,7000.94,-144.44,-260.464,0.317,2.958,6.972,31.25,SENSING
8856.49,7000.94,-144.44,-260.464,0.317,2.958,6.972,31.25,LISTENING
8883.5,7006.553,-64.645,-72.174,0.098,2.961,6.977,31.25,SENSING
8883.5,7006.553,-64.645,-72.174,0.098,2.961,6.977,31.25,LISTENING
8890.0,7007.022,-45.432,-26.846,0.046,2.961,6.977,31.25,SENSING
8890.0,7007.022,-45.432,-26.846,0.046,2.961,6.977,31.25,LISTENING
9150.32,6745.936,715.879,1765.94,-2.039,2.86,6.713,31.25,SENSING
9150.32,6745.936,715.879,1765.94,-2.039,2.86,6.713,31.25,LISTENING
9170.0,6704.321,771.897,1897.589,-2.193,2.843,6.672,31.25,SENSING
9170.0,6704.321,771.897,1897.589,-2.193,2.843,6.672,31.25,LISTENING
9194.52,6648.276,841.207,2060.419,-2.382,2.82,6.616,31.25,SENSING
9194.52,6648.276,841.207,2060.419,-2.382,2.82,6.616,31.25,LISTENING
9210.0,6610.514,884.667,2162.488,-2.5,2.805,6.578,31.25,SENSING
9210.0,6610.514,884.667,2162.488,-2.5,2.805,6.578,31.25,LISTENING
9226.86,6567.304,931.723,2272.974,-2.629,2.787,6.535,31.25,SENSING
9226.86,6567.304,931.723,2272.974,-2.629,2.787,6.535,31.25,LISTENING
9230.0,6559.019,940.453,2293.469,-2.653,2.784,6.526,31.25,SENSING
9230.0,6559.019,940.453,2293.469,-2.653,2.784,6.526,31.25,LISTENING
9320.4,6288.863,1186.832,2871.415,-3.324,2.673,6.257,31.25,SENSING
9320.4,6288.863,1186.832,2871.415,-3.324,2.673,6.257,31.25,LISTENING
9340.0,6222.376,1238.857,2993.336,-3.465,2.645,6.19,31.25,SENSING
9340.0,6222.376,1238.857,2993.336,-3.465,2.645,6.19,31.25,LISTENING
9359.52,6153.422,1290.126,3113.44,-3.605,2.617,6.121,31.25,SENSING
9359.52,6153.422,1290.126,3113.44,-3.605,2.617,6.121,31.25,LISTENING
9400.0,6001.85,1394.618,3358.091,-3.888,2.554,5.97,31.25,SENSING
9400.0,6001.85,1394.618,3358.091,-3.888,2.554,5.97,31.25,LISTENING
9420.0,5922.764,1445.287,3476.655,-4.026,2.522,5.892,31.25,SENSING
9420.0,5922.764,1445.287,3476.655,-4.026,2.522,5.892,31.25,LISTENING
9490.0,5624.736,1617.251,3878.664,-4.491,2.398,5.595,31.25,SENSING
9490.0,5624.736,1617.251,3878.664,-4.491,2.398,5.595,31.25,LISTENING
9524.74,5464.952,1699.278,4070.196,-4.713,2.332,5.436,31.25,SENSING
9524.74,5464.952,1699.278,4070.196,-4.713,2.332,5.436,31.25,MANEUVERING
9524.74,5464.952,1699.278,4070.196,-4.713,2.332,5.436,31.25,LISTENING
9560.0,5295.029,1780.127,4258.819,-4.931,2.262,5.267,-4.01,MANEUVERING
9560.0,5295.029,1780.127,4258.819,-4.931,2.262,5.267,-4.01,SENSING
9560.0,5295.029,1780.127,4258.819,-4.931,2.262,5.267,-4.01,MEASURING
9560.0,5295.029,1780.127,4258.819,-4.931,2.262,5.267,-4.01,SENSING
9560.0,5295.029,1780.127,4258.819,-4.931,2.262,5.267,-4.01,LISTENING
9560.37,5293.205,1780.962,4260.767,-4.933,2.261,5.265,-4.01,SENSING
9560.37,5293.205,1780.962,4260.767,-4.933,2.261,5.265,-4.01,LISTENING
9570.0,5245.45,1802.6,4311.218,-4.992,2.241,5.218,-4.01,SENSING
9570.0,5245.45,1802.6,4311.218,-4.992,2.241,5.218,-4.01,MEASURING
9570.0,5245.45,1802.6,4311.218,-4.992,2.241,5.218,-4.01,SENSING
9570.0,5245.45,1802.6,4311.218,-4.992,2.241,5.218,-4.01,LISTENING
9578.61,5202.281,1821.784,4355.938,-5.043,2.223,5.175,-4.01,SENSING
9578.61,5202.281,1821.784,4355.938,-5.043,2.223,5.175,-4.01,LISTENING
9580.0,5195.27,1824.867,4363.123,-5.052,2.22,5.168,-4.01,SENSING
9580.0,5195.27,1824.867,4363.123,-5.052,2.22,5.168,-4.01,MEASURING
9580.0,5195.27,1824.867,4363.123,-5.052,2.22,5.168,-4.01,SENSING
9580.0,5195.27,1824.867,4363.123,-5.052,2.22,5.168,-4.01,LISTENING
9591.38,5137.439,1849.951,4421.58,-5.119,2.196,5.111,-4.01,SENSING
9591.38,5137.439,1849.951,4421.58,-5.119,2.196,5.111,-4.01,MANEUVERING
9591.38,5137.439,1849.951,4421.58,-5.119,2.196,5.111,-4.01,LISTENING
9600.0,5093.125,1868.77,4465.422,-5.17,2.178,5.067,-12.63,MANEUVERING
9600.0,5093.125,1868.77,4465.422,-5.17,2.178,5.067,-12.63,SENSING
9600.0,5093.125,1868.77,4465.422,-5.17,2.178,5.067,-12.63,MEASURING
9600.0,5093.125,1868.77,4465.422,-5.17,2.178,5.067,-12.63,SENSING
9600.0,5093.125,1868.77,4465.422,-5.17,2.178,5.067,-12.63,LISTENING
9606.53,5059.267,1882.92,4498.381,-5.208,2.164,5.033,-12.63,SENSING
9606.53,5059.267,1882.92,4498.381,-5.208,2.164,5.033,-12.63,MANEUVERING
9606.53,5059.267,1882.92,4498.381,-5.208,2.164,5.033,-12.63,LISTENING
9615.22,5013.825,1901.608,4541.901,-5.258,2.145,4.988,-3.94,MANEUVERING
9615.22,5013.825,1901.608,4541.901,-5.258,2.145,4.988,-3.94,SENSING
9615.22,5013.825,1901.608,4541.901,-5.258,2.145,4.988,-3.94,MANEUVERING
9615.22,5013.825,1901.608,4541.901,-5.258,2.145,4.988,-3.94,LISTENING
9620.0,4988.643,1911.817,4565.671,-5.285,2.134,4.963,0.84,MANEUVERING
9620.0,4988.643,1911.817,4565.671,-5.285,2.134,4.963,0.84,SENSING
9620.0,4988.643,1911.817,4565.671,-5.285,2.134,4.963,0.84,MANEUVERING
9620.0,4988.643,1911.817,4565.671,-5.285,2.134,4.963,0.84,LISTENING
9620.0,4988.643,1911.817,4565.671,-5.285,2.134,4.963,0.84,MANEUVERING
9620.0,4988.643,1911.817,4565.671,-5.285,2.134,4.963,0.84,SENSING
9620.0,4988.643,1911.817,4565.671,-5.285,2.134,4.963,0.84,MANEUVERING
9620.0,4988.643,1911.817,4565.671,-5.285,2.134,4.963,0.84,LISTENING
9630.0,4935.541,1933.014,4615.013,-5.342,2.112,4.91,10.84,MANEUVERING
9630.0,4935.541,1933.014,4615.013,-5.342,2.112,4.91,10.84,SENSING
9630.0,4935.541,1933.014,4615.013,-5.342,2.112,4.91,10.84,MEASURING
9630.0,4935.541,1933.014,4615.013,-5.342,2.112,4.91,10.84,SENSING
9630.0,4935.541,1933.014,4615.013,-5.342,2.112,4.91,10.84,LISTENING
9630.0,4935.541,1933.014,4615.013,-5.342,2.112,4.91,10.84,SENSING
9630.0,4935.541,1933.014,4615.013,-5.342,2.112,4.91,10.84,MESSAGING
9630.0,4935.541,1933.014,4615.013,-5.342,2.112,4.91,10.84,SENSING
9630.0,4935.541,1933.014,4615.013,-5.342,2.112,4.91,10.84,LISTENING
9630.0,4935.541,1933.014,4615.013,-5.342,2.112,4.91,10.84,SENSING
9630.0,4935.541,1933.014,4615.013,-5.342,2.112,4.91,10.84,LISTENING
9630.0,4935.541,1933.014,4615.013,-5.342,2.112,4.91,10.84,SENSING
9630.0,4935.541,1933.014,4615.013,-5.342,2.112,4.91,10.84,LISTENING
9630.0,4935.541,1933.014,4615.013,-5.342,2.112,4.91,10.84,SENSING
9630.0,4935.541,1933.014,4615.013,-5.342,2.112,4.91,10.84,LISTENING
9630.0,4935.541,1933.014,4615.013,-5.342,2.112,4.91,10.84,SENSING
9630.0,4935.541,1933.014,4615.013,-5.342,2.112,4.91,10.84,LISTENING
9633.97,4914.303,1941.368,4634.455,-5.365,2.104,4.889,10.84,SENSING
9633.97,4914.303,1941.368,4634.455,-5.365,2.104,4.889,10.84,LISTENING
9640.0,4881.873,1953.99,4663.826,-5.399,2.09,4.857,10.84,SENSING
9640.0,4881.873,1953.99,4663.826,-5.399,2.09,4.857,10.84,MEASURING
9640.0,4881.873,1953.99,4663.826,-5.399,2.09,4.857,10.84,SENSING
9640.0,4881.873,1953.99,4663.826,-5.399,2.09,4.857,10.84,LISTENING
9645.63,4851.412,1965.701,4691.072,-5.43,2.078,4.827,10.84,SENSING
9645.63,4851.412,1965.701,4691.072,-5.43,2.078,4.827,10.84,MANEUVERING
9645.63,4851.412,1965.701,4691.072,-5.43,2.078,4.827,10.84,LISTENING
9650.0,4827.646,1974.742,4712.103,-5.454,2.068,4.803,15.21,MANEUVERING
9650.0,4827.646,1974.742,4712.103,-5.454,2.068,4.803,15.21,SENSING
9650.0,4827.646,1974.742,4712.103,-5.454,2.068,4.803,15.21,MEASURING
9650.0,4827.646,1974.742,4712.103,-5.454,2.068,4.803,15.21,SENSING
9650.0,4827.646,1974.742,4712.103,-5.454,2.068,4.803,15.21,LISTENING
9655.42,4798.023,1985.896,4738.044,-5.484,2.055,4.774,15.21,SENSING
9655.42,4798.023,1985.896,4738.044,-5.484,2.055,4.774,15.21,MANEUVERING
9655.42,4798.023,1985.896,4738.044,-5.484,2.055,4.774,15.21,LISTENING
9660.0,4772.865,1995.268,4759.84,-5.509,2.045,4.749,10.63,MANEUVERING
9660.0,4772.865,1995.268,4759.84,-5.509,2.045,4.749,10.63,SENSING
9660.0,4772.865,1995.268,4759.84,-5.509,2.045,4.749,10.63,MEASURING
9660.0,4772.865,1995.268,4759.84,-5.509,2.045,4.749,10.63,SENSING
9660.0,4772.865,1995.268,4759.84,-5.509,2.045,4.749,10.63,LISTENING
9671.23,4710.694,2018.048,4812.799,-5.57,2.019,4.687,10.63,SENSING
9671.23,4710.694,2018.048,4812.799,-5.57,2.019,4.687,10.63,MANEUVERING
9671.23,4710.694,2018.048,4812.799,-5.57,2.019,4.687,10.63,LISTENING
9674.81,4690.732,2025.248,4829.536,-5.59,2.011,4.668,7.05,MANEUVERING
9674.81,4690.732,2025.248,4829.536,-5.59,2.011,4.668,7.05,SENSING
9674.81,4690.732,2025.248,4829.536,-5.59,2.011,4.668,7.05,MANEUVERING
9674.81,4690.732,2025.248,4829.536,-5.59,2.011,4.668,7.05,LISTENING
9680.0,4661.669,2035.635,4853.673,-5.618,1.999,4.639,1.86,MANEUVERING
9680.0,4661.669,2035.635,4853.673,-5.618,1.999,4.639,1.86,SENSING
9680.0,4661.669,2035.635,4853.673,-5.618,1.999,4.639,1.86,MEASURING
9680.0,4661.669,2035.635,4853.673,-5.618,1.999,4.639,1.86,SENSING
9680.0,4661.669,2035.635,4853.673,-5.618,1.999,4.639,1.86,LISTENING
9695.02,4576.754,2065.339,4922.681,-5.697,1.964,4.555,1.86,SENSING
9695.02,4576.754,2065.339,4922.681,-5.697,1.964,4.555,1.86,LISTENING
9696.32,4569.349,2067.885,4928.594,-5.704,1.96,4.547,1.86,SENSING
9696.32,4569.349,2067.885,4928.594,-5.704,1.96,4.547,1.86,MANEUVERING
9696.32,4569.349,2067.885,4928.594,-5.704,1.96,4.547,1.86,LISTENING
9700.0,4548.338,2075.071,4945.282,-5.723,1.952,4.526,5.54,MANEUVERING
9700.0,4548.338,2075.071,4945.282,-5.723,1.952,4.526,5.54,SENSING
9700.0,4548.338,2075.071,4945.282,-5.723,1.952,4.526,5.54,MEASURING
9700.0,4548.338,2075.071,4945.282,-5.723,1.952,4.526,5.54,SENSING
9700.0,4548.338,2075.071,4945.282,-5.723,1.952,4.526,5.54,LISTENING
9705.66,4515.885,2086.06,4970.797,-5.753,1.938,4.494,5.54,SENSING
9705.66,4515.885,2086.06,4970.797,-5.753,1.938,4.494,5.54,LISTENING
9710.0,4490.888,2094.434,4990.239,-5.775,1.928,4.47,5.54,SENSING
9710.0,4490.888,2094.434,4990.239,-5.775,1.928,4.47,5.54,LISTENING
9715.09,4461.448,2104.198,5012.903,-5.801,1.916,4.44,5.54,SENSING
9715.09,4461.448,2104.198,5012.903,-5.801,1.916,4.44,5.54,MANEUVERING
9715.09,4461.448,2104.198,5012.903,-5.801,1.916,4.44,5.54,LISTENING
9720.0,4432.924,2113.558,5034.625,-5.826,1.904,4.412,10.45,MANEUVERING
9720.0,4432.924,2113.558,5034.625,-5.826,1.904,4.412,10.45,SENSING
9720.0,4432.924,2113.558,5034.625,-5.826,1.904,4.412,10.45,MEASURING
9720.0,4432.924,2113.558,5034.625,-5.826,1.904,4.412,10.45,SENSING
9720.0,4432.924,2113.558,5034.625,-5.826,1.904,4.412,10.45,LISTENING
9729.13,4379.56,2130.808,5074.646,-5.872,1.882,4.359,10.45,SENSING
9729.13,4379.56,2130.808,5074.646,-5.872,1.882,4.359,10.45,MANEUVERING
9729.13,4379.56,2130.808,5074.646,-5.872,1.882,4.359,10.45,LISTENING
9736.78,4334.525,2145.106,5107.807,-5.91,1.863,4.315,18.1,MANEUVERING
9736.78,4334.525,2145.106,5107.807,-5.91,1.863,4.315,18.1,SENSING
9736.78,4334.525,2145.106,5107.807,-5.91,1.863,4.315,18.1,MANEUVERING
9736.78,4334.525,2145.106,5107.807,-5.91,1.863,4.315,18.1,LISTENING
9740.0,4315.482,2151.081,5121.663,-5.926,1.855,4.296,21.32,MANEUVERING
9740.0,4315.482,2151.081,5121.663,-5.926,1.855,4.296,21.32,SENSING
9740.0,4315.482,2151.081,5121.663,-5.926,1.855,4.296,21.32,MEASURING
9740.0,4315.482,2151.081,5121.663,-5.926,1.855,4.296,21.32,SENSING
9740.0,4315.482,2151.081,5121.663,-5.926,1.855,4.296,21.32,LISTENING
9750.0,4256.017,2169.476,5164.306,-5.975,1.83,4.237,21.32,SENSING
9750.0,4256.017,2169.476,5164.306,-5.975,1.83,4.237,21.32,MEASURING
9750.0,4256.017,2169.476,5164.306,-5.975,1.83,4.237,21.32,SENSING
9750.0,4256.017,2169.476,5164.306,-5.975,1.83,4.237,21.32,LISTENING
9760.0,4196.066,2187.622,5206.358,-6.024,1.805,4.178,21.32,SENSING
9760.0,4196.066,2187.622,5206.358,-6.024,1.805,4.178,21.32,LISTENING
9760.0,4196.066,2187.622,5206.358,-6.024,1.805,4.178,21.32,SENSING
9760.0,4196.066,2187.622,5206.358,-6.024,1.805,4.178,21.32,MESSAGING
9760.0,4196.066,2187.622,5206.358,-6.024,1.805,4.178,21.32,SENSING
9760.0,4196.066,2187.622,5206.358,-6.024,1.805,4.178,21.32,LISTENING
9760.0,4196.066,2187.622,5206.358,-6.024,1.805,4.178,21.32,SENSING
9760.0,4196.066,2187.622,5206.358,-6.024,1.805,4.178,21.32,LISTENING
9760.0,4196.066,2187.622,5206.358,-6.024,1.805,4.178,21.32,SENSING
9760.0,4196.066,2187.622,5206.358,-6.024,1.805,4.178,21.32,LISTENING
9762.27,4182.39,2191.707,5215.821,-6.034,1.8,4.164,21.32,SENSING
9762.27,4182.39,2191.707,5215.821,-6.034,1.8,4.164,21.32,MANEUVERING
9762.27,4182.39,2191.707,5215.821,-6.034,1.8,4.164,21.32,LISTENING
9765.98,4159.986,2198.355,5231.221,-6.052,1.79,4.142,25.03,MANEUVERING
9765.98,4159.986,2198.355,5231.221,-6.052,1.79,4.142,25.03,SENSING
9765.98,4159.986,2198.355,5231.221,-6.052,1.79,4.142,25.03,MANEUVERING
9765.98,4159.986,2198.355,5231.221,-6.052,1.79,4.142,25.03,LISTENING
9770.0,4135.635,2205.52,5247.815,-6.071,1.78,4.118,29.05,MANEUVERING
9770.0,4135.635,2205.52,5247.815,-6.071,1.78,4.118,29.05,SENSING
9770.0,4135.635,2205.52,5247.815,-6.071,1.78,4.118,29.05,MEASURING
9770.0,4135.635,2205.52,5247.815,-6.071,1.78,4.118,29.05,SENSING
9770.0,4135.635,2205.52,5247.815,-6.071,1.78,4.118,29.05,LISTENING
9780.0,4074.732,2223.166,5288.672,-6.118,1.755,4.058,29.05,SENSING
9780.0,4074.732,2223.166,5288.672,-6.118,1.755,4.058,29.05,LISTENING
9781.63,4064.76,2226.018,5295.274,-6.126,1.751,4.048,29.05,SENSING
9781.63,4064.76,2226.018,5295.274,-6.126,1.751,4.048,29.05,MANEUVERING
9781.63,4064.76,2226.018,5295.274,-6.126,1.751,4.048,29.05,LISTENING
9790.0,4013.363,2240.558,5328.924,-6.164,1.73,3.997,20.68,MANEUVERING
9790.0,4013.363,2240.558,5328.924,-6.164,1.73,3.997,20.68,SENSING
9790.0,4013.363,2240.558,5328.924,-6.164,1.73,3.997,20.68,MANEUVERING
9790.0,4013.363,2240.558,5328.924,-6.164,1.73,3.997,20.68,LISTENING
9796.58,3972.731,2251.863,5355.079,-6.194,1.713,3.957,14.1,MANEUVERING
9796.58,3972.731,2251.863,5355.079,-6.194,1.713,3.957,14.1,SENSING
9796.58,3972.731,2251.863,5355.079,-6.194,1.713,3.957,14.1,MANEUVERING
9796.58,3972.731,2251.863,5355.079,-6.194,1.713,3.957,14.1,LISTENING
9800.0,3951.535,2257.695,5368.568,-6.21,1.704,3.936,10.68,MANEUVERING
9800.0,3951.535,2257.695,5368.568,-6.21,1.704,3.936,10.68,SENSING
9800.0,3951.535,2257.695,5368.568,-6.21,1.704,3.936,10.68,MEASURING
9800.0,3951.535,2257.695,5368.568,-6.21,1.704,3.936,10.68,SENSING
9800.0,3951.535,2257.695,5368.568,-6.21,1.704,3.936,10.68,LISTENING
9806.45,3911.417,2268.613,5393.813,-6.239,1.687,3.896,10.68,SENSING
9806.45,3911.417,2268.613,5393.813,-6.239,1.687,3.896,10.68,MANEUVERING
9806.45,3911.417,2268.613,5393.813,-6.239,1.687,3.896,10.68,LISTENING
9810.0,3889.257,2274.575,5407.599,-6.255,1.678,3.874,7.13,MANEUVERING
9810.0,3889.257,2274.575,5407.599,-6.255,1.678,3.874,7.13,SENSING
9810.0,3889.257,2274.575,5407.599,-6.255,1.678,3.874,7.13,MEASURING
9810.0,3889.257,2274.575,5407.599,-6.255,1.678,3.874,7.13,SENSING
9810.0,3889.257,2274.575,5407.599,-6.255,1.678,3.874,7.13,LISTENING
9816.42,3849.04,2285.276,5432.331,-6.283,1.661,3.834,7.13,SENSING
9816.42,3849.04,2285.276,5432.331,-6.283,1.661,3.834,7.13,LISTENING
9820.0,3826.535,2291.196,5446.012,-6.299,1.652,3.812,7.13,SENSING
9820.0,3826.535,2291.196,5446.012,-6.299,1.652,3.812,7.13,LISTENING
9821.53,3816.899,2293.716,5451.834,-6.305,1.648,3.803,7.13,SENSING
9821.53,3816.899,2293.716,5451.834,-6.305,1.648,3.803,7.13,MANEUVERING
9821.53,3816.899,2293.716,5451.834,-6.305,1.648,3.803,7.13,LISTENING
9830.0,3763.376,2307.556,5483.803,-6.342,1.626,3.75,15.6,MANEUVERING
9830.0,3763.376,2307.556,5483.803,-6.342,1.626,3.75,15.6,SENSING
9830.0,3763.376,2307.556,5483.803,-6.342,1.626,3.75,15.6,MEASURING
9830.0,3763.376,2307.556,5483.803,-6.342,1.626,3.75,15.6,SENSING
9830.0,3763.376,2307.556,5483.803,-6.342,1.626,3.75,15.6,LISTENING
9836.82,3720.055,2318.563,5509.218,-6.371,1.608,3.707,15.6,SENSING
9836.82,3720.055,2318.563,5509.218,-6.371,1.608,3.707,15.6,LISTENING
9840.0,3699.787,2323.654,5520.969,-6.385,1.599,3.687,15.6,SENSING
9840.0,3699.787,2323.654,5520.969,-6.385,1.599,3.687,15.6,LISTENING
9840.0,3699.787,2323.654,5520.969,-6.385,1.599,3.687,15.6,SENSING
9840.0,3699.787,2323.654,5520.969,-6.385,1.599,3.687,15.6,LISTENING
9843.8,3675.513,2329.702,5534.926,-6.401,1.589,3.663,15.6,SENSING
9843.8,3675.513,2329.702,5534.926,-6.401,1.589,3.663,15.6,MANEUVERING
9843.8,3675.513,2329.702,5534.926,-6.401,1.589,3.663,15.6,LISTENING
9850.0,3635.777,2339.487,5557.504,-6.426,1.573,3.624,9.4,MANEUVERING
9850.0,3635.777,2339.487,5557.504,-6.426,1.573,3.624,9.4,SENSING
9850.0,3635.777,2339.487,5557.504,-6.426,1.573,3.624,9.4,MEASURING
9850.0,3635.777,2339.487,5557.504,-6.426,1.573,3.624,9.4,SENSING
9850.0,3635.777,2339.487,5557.504,-6.426,1.573,3.624,9.4,LISTENING
9855.41,3600.974,2347.942,5577.006,-6.449,1.558,3.589,9.4,SENSING
9855.41,3600.974,2347.942,5577.006,-6.449,1.558,3.589,9.4,MANEUVERING
9855.41,3600.974,2347.942,5577.006,-6.449,1.558,3.589,9.4,LISTENING
9860.0,3571.352,2355.054,5593.406,-6.468,1.546,3.56,4.81,MANEUVERING
9860.0,3571.352,2355.054,5593.406,-6.468,1.546,3.56,4.81,SENSING
9860.0,3571.352,2355.054,5593.406,-6.468,1.546,3.56,4.81,MEASURING
9860.0,3571.352,2355.054,5593.406,-6.468,1.546,3.56,4.81,SENSING
9860.0,3571.352,2355.054,5593.406,-6.468,1.546,3.56,4.81,LISTENING
9860.0,3571.352,2355.054,5593.406,-6.468,1.546,3.56,4.81,SENSING
9860.0,3571.352,2355.054,5593.406,-6.468,1.546,3.56,4.81,MESSAGING
9860.0,3571.352,2355.054,5593.406,-6.468,1.546,3.56,4.81,MESSAGING
9860.0,3571.352,2355.054,5593.406,-6.468,1.546,3.56,4.81,SENSING
9860.0,3571.352,2355.054,5593.406,-6.468,1.546,3.56,4.81,LISTENING
9860.0,3571.352,2355.054,5593.406,-6.468,1.546,3.56,4.81,SENSING
9860.0,3571.352,2355.054,5593.406,-6.468,1.546,3.56,4.81,LISTENING
9860.0,3571.352,2355.054,5593.406,-6.468,1.546,3.56,4.81,SENSING
9860.0,3571.352,2355.054,5593.406,-6.468,1.546,3.56,4.81,LISTENING
9860.0,3571.352,2355.054,5593.406,-6.468,1.546,3.56,4.81,SENSING
9860.0,3571.352,2355.054,5593.406,-6.468,1.546,3.56,4.81,LISTENING
9860.0,3571.352,2355.054,5593.406,-6.468,1.546,3.56,4.81,SENSING
9860.0,3571.352,2355.054,5593.406,-6.468,1.546,3.56,4.81,MESSAGING
9860.0,3571.352,2355.054,5593.406,-6.468,1.546,3.56,4.81,SENSING
9860.0,3571.352,2355.054,5593.406,-6.468,1.546,3.56,4.81,LISTENING
9860.0,3571.352,2355.054,5593.406,-6.468,1.546,3.56,4.81,SENSING
9860.0,3571.352,2355.054,5593.406,-6.468,1.546,3.56,4.81,LISTENING
9860.0,3571.352,2355.054,5593.406,-6.468,1.546,3.56,4.81,SENSING
9860.0,3571.352,2355.054,5593.406,-6.468,1.546,3.56,4.81,LISTENING
9860.0,3571.352,2355.054,5593.406,-6.468,1.546,3.56,4.81,SENSING
9860.0,3571.352,2355.054,5593.406,-6.468,1.546,3.56,4.81,LISTENING
9860.0,3571.352,2355.054,5593.406,-6.468,1.546,3.56,4.81,SENSING
9860.0,3571.352,2355.054,5593.406,-6.468,1.546,3.56,4.81,LISTENING
9860.0,3571.352,2355.054,5593.406,-6.468,1.546,3.56,4.81,SENSING
9860.0,3571.352,2355.054,5593.406,-6.468,1.546,3.56,4.81,MESSAGING
9860.0,3571.352,2355.054,5593.406,-6.468,1.546,3.56,4.81,SENSING
9860.0,3571.352,2355.054,5593.406,-6.468,1.546,3.56,4.81,LISTENING
9860.0,3571.352,2355.054,5593.406,-6.468,1.546,3.56,4.81,SENSING
9860.0,3571.352,2355.054,5593.406,-6.468,1.546,3.56,4.81,LISTENING
9860.0,3571.352,2355.054,5593.406,-6.468,1.546,3.56,4.81,SENSING
9860.0,3571.352,2355.054,5593.406,-6.468,1.546,3.56,4.81,LISTENING
9860.0,3571.352,2355.054,5593.406,-6.468,1.546,3.56,4.81,SENSING
9860.0,3571.352,2355.054,5593.406,-6.468,1.546,3.56,4.81,LISTENING
9860.0,3571.352,2355.054,5593.406,-6.468,1.546,3.56,4.81,SENSING
9860.0,3571.352,2355.054,5593.406,-6.468,1.546,3.56,4.81,LISTENING
9860.0,3571.352,2355.054,5593.406,-6.468,1.546,3.56,4.81,SENSING
9860.0,3571.352,2355.054,5593.406,-6.468,1.546,3.56,4.81,LISTENING
9860.0,3571.352,2355.054,5593.406,-6.468,1.546,3.56,4.81,SENSING
9860.0,3571.352,2355.054,5593.406,-6.468,1.546,3.56,4.81,LISTENING
9866.46,3529.517,2364.968,5616.259,-6.494,1.529,3.519,4.81,SENSING
9866.46,3529.517,2364.968,5616.259,-6.494,1.529,3.519,4.81,LISTENING
9870.0,3506.52,2370.353,5628.669,-6.508,1.519,3.496,4.81,SENSING
9870.0,3506.52,2370.353,5628.669,-6.508,1.519,3.496,4.81,MEASURING
9870.0,3506.52,2370.353,5628.669,-6.508,1.519,3.496,4.81,SENSING
9870.0,3506.52,2370.353,5628.669,-6.508,1.519,3.496,4.81,LISTENING
9876.41,3464.752,2380.018,5650.936,-6.533,1.502,3.455,4.81,SENSING
9876.41,3464.752,2380.018,5650.936,-6.533,1.502,3.455,4.81,LISTENING
9880.0,3441.289,2385.382,5663.291,-6.548,1.492,3.432,4.81,SENSING
9880.0,3441.289,2385.382,5663.291,-6.548,1.492,3.432,4.81,MEASURING
9880.0,3441.289,2385.382,5663.291,-6.548,1.492,3.432,4.81,SENSING
9880.0,3441.289,2385.382,5663.291,-6.548,1.492,3.432,4.81,LISTENING
9886.37,3399.532,2394.815,5685.009,-6.572,1.475,3.391,4.81,SENSING
9886.37,3399.532,2394.815,5685.009,-6.572,1.475,3.391,4.81,MANEUVERING
9886.37,3399.532,2394.815,5685.009,-6.572,1.475,3.391,4.81,LISTENING
9890.0,3375.665,2400.14,5697.268,-6.586,1.465,3.367,8.44,MANEUVERING
9890.0,3375.665,2400.14,5697.268,-6.586,1.465,3.367,8.44,SENSING
9890.0,3375.665,2400.14,5697.268,-6.586,1.465,3.367,8.44,MEASURING
9890.0,3375.665,2400.14,5697.268,-6.586,1.465,3.367,8.44,SENSING
9890.0,3375.665,2400.14,5697.268,-6.586,1.465,3.367,8.44,LISTENING
9893.12,3355.112,2404.689,5707.736,-6.598,1.456,3.347,8.44,SENSING
9893.12,3355.112,2404.689,5707.736,-6.598,1.456,3.347,8.44,LISTENING
9900.0,3309.657,2414.626,5730.596,-6.624,1.437,3.302,8.44,SENSING
9900.0,3309.657,2414.626,5730.596,-6.624,1.437,3.302,8.44,MEASURING
9900.0,3309.657,2414.626,5730.596,-6.624,1.437,3.302,8.44,SENSING
9900.0,3309.657,2414.626,5730.596,-6.624,1.437,3.302,8.44,LISTENING
9905.65,3272.196,2422.689,5749.137,-6.646,1.422,3.265,8.44,SENSING
9905.65,3272.196,2422.689,5749.137,-6.646,1.422,3.265,8.44,MANEUVERING
9905.65,3272.196,2422.689,5749.137,-6.646,1.422,3.265,8.44,LISTENING
9910.0,3243.273,2428.837,5763.27,-6.662,1.41,3.236,4.09,MANEUVERING
9910.0,3243.273,2428.837,5763.27,-6.662,1.41,3.236,4.09,SENSING
9910.0,3243.273,2428.837,5763.27,-6.662,1.41,3.236,4.09,MEASURING
9910.0,3243.273,2428.837,5763.27,-6.662,1.41,3.236,4.09,SENSING
9910.0,3243.273,2428.837,5763.27,-6.662,1.41,3.236,4.09,LISTENING
9914.48,3213.412,2435.115,5777.696,-6.678,1.397,3.207,4.09,SENSING
9914.48,3213.412,2435.115,5777.696,-6.678,1.397,3.207,4.09,LISTENING
9917.5,3193.241,2439.315,5787.346,-6.689,1.389,3.187,4.09,SENSING
9917.5,3193.241,2439.315,5787.346,-6.689,1.389,3.187,4.09,MANEUVERING
9917.5,3193.241,2439.315,5787.346,-6.689,1.389,3.187,4.09,LISTENING
9920.0,3176.519,2442.773,5795.289,-6.698,1.382,3.171,1.59,MANEUVERING
9920.0,3176.519,2442.773,5795.289,-6.698,1.382,3.171,1.59,SENSING
9920.0,3176.519,2442.773,5795.289,-6.698,1.382,3.171,1.59,MEASURING
9920.0,3176.519,2442.773,5795.289,-6.698,1.382,3.171,1.59,SENSING
9920.0,3176.519,2442.773,5795.289,-6.698,1.382,3.171,1.59,LISTENING
9925.14,3142.066,2449.828,5811.49,-6.717,1.368,3.137,1.59,SENSING
9925.14,3142.066,2449.828,5811.49,-6.717,1.368,3.137,1.59,MANEUVERING
9925.14,3142.066,2449.828,5811.49,-6.717,1.368,3.137,1.59,LISTENING
9930.0,3109.403,2456.431,5826.647,-6.734,1.354,3.104,-3.27,MANEUVERING
9930.0,3109.403,2456.431,5826.647,-6.734,1.354,3.104,-3.27,SENSING
9930.0,3109.403,2456.431,5826.647,-6.734,1.354,3.104,-3.27,MEASURING
9930.0,3109.403,2456.431,5826.647,-6.734,1.354,3.104,-3.27,SENSING
9930.0,3109.403,2456.431,5826.647,-6.734,1.354,3.104,-3.27,LISTENING
9936.53,3065.385,2465.199,5846.767,-6.757,1.336,3.061,-3.27,SENSING
9936.53,3065.385,2465.199,5846.767,-6.757,1.336,3.061,-3.27,MANEUVERING
9936.53,3065.385,2465.199,5846.767,-6.757,1.336,3.061,-3.27,LISTENING
9940.0,3041.934,2469.81,5857.343,-6.769,1.326,3.038,-6.74,MANEUVERING
9940.0,3041.934,2469.81,5857.343,-6.769,1.326,3.038,-6.74,SENSING
9940.0,3041.934,2469.81,5857.343,-6.769,1.326,3.038,-6.74,MEASURING
9940.0,3041.934,2469.81,5857.343,-6.769,1.326,3.038,-6.74,SENSING
9940.0,3041.934,2469.81,5857.343,-6.769,1.326,3.038,-6.74,LISTENING
9940.0,3041.934,2469.81,5857.343,-6.769,1.326,3.038,-6.74,SENSING
9940.0,3041.934,2469.81,5857.343,-6.769,1.326,3.038,-6.74,MESSAGING
9940.0,3041.934,2469.81,5857.343,-6.769,1.326,3.038,-6.74,SENSING
9940.0,3041.934,2469.81,5857.343,-6.769,1.326,3.038,-6.74,LISTENING
9940.0,3041.934,2469.81,5857.343,-6.769,1.326,3.038,-6.74,SENSING
9940.0,3041.934,2469.81,5857.343,-6.769,1.326,3.038,-6.74,LISTENING
9940.0,3041.934,2469.81,5857.343,-6.769,1.326,3.038,-6.74,SENSING
9940.0,3041.934,2469.81,5857.343,-6.769,1.326,3.038,-6.74,LISTENING
9945.7,3003.321,2477.311,5874.541,-6.789,1.31,3.0,-6.74,SENSING
9945.7,3003.321,2477.311,5874.541,-6.789,1.31,3.0,-6.74,MANEUVERING
9945.7,3003.321,2477.311,5874.541,-6.789,1.31,3.0,-6.74,LISTENING
9950.0,2974.119,2482.909,5887.372,-6.803,1.298,2.971,-2.44,MANEUVERING
9950.0,2974.119,2482.909,5887.372,-6.803,1.298,2.971,-2.44,SENSING
9950.0,2974.119,2482.909,5887.372,-6.803,1.298,2.971,-2.44,MEASURING
9950.0,2974.119,2482.909,5887.372,-6.803,1.298,2.971,-2.44,SENSING
9950.0,2974.119,2482.909,5887.372,-6.803,1.298,2.971,-2.44,LISTENING
9955.52,2936.539,2490.019,5903.662,-6.822,1.283,2.934,-2.44,SENSING
9955.52,2936.539,2490.019,5903.662,-6.822,1.283,2.934,-2.44,LISTENING
9960.0,2905.965,2495.726,5916.732,-6.837,1.27,2.904,-2.44,SENSING
9960.0,2905.965,2495.726,5916.732,-6.837,1.27,2.904,-2.44,MEASURING
9960.0,2905.965,2495.726,5916.732,-6.837,1.27,2.904,-2.44,SENSING
9960.0,2905.965,2495.726,5916.732,-6.837,1.27,2.904,-2.44,LISTENING
9970.0,2837.482,2508.26,5945.418,-6.87,1.241,2.836,-2.44,SENSING
9970.0,2837.482,2508.26,5945.418,-6.87,1.241,2.836,-2.44,MEASURING
9970.0,2837.482,2508.26,5945.418,-6.87,1.241,2.836,-2.44,SENSING
9970.0,2837.482,2508.26,5945.418,-6.87,1.241,2.836,-2.44,LISTENING
9977.1,2788.662,2516.987,5965.376,-6.892,1.221,2.788,-2.44,SENSING
9977.1,2788.662,2516.987,5965.376,-6.892,1.221,2.788,-2.44,MANEUVERING
9977.1,2788.662,2516.987,5965.376,-6.892,1.221,2.788,-2.44,LISTENING
9980.0,2768.676,2520.51,5973.429,-6.901,1.213,2.769,0.46,MANEUVERING
9980.0,2768.676,2520.51,5973.429,-6.901,1.213,2.769,0.46,SENSING
9980.0,2768.676,2520.51,5973.429,-6.901,1.213,2.769,0.46,MEASURING
9980.0,2768.676,2520.51,5973.429,-6.901,1.213,2.769,0.46,SENSING
9980.0,2768.676,2520.51,5973.429,-6.901,1.213,2.769,0.46,LISTENING
9985.78,2728.762,2527.46,5989.31,-6.919,1.196,2.729,0.46,SENSING
9985.78,2728.762,2527.46,5989.31,-6.919,1.196,2.729,0.46,MANEUVERING
9985.78,2728.762,2527.46,5989.31,-6.919,1.196,2.729,0.46,LISTENING
9990.0,2699.555,2532.474,6000.761,-6.932,1.184,2.701,4.68,MANEUVERING
9990.0,2699.555,2532.474,6000.761,-6.932,1.184,2.701,4.68,SENSING
9990.0,2699.555,2532.474,6000.761,-6.932,1.184,2.701,4.68,MEASURING
9990.0,2699.555,2532.474,6000.761,-6.932,1.184,2.701,4.68,SENSING
9990.0,2699.555,2532.474,6000.761,-6.932,1.184,2.701,4.68,LISTENING
10000.0,2630.128,2544.152,6027.411,-6.963,1.155,2.632,4.68,SENSING
10000.0,2630.128,2544.152,6027.411,-6.963,1.155,2.632,4.68,MEASURING
10000.0,2630.128,2544.152,6027.411,-6.963,1.155,2.632,4.68,SENSING
10000.0,2630.128,2544.152,6027.411,-6.963,1.155,2.632,4.68,LISTENING
10005.88,2589.165,2550.883,6042.762,-6.98,1.138,2.592,4.68,SENSING
10005.88,2589.165,2550.883,6042.762,-6.98,1.138,2.592,4.68,LISTENING
10010.0,2560.403,2555.54,6053.377,-6.992,1.126,2.564,4.68,SENSING
10010.0,2560.403,2555.54,6053.377,-6.992,1.126,2.564,4.68,MEASURING
10010.0,2560.403,2555.54,6053.377,-6.992,1.126,2.564,4.68,SENSING
10010.0,2560.403,2555.54,6053.377,-6.992,1.126,2.564,4.68,LISTENING
10015.58,2521.369,2561.77,6067.567,-7.008,1.11,2.525,4.68,SENSING
10015.58,2521.369,2561.77,6067.567,-7.008,1.11,2.525,4.68,MANEUVERING
10015.58,2521.369,2561.77,6067.567,-7.008,1.11,2.525,4.68,LISTENING
10020.0,2490.386,2566.64,6078.655,-7.021,1.097,2.495,9.1,MANEUVERING
10020.0,2490.386,2566.64,6078.655,-7.021,1.097,2.495,9.1,SENSING
10020.0,2490.386,2566.64,6078.655,-7.021,1.097,2.495,9.1,MEASURING
10020.0,2490.386,2566.64,6078.655,-7.021,1.097,2.495,9.1,SENSING
10020.0,2490.386,2566.64,6078.655,-7.021,1.097,2.495,9.1,LISTENING
10025.54,2451.475,2572.664,6092.362,-7.036,1.081,2.456,9.1,SENSING
10025.54,2451.475,2572.664,6092.362,-7.036,1.081,2.456,9.1,MANEUVERING
10025.54,2451.475,2572.664,6092.362,-7.036,1.081,2.456,9.1,LISTENING
10030.0,2420.087,2577.449,6103.243,-7.049,1.068,2.425,13.56,MANEUVERING
10030.0,2420.087,2577.449,6103.243,-7.049,1.068,2.425,13.56,SENSING
10030.0,2420.087,2577.449,6103.243,-7.049,1.068,2.425,13.56,MEASURING
10030.0,2420.087,2577.449,6103.243,-7.049,1.068,2.425,13.56,SENSING
10030.0,2420.087,2577.449,6103.243,-7.049,1.068,2.425,13.56,LISTENING
10040.0,2349.514,2587.966,6127.139,-7.076,1.039,2.356,13.56,SENSING
10040.0,2349.514,2587.966,6127.139,-7.076,1.039,2.356,13.56,MEASURING
10040.0,2349.514,2587.966,6127.139,-7.076,1.039,2.356,13.56,SENSING
10040.0,2349.514,2587.966,6127.139,-7.076,1.039,2.356,13.56,LISTENING
10050.0,2278.674,2598.191,6150.34,-7.102,1.01,2.286,13.56,SENSING
10050.0,2278.674,2598.191,6150.34,-7.102,1.01,2.286,13.56,MEASURING
10050.0,2278.674,2598.191,6150.34,-7.102,1.01,2.286,13.56,SENSING
10050.0,2278.674,2598.191,6150.34,-7.102,1.01,2.286,13.56,LISTENING
10060.0,2207.576,2608.122,6172.843,-7.128,0.98,2.216,13.56,SENSING
10060.0,2207.576,2608.122,6172.843,-7.128,0.98,2.216,13.56,MEASURING
10060.0,2207.576,2608.122,6172.843,-7.128,0.98,2.216,13.56,SENSING
10060.0,2207.576,2608.122,6172.843,-7.128,0.98,2.216,13.56,LISTENING
10065.75,2166.581,2613.698,6185.466,-7.142,0.963,2.176,13.56,SENSING
10065.75,2166.581,2613.698,6185.466,-7.142,0.963,2.176,13.56,MANEUVERING
10065.75,2166.581,2613.698,6185.466,-7.142,0.963,2.176,13.56,LISTENING
10070.0,2136.228,2617.757,6194.646,-7.152,0.95,2.146,17.81,MANEUVERING
10070.0,2136.228,2617.757,6194.646,-7.152,0.95,2.146,17.81,SENSING
10070.0,2136.228,2617.757,6194.646,-7.152,0.95,2.146,17.81,MEASURING
10070.0,2136.228,2617.757,6194.646,-7.152,0.95,2.146,17.81,SENSING
10070.0,2136.228,2617.757,6194.646,-7.152,0.95,2.146,17.81,LISTENING
10077.28,2084.134,2624.586,6210.078,-7.17,0.929,2.095,17.81,SENSING
10077.28,2084.134,2624.586,6210.078,-7.17,0.929,2.095,17.81,MANEUVERING
10077.28,2084.134,2624.586,6210.078,-7.17,0.929,2.095,17.81,LISTENING
10080.0,2064.638,2627.097,6215.748,-7.176,0.921,2.076,20.53,MANEUVERING
10080.0,2064.638,2627.097,6215.748,-7.176,0.921,2.076,20.53,SENSING
10080.0,2064.638,2627.097,6215.748,-7.176,0.921,2.076,20.53,MEASURING
10080.0,2064.638,2627.097,6215.748,-7.176,0.921,2.076,20.53,SENSING
10080.0,2064.638,2627.097,6215.748,-7.176,0.921,2.076,20.53,LISTENING
10090.0,1992.814,2636.14,6236.145,-7.199,0.891,2.005,20.53,SENSING
10090.0,1992.814,2636.14,6236.145,-7.199,0.891,2.005,20.53,MEASURING
10090.0,1992.814,2636.14,6236.145,-7.199,0.891,2.005,20.53,SENSING
10090.0,1992.814,2636.14,6236.145,-7.199,0.891,2.005,20.53,LISTENING
10100.0,1920.764,2644.885,6255.835,-7.221,0.861,1.935,20.53,SENSING
10100.0,1920.764,2644.885,6255.835,-7.221,0.861,1.935,20.53,MEASURING
10100.0,1920.764,2644.885,6255.835,-7.221,0.861,1.935,20.53,SENSING
10100.0,1920.764,2644.885,6255.835,-7.221,0.861,1.935,20.53,LISTENING
10110.97,1841.476,2654.135,6276.621,-7.244,0.828,1.857,20.53,SENSING
10110.97,1841.476,2654.135,6276.621,-7.244,0.828,1.857,20.53,MANEUVERING
10110.97,1841.476,2654.135,6276.621,-7.244,0.828,1.857,20.53,LISTENING
10120.0,1776.02,2661.478,6293.089,-7.263,0.801,1.793,29.56,MANEUVERING
10120.0,1776.02,2661.478,6293.089,-7.263,0.801,1.793,29.56,SENSING
10120.0,1776.02,2661.478,6293.089,-7.263,0.801,1.793,29.56,MEASURING
10120.0,1776.02,2661.478,6293.089,-7.263,0.801,1.793,29.56,SENSING
10120.0,1776.02,2661.478,6293.089,-7.263,0.801,1.793,29.56,LISTENING
10130.0,1703.343,2669.325,6310.649,-7.283,0.771,1.721,29.56,SENSING
10130.0,1703.343,2669.325,6310.649,-7.283,0.771,1.721,29.56,MEASURING
10130.0,1703.343,2669.325,6310.649,-7.283,0.771,1.721,29.56,SENSING
10130.0,1703.343,2669.325,6310.649,-7.283,0.771,1.721,29.56,MESSAGING
10130.0,1703.343,2669.325,6310.649,-7.283,0.771,1.721,29.56,MESSAGING
10130.0,1703.343,2669.325,6310.649,-7.283,0.771,1.721,29.56,SENSING
10130.0,1703.343,2669.325,6310.649,-7.283,0.771,1.721,29.56,LISTENING
10130.0,1703.343,2669.325,6310.649,-7.283,0.771,1.721,29.56,SENSING
10130.0,1703.343,2669.325,6310.649,-7.283,0.771,1.721,29.56,LISTENING
10130.0,1703.343,2669.325,6310.649,-7.283,0.771,1.721,29.56,SENSING
10130.0,1703.343,2669.325,6310.649,-7.283,0.771,1.721,29.56,LISTENING
10140.0,1630.473,2676.87,6327.495,-7.302,0.741,1.65,29.56,SENSING
10140.0,1630.473,2676.87,6327.495,-7.302,0.741,1.65,29.56,MEASURING
10140.0,1630.473,2676.87,6327.495,-7.302,0.741,1.65,29.56,SENSING
10140.0,1630.473,2676.87,6327.495,-7.302,0.741,1.65,29.56,MESSAGING
10140.0,1630.473,2676.87,6327.495,-7.302,0.741,1.65,29.56,MESSAGING
10140.0,1630.473,2676.87,6327.495,-7.302,0.741,1.65,29.56,SENSING
10140.0,1630.473,2676.87,6327.495,-7.302,0.741,1.65,29.56,LISTENING
10140.0,1630.473,2676.87,6327.495,-7.302,0.741,1.65,29.56,SENSING
10140.0,1630.473,2676.87,6327.495,-7.302,0.741,1.65,29.56,LISTENING
10140.0,1630.473,2676.87,6327.495,-7.302,0.741,1.65,29.56,SENSING
10140.0,1630.473,2676.87,6327.495,-7.302,0.741,1.65,29.56,LISTENING
10140.0,1630.473,2676.87,6327.495,-7.302,0.741,1.65,29.56,SENSING
10140.0,1630.473,2676.87,6327.495,-7.302,0.741,1.65,29.56,LISTENING
10140.0,1630.473,2676.87,6327.495,-7.302,0.741,1.65,29.56,SENSING
10140.0,1630.473,2676.87,6327.495,-7.302,0.741,1.65,29.56,LISTENING
10143.34,1606.094,2679.323,6332.962,-7.308,0.731,1.626,29.56,SENSING
10143.34,1606.094,2679.323,6332.962,-7.308,0.731,1.626,29.56,LISTENING
10150.0,1557.419,2684.113,6343.625,-7.32,0.71,1.578,29.56,SENSING
10150.0,1557.419,2684.113,6343.625,-7.32,0.71,1.578,29.56,MEASURING
10150.0,1557.419,2684.113,6343.625,-7.32,0.71,1.578,29.56,SENSING
10150.0,1557.419,2684.113,6343.625,-7.32,0.71,1.578,29.56,LISTENING
10160.0,1484.189,2691.054,6359.038,-7.337,0.68,1.506,29.56,SENSING
10160.0,1484.189,2691.054,6359.038,-7.337,0.68,1.506,29.56,MEASURING
10160.0,1484.189,2691.054,6359.038,-7.337,0.68,1.506,29.56,SENSING
10160.0,1484.189,2691.054,6359.038,-7.337,0.68,1.506,29.56,LISTENING
10170.0,1410.791,2697.691,6373.733,-7.353,0.65,1.434,29.56,SENSING
10170.0,1410.791,2697.691,6373.733,-7.353,0.65,1.434,29.56,MEASURING
10170.0,1410.791,2697.691,6373.733,-7.353,0.65,1.434,29.56,SENSING
10170.0,1410.791,2697.691,6373.733,-7.353,0.65,1.434,29.56,MESSAGING
10170.0,1410.791,2697.691,6373.733,-7.353,0.65,1.434,29.56,MESSAGING
10170.0,1410.791,2697.691,6373.733,-7.353,0.65,1.434,29.56,SENSING
10170.0,1410.791,2697.691,6373.733,-7.353,0.65,1.434,29.56,MEASURING
10170.0,1410.791,2697.691,6373.733,-7.353,0.65,1.434,29.56,MESSAGING
10170.0,1410.791,2697.691,6373.733,-7.353,0.65,1.434,29.56,SENSING
10170.0,1410.791,2697.691,6373.733,-7.353,0.65,1.434,29.56,MESSAGING
10170.0,1410.791,2697.691,6373.733,-7.353,0.65,1.434,29.56,SENSING
10170.0,1410.791,2697.691,6373.733,-7.353,0.65,1.434,29.56,LISTENING
10170.0,1410.791,2697.691,6373.733,-7.353,0.65,1.434,29.56,SENSING
10170.0,1410.791,2697.691,6373.733,-7.353,0.65,1.434,29.56,LISTENING
10170.0,1410.791,2697.691,6373.733,-7.353,0.65,1.434,29.56,SENSING
10170.0,1410.791,2697.691,6373.733,-7.353,0.65,1.434,29.56,LISTENING
10170.0,1410.791,2697.691,6373.733,-7.353,0.65,1.434,29.56,SENSING
10170.0,1410.791,2697.691,6373.733,-7.353,0.65,1.434,29.56,LISTENING
10170.0,1410.791,2697.691,6373.733,-7.353,0.65,1.434,29.56,SENSING
10170.0,1410.791,2697.691,6373.733,-7.353,0.65,1.434,29.56,MESSAGING
10170.0,1410.791,2697.691,6373.733,-7.353,0.65,1.434,29.56,SENSING
10170.0,1410.791,2697.691,6373.733,-7.353,0.65,1.434,29.56,LISTENING
10170.0,1410.791,2697.691,6373.733,-7.353,0.65,1.434,29.56,SENSING
10170.0,1410.791,2697.691,6373.733,-7.353,0.65,1.434,29.56,LISTENING
10170.0,1410.791,2697.691,6373.733,-7.353,0.65,1.434,29.56,SENSING
10170.0,1410.791,2697.691,6373.733,-7.353,0.65,1.434,29.56,LISTENING
10170.0,1410.791,2697.691,6373.733,-7.353,0.65,1.434,29.56,SENSING
10170.0,1410.791,2697.691,6373.733,-7.353,0.65,1.434,29.56,LISTENING
10170.0,1410.791,2697.691,6373.733,-7.353,0.65,1.434,29.56,SENSING
10170.0,1410.791,2697.691,6373.733,-7.353,0.65,1.434,29.56,LISTENING
10170.0,1410.791,2697.691,6373.733,-7.353,0.65,1.434,29.56,SENSING
10170.0,1410.791,2697.691,6373.733,-7.353,0.65,1.434,29.56,LISTENING
10179.97,1337.455,2704.006,6387.666,-7.369,0.619,1.362,29.56,SENSING
10179.97,1337.455,2704.006,6387.666,-7.369,0.619,1.362,29.56,MANEUVERING
10179.97,1337.455,2704.006,6387.666,-7.369,0.619,1.362,29.56,LISTENING
10187.33,1283.221,2708.473,6397.492,-7.38,0.597,1.309,22.2,MANEUVERING
10187.33,1283.221,2708.473,6397.492,-7.38,0.597,1.309,22.2,SENSING
10187.33,1283.221,2708.473,6397.492,-7.38,0.597,1.309,22.2,MANEUVERING
10187.33,1283.221,2708.473,6397.492,-7.38,0.597,1.309,22.2,LISTENING
10190.0,1263.526,2710.053,6400.96,-7.383,0.589,1.29,19.53,MANEUVERING
10190.0,1263.526,2710.053,6400.96,-7.383,0.589,1.29,19.53,SENSING
10190.0,1263.526,2710.053,6400.96,-7.383,0.589,1.29,19.53,MANEUVERING
10190.0,1263.526,2710.053,6400.96,-7.383,0.589,1.29,19.53,LISTENING
10190.0,1263.526,2710.053,6400.96,-7.383,0.589,1.29,19.53,MANEUVERING
10190.0,1263.526,2710.053,6400.96,-7.383,0.589,1.29,19.53,SENSING
10190.0,1263.526,2710.053,6400.96,-7.383,0.589,1.29,19.53,MESSAGING
10190.0,1263.526,2710.053,6400.96,-7.383,0.589,1.29,19.53,SENSING
10190.0,1263.526,2710.053,6400.96,-7.383,0.589,1.29,19.53,MANEUVERING
10190.0,1263.526,2710.053,6400.96,-7.383,0.589,1.29,19.53,LISTENING
10190.0,1263.526,2710.053,6400.96,-7.383,0.589,1.29,19.53,MANEUVERING
10190.0,1263.526,2710.053,6400.96,-7.383,0.589,1.29,19.53,SENSING
10190.0,1263.526,2710.053,6400.96,-7.383,0.589,1.29,19.53,MANEUVERING
10190.0,1263.526,2710.053,6400.96,-7.383,0.589,1.29,19.53,LISTENING
10190.0,1263.526,2710.053,6400.96,-7.383,0.589,1.29,19.53,MANEUVERING
10190.0,1263.526,2710.053,6400.96,-7.383,0.589,1.29,19.53,SENSING
10190.0,1263.526,2710.053,6400.96,-7.383,0.589,1.29,19.53,MANEUVERING
10190.0,1263.526,2710.053,6400.96,-7.383,0.589,1.29,19.53,LISTENING
10190.0,1263.526,2710.053,6400.96,-7.383,0.589,1.29,19.53,MANEUVERING
10190.0,1263.526,2710.053,6400.96,-7.383,0.589,1.29,19.53,SENSING
10190.0,1263.526,2710.053,6400.96,-7.383,0.589,1.29,19.53,MANEUVERING
10190.0,1263.526,2710.053,6400.96,-7.383,0.589,1.29,19.53,LISTENING
10190.0,1263.526,2710.053,6400.96,-7.383,0.589,1.29,19.53,MANEUVERING
10190.0,1263.526,2710.053,6400.96,-7.383,0.589,1.29,19.53,SENSING
10190.0,1263.526,2710.053,6400.96,-7.383,0.589,1.29,19.53,MESSAGING
10190.0,1263.526,2710.053,6400.96,-7.383,0.589,1.29,19.53,SENSING
10190.0,1263.526,2710.053,6400.96,-7.383,0.589,1.29,19.53,MANEUVERING
10190.0,1263.526,2710.053,6400.96,-7.383,0.589,1.29,19.53,LISTENING
10190.0,1263.526,2710.053,6400.96,-7.383,0.589,1.29,19.53,MANEUVERING
10190.0,1263.526,2710.053,6400.96,-7.383,0.589,1.29,19.53,SENSING
10190.0,1263.526,2710.053,6400.96,-7.383,0.589,1.29,19.53,MANEUVERING
10190.0,1263.526,2710.053,6400.96,-7.383,0.589,1.29,19.53,LISTENING
10190.0,1263.526,2710.053,6400.96,-7.383,0.589,1.29,19.53,MANEUVERING
10190.0,1263.526,2710.053,6400.96,-7.383,0.589,1.29,19.53,SENSING
10190.0,1263.526,2710.053,6400.96,-7.383,0.589,1.29,19.53,MANEUVERING
10190.0,1263.526,2710.053,6400.96,-7.383,0.589,1.29,19.53,LISTENING
10210.0,1115.691,2721.194,6425.295,-7.41,0.527,1.145,-0.47,MANEUVERING
10210.0,1115.691,2721.194,6425.295,-7.41,0.527,1.145,-0.47,SENSING
10210.0,1115.691,2721.194,6425.295,-7.41,0.527,1.145,-0.47,MANEUVERING
10210.0,1115.691,2721.194,6425.295,-7.41,0.527,1.145,-0.47,LISTENING
10220.0,1041.58,2726.306,6436.376,-7.422,0.497,1.072,-10.47,MANEUVERING
10220.0,1041.58,2726.306,6436.376,-7.422,0.497,1.072,-10.47,SENSING
10220.0,1041.58,2726.306,6436.376,-7.422,0.497,1.072,-10.47,MEASURING
10220.0,1041.58,2726.306,6436.376,-7.422,0.497,1.072,-10.47,SENSING
10220.0,1041.58,2726.306,6436.376,-7.422,0.497,1.072,-10.47,LISTENING
10230.0,967.352,2731.11,6446.731,-7.434,0.466,1.0,-10.47,SENSING
10230.0,967.352,2731.11,6446.731,-7.434,0.466,1.0,-10.47,MEASURING
10230.0,967.352,2731.11,6446.731,-7.434,0.466,1.0,-10.47,SENSING
10230.0,967.352,2731.11,6446.731,-7.434,0.466,1.0,-10.47,LISTENING
10244.34,860.72,2737.464,6460.31,-7.449,0.422,0.895,-10.47,SENSING
10244.34,860.72,2737.464,6460.31,-7.449,0.422,0.895,-10.47,MANEUVERING
10244.34,860.72,2737.464,6460.31,-7.449,0.422,0.895,-10.47,LISTENING
10260.0,744.047,2743.68,6473.429,-7.463,0.373,0.781,5.19,MANEUVERING
10260.0,744.047,2743.68,6473.429,-7.463,0.373,0.781,5.19,SENSING
10260.0,744.047,2743.68,6473.429,-7.463,0.373,0.781,5.19,MEASURING
10260.0,744.047,2743.68,6473.429,-7.463,0.373,0.781,5.19,SENSING
10260.0,744.047,2743.68,6473.429,-7.463,0.373,0.781,5.19,LISTENING
10270.0,669.432,2747.253,6480.871,-7.471,0.342,0.708,5.19,SENSING
10270.0,669.432,2747.253,6480.871,-7.471,0.342,0.708,5.19,MEASURING
10270.0,669.432,2747.253,6480.871,-7.471,0.342,0.708,5.19,SENSING
10270.0,669.432,2747.253,6480.871,-7.471,0.342,0.708,5.19,LISTENING
10290.25,518.118,2753.544,6493.704,-7.484,0.28,0.56,5.19,SENSING
10290.25,518.118,2753.544,6493.704,-7.484,0.28,0.56,5.19,LISTENING
10330.0,220.462,2762.206,6510.177,-7.501,0.157,0.269,5.19,SENSING
10330.0,220.462,2762.206,6510.177,-7.501,0.157,0.269,5.19,LISTENING
10360.0,-4.472,2765.503,6514.952,-7.504,0.063,0.049,5.19,SENSING
10360.0,-4.472,2765.503,6514.952,-7.504,0.063,0.049,5.19,MEASURING
10360.0,-4.472,2765.503,6514.952,-7.504,0.063,0.049,5.19,SENSING
10360.0,-4.472,2765.503,6514.952,-7.504,0.063,0.049,5.19,MESSAGING
10360.0,-4.472,2765.503,6514.952,-7.504,0.063,0.049,5.19,MESSAGING
10360.0,-4.472,2765.503,6514.952,-7.504,0.063,0.049,5.19,SENSING
10360.0,-4.472,2765.503,6514.952,-7.504,0.063,0.049,5.19,MEASURING
10360.0,-4.472,2765.503,6514.952,-7.504,0.063,0.049,5.19,MESSAGING
10360.0,-4.472,2765.503,6514.952,-7.504,0.063,0.049,5.19,SENSING
10360.0,-4.472,2765.503,6514.952,-7.504,0.063,0.049,5.19,MESSAGING
10360.0,-4.472,2765.503,6514.952,-7.504,0.063,0.049,5.19,MESSAGING
10360.0,-4.472,2765.503,6514.952,-7.504,0.063,0.049,5.19,SENSING
10360.0,-4.472,2765.503,6514.952,-7.504,0.063,0.049,5.19,LISTENING
10360.0,-4.472,2765.503,6514.952,-7.504,0.063,0.049,5.19,SENSING
10360.0,-4.472,2765.503,6514.952,-7.504,0.063,0.049,5.19,LISTENING
10360.0,-4.472,2765.503,6514.952,-7.504,0.063,0.049,5.19,SENSING
10360.0,-4.472,2765.503,6514.952,-7.504,0.063,0.049,5.19,LISTENING
10360.0,-4.472,2765.503,6514.952,-7.504,0.063,0.049,5.19,SENSING
10360.0,-4.472,2765.503,6514.952,-7.504,0.063,0.049,5.19,LISTENING
10376.31,-126.773,2766.126,6514.785,-7.503,0.013,-0.07,5.19,SENSING
10376.31,-126.773,2766.126,6514.785,-7.503,0.013,-0.07,5.19,MANEUVERING
10376.31,-126.773,2766.126,6514.785,-7.503,0.013,-0.07,5.19,LISTENING
10376.56,-128.648,2766.129,6514.768,-7.503,0.012,-0.072,4.94,MANEUVERING
10376.56,-128.648,2766.129,6514.768,-7.503,0.012,-0.072,4.94,SENSING
10376.56,-128.648,2766.129,6514.768,-7.503,0.012,-0.072,4.94,MANEUVERING
10376.56,-128.648,2766.129,6514.768,-7.503,0.012,-0.072,4.94,LISTENING
10380.0,-154.439,2766.152,6514.478,-7.503,0.001,-0.097,1.5,MANEUVERING
10380.0,-154.439,2766.152,6514.478,-7.503,0.001,-0.097,1.5,SENSING
10380.0,-154.439,2766.152,6514.478,-7.503,0.001,-0.097,1.5,MEASURING
10380.0,-154.439,2766.152,6514.478,-7.503,0.001,-0.097,1.5,SENSING
10380.0,-154.439,2766.152,6514.478,-7.503,0.001,-0.097,1.5,LISTENING
10420.0,-454.098,2763.736,6504.758,-7.489,-0.123,-0.389,1.5,SENSING
10420.0,-454.098,2763.736,6504.758,-7.489,-0.123,-0.389,1.5,LISTENING
10464.57,-787.01,2755.222,6480.189,-7.458,-0.26,-0.714,1.5,SENSING
10464.57,-787.01,2755.222,6480.189,-7.458,-0.26,-0.714,1.5,LISTENING
10470.0,-827.465,2753.766,6476.209,-7.453,-0.277,-0.753,1.5,SENSING
10470.0,-827.465,2753.766,6476.209,-7.453,-0.277,-0.753,1.5,LISTENING
10470.0,-827.465,2753.766,6476.209,-7.453,-0.277,-0.753,1.5,SENSING
10470.0,-827.465,2753.766,6476.209,-7.453,-0.277,-0.753,1.5,MESSAGING
10470.0,-827.465,2753.766,6476.209,-7.453,-0.277,-0.753,1.5,SENSING
10470.0,-827.465,2753.766,6476.209,-7.453,-0.277,-0.753,1.5,LISTENING
10470.0,-827.465,2753.766,6476.209,-7.453,-0.277,-0.753,1.5,SENSING
10470.0,-827.465,2753.766,6476.209,-7.453,-0.277,-0.753,1.5,LISTENING
10470.0,-827.465,2753.766,6476.209,-7.453,-0.277,-0.753,1.5,SENSING
10470.0,-827.465,2753.766,6476.209,-7.453,-0.277,-0.753,1.5,LISTENING
10470.0,-827.465,2753.766,6476.209,-7.453,-0.277,-0.753,1.5,SENSING
10470.0,-827.465,2753.766,6476.209,-7.453,-0.277,-0.753,1.5,LISTENING
10480.0,-901.894,2750.849,6468.321,-7.443,-0.308,-0.825,1.5,SENSING
10480.0,-901.894,2750.849,6468.321,-7.443,-0.308,-0.825,1.5,LISTENING
10495.85,-1019.653,2745.596,6454.337,-7.426,-0.356,-0.94,1.5,SENSING
10495.85,-1019.653,2745.596,6454.337,-7.426,-0.356,-0.94,1.5,LISTENING
10500.0,-1050.44,2744.093,6450.375,-7.421,-0.369,-0.97,1.5,SENSING
10500.0,-1050.44,2744.093,6450.375,-7.421,-0.369,-0.97,1.5,LISTENING
10506.66,-1099.806,2741.572,6443.758,-7.413,-0.39,-1.018,1.5,SENSING
10506.66,-1099.806,2741.572,6443.758,-7.413,-0.39,-1.018,1.5,LISTENING
10510.0,-1124.542,2740.256,6440.32,-7.409,-0.4,-1.042,1.5,SENSING
10510.0,-1124.542,2740.256,6440.32,-7.409,-0.4,-1.042,1.5,LISTENING
10520.0,-1198.517,2736.114,6429.544,-7.396,-0.43,-1.114,1.5,SENSING
10520.0,-1198.517,2736.114,6429.544,-7.396,-0.43,-1.114,1.5,LISTENING
10526.78,-1248.597,2733.132,6421.83,-7.387,-0.451,-1.163,1.5,SENSING
10526.78,-1248.597,2733.132,6421.83,-7.387,-0.451,-1.163,1.5,LISTENING
10530.0,-1272.359,2731.666,6418.05,-7.383,-0.461,-1.186,1.5,SENSING
10530.0,-1272.359,2731.666,6418.05,-7.383,-0.461,-1.186,1.5,LISTENING
10540.0,-1346.059,2726.915,6405.84,-7.368,-0.491,-1.258,1.5,SENSING
10540.0,-1346.059,2726.915,6405.84,-7.368,-0.491,-1.258,1.5,LISTENING
10561.66,-1505.167,2715.582,6376.94,-7.333,-0.557,-1.412,1.5,SENSING
10561.66,-1505.167,2715.582,6376.94,-7.333,-0.557,-1.412,1.5,MANEUVERING
10561.66,-1505.167,2715.582,6376.94,-7.333,-0.557,-1.412,1.5,LISTENING
10580.0,-1639.274,2704.877,6349.859,-7.301,-0.613,-1.542,19.84,MANEUVERING
10580.0,-1639.274,2704.877,6349.859,-7.301,-0.613,-1.542,19.84,SENSING
10580.0,-1639.274,2704.877,6349.859,-7.301,-0.613,-1.542,19.84,MEASURING
10580.0,-1639.274,2704.877,6349.859,-7.301,-0.613,-1.542,19.84,SENSING
10580.0,-1639.274,2704.877,6349.859,-7.301,-0.613,-1.542,19.84,LISTENING
10590.0,-1712.141,2698.613,6334.089,-7.283,-0.643,-1.613,19.84,SENSING
10590.0,-1712.141,2698.613,6334.089,-7.283,-0.643,-1.613,19.84,MEASURING
10590.0,-1712.141,2698.613,6334.089,-7.283,-0.643,-1.613,19.84,SENSING
10590.0,-1712.141,2698.613,6334.089,-7.283,-0.643,-1.613,19.84,LISTENING
10604.3,-1816.007,2689.135,6310.311,-7.254,-0.686,-1.714,19.84,SENSING
10604.3,-1816.007,2689.135,6310.311,-7.254,-0.686,-1.714,19.84,LISTENING
10630.0,-2001.62,2670.567,6263.966,-7.2,-0.762,-1.894,19.84,SENSING
10630.0,-2001.62,2670.567,6263.966,-7.2,-0.762,-1.894,19.84,LISTENING
10630.0,-2001.62,2670.567,6263.966,-7.2,-0.762,-1.894,19.84,SENSING
10630.0,-2001.62,2670.567,6263.966,-7.2,-0.762,-1.894,19.84,LISTENING
10646.6,-2120.737,2657.53,6231.58,-7.162,-0.811,-2.01,19.84,SENSING
10646.6,-2120.737,2657.53,6231.58,-7.162,-0.811,-2.01,19.84,LISTENING
10650.0,-2145.055,2654.76,6224.71,-7.154,-0.821,-2.033,19.84,SENSING
10650.0,-2145.055,2654.76,6224.71,-7.154,-0.821,-2.033,19.84,LISTENING
10723.5,-2663.498,2586.609,6056.799,-6.957,-1.036,-2.536,19.84,SENSING
10723.5,-2663.498,2586.609,6056.799,-6.957,-1.036,-2.536,19.84,MANEUVERING
10723.5,-2663.498,2586.609,6056.799,-6.957,-1.036,-2.536,19.84,LISTENING
10770.0,-2983.438,2535.472,5931.734,-6.811,-1.168,-2.845,-26.66,MANEUVERING
10770.0,-2983.438,2535.472,5931.734,-6.811,-1.168,-2.845,-26.66,SENSING
10770.0,-2983.438,2535.472,5931.734,-6.811,-1.168,-2.845,-26.66,MEASURING
10770.0,-2983.438,2535.472,5931.734,-6.811,-1.168,-2.845,-26.66,SENSING
10770.0,-2983.438,2535.472,5931.734,-6.811,-1.168,-2.845,-26.66,LISTENING
10780.0,-3051.333,2523.678,5902.969,-6.778,-1.196,-2.911,-26.66,SENSING
10780.0,-3051.333,2523.678,5902.969,-6.778,-1.196,-2.911,-26.66,MEASURING
10780.0,-3051.333,2523.678,5902.969,-6.778,-1.196,-2.911,-26.66,SENSING
10780.0,-3051.333,2523.678,5902.969,-6.778,-1.196,-2.911,-26.66,LISTENING
10786.31,-3094.002,2516.092,5884.481,-6.756,-1.213,-2.952,-26.66,SENSING
10786.31,-3094.002,2516.092,5884.481,-6.756,-1.213,-2.952,-26.66,MANEUVERING
10786.31,-3094.002,2516.092,5884.481,-6.756,-1.213,-2.952,-26.66,LISTENING
10790.0,-3118.891,2511.605,5873.549,-6.743,-1.224,-2.976,-30.35,MANEUVERING
10790.0,-3118.891,2511.605,5873.549,-6.743,-1.224,-2.976,-30.35,SENSING
10790.0,-3118.891,2511.605,5873.549,-6.743,-1.224,-2.976,-30.35,MEASURING
10790.0,-3118.891,2511.605,5873.549,-6.743,-1.224,-2.976,-30.35,SENSING
10790.0,-3118.891,2511.605,5873.549,-6.743,-1.224,-2.976,-30.35,LISTENING
10838.63,-3442.362,2448.962,5721.265,-6.567,-1.357,-3.289,-30.35,SENSING
10838.63,-3442.362,2448.962,5721.265,-6.567,-1.357,-3.289,-30.35,MANEUVERING
10838.63,-3442.362,2448.962,5721.265,-6.567,-1.357,-3.289,-30.35,LISTENING
10890.0,-3774.261,2375.85,5544.146,-6.361,-1.494,-3.609,21.02,MANEUVERING
10890.0,-3774.261,2375.85,5544.146,-6.361,-1.494,-3.609,21.02,SENSING
10890.0,-3774.261,2375.85,5544.146,-6.361,-1.494,-3.609,21.02,MEASURING
10890.0,-3774.261,2375.85,5544.146,-6.361,-1.494,-3.609,21.02,SENSING
10890.0,-3774.261,2375.85,5544.146,-6.361,-1.494,-3.609,21.02,LISTENING
10917.13,-3945.166,2334.434,5444.044,-6.246,-1.565,-3.774,21.02,SENSING
10917.13,-3945.166,2334.434,5444.044,-6.246,-1.565,-3.774,21.02,MANEUVERING
10917.13,-3945.166,2334.434,5444.044,-6.246,-1.565,-3.774,21.02,LISTENING
10940.0,-4086.75,2298.05,5356.219,-6.144,-1.623,-3.91,-1.85,MANEUVERING
10940.0,-4086.75,2298.05,5356.219,-6.144,-1.623,-3.91,-1.85,SENSING
10940.0,-4086.75,2298.05,5356.219,-6.144,-1.623,-3.91,-1.85,MEASURING
10940.0,-4086.75,2298.05,5356.219,-6.144,-1.623,-3.91,-1.85,SENSING
10940.0,-4086.75,2298.05,5356.219,-6.144,-1.623,-3.91,-1.85,LISTENING
10974.42,-4295.367,2240.802,5218.227,-5.985,-1.709,-4.111,-1.85,SENSING
10974.42,-4295.367,2240.802,5218.227,-5.985,-1.709,-4.111,-1.85,MANEUVERING
10974.42,-4295.367,2240.802,5218.227,-5.985,-1.709,-4.111,-1.85,LISTENING
10980.0,-4328.666,2231.245,5195.209,-5.958,-1.723,-4.143,3.73,MANEUVERING
10980.0,-4328.666,2231.245,5195.209,-5.958,-1.723,-4.143,3.73,SENSING
10980.0,-4328.666,2231.245,5195.209,-5.958,-1.723,-4.143,3.73,MEASURING
10980.0,-4328.666,2231.245,5195.209,-5.958,-1.723,-4.143,3.73,SENSING
10980.0,-4328.666,2231.245,5195.209,-5.958,-1.723,-4.143,3.73,LISTENING
10990.0,-4387.968,2213.925,5153.513,-5.91,-1.747,-4.2,3.73,SENSING
10990.0,-4387.968,2213.925,5153.513,-5.91,-1.747,-4.2,3.73,MEASURING
10990.0,-4387.968,2213.925,5153.513,-5.91,-1.747,-4.2,3.73,SENSING
10990.0,-4387.968,2213.925,5153.513,-5.91,-1.747,-4.2,3.73,LISTENING
11004.89,-4475.371,2187.686,5090.375,-5.838,-1.784,-4.284,3.73,SENSING
11004.89,-4475.371,2187.686,5090.375,-5.838,-1.784,-4.284,3.73,MANEUVERING
11004.89,-4475.371,2187.686,5090.375,-5.838,-1.784,-4.284,3.73,LISTENING
11010.0,-4505.115,2178.558,5068.42,-5.812,-1.796,-4.313,8.84,MANEUVERING
11010.0,-4505.115,2178.558,5068.42,-5.812,-1.796,-4.313,8.84,SENSING
11010.0,-4505.115,2178.558,5068.42,-5.812,-1.796,-4.313,8.84,MEASURING
11010.0,-4505.115,2178.558,5068.42,-5.812,-1.796,-4.313,8.84,SENSING
11010.0,-4505.115,2178.558,5068.42,-5.812,-1.796,-4.313,8.84,LISTENING
11020.0,-4562.948,2160.514,5025.033,-5.762,-1.82,-4.369,8.84,SENSING
11020.0,-4562.948,2160.514,5025.033,-5.762,-1.82,-4.369,8.84,MEASURING
11020.0,-4562.948,2160.514,5025.033,-5.762,-1.82,-4.369,8.84,SENSING
11020.0,-4562.948,2160.514,5025.033,-5.762,-1.82,-4.369,8.84,LISTENING
11024.98,-4591.561,2151.439,5003.22,-5.737,-1.832,-4.396,8.84,SENSING
11024.98,-4591.561,2151.439,5003.22,-5.737,-1.832,-4.396,8.84,MANEUVERING
11024.98,-4591.561,2151.439,5003.22,-5.737,-1.832,-4.396,8.84,LISTENING
11030.0,-4620.277,2142.232,4981.093,-5.712,-1.843,-4.424,13.86,MANEUVERING
11030.0,-4620.277,2142.232,4981.093,-5.712,-1.843,-4.424,13.86,SENSING
11030.0,-4620.277,2142.232,4981.093,-5.712,-1.843,-4.424,13.86,MEASURING
11030.0,-4620.277,2142.232,4981.093,-5.712,-1.843,-4.424,13.86,SENSING
11030.0,-4620.277,2142.232,4981.093,-5.712,-1.843,-4.424,13.86,LISTENING
11046.01,-4711.001,2112.475,4909.605,-5.629,-1.881,-4.511,13.86,SENSING
11046.01,-4711.001,2112.475,4909.605,-5.629,-1.881,-4.511,13.86,MANEUVERING
11046.01,-4711.001,2112.475,4909.605,-5.629,-1.881,-4.511,13.86,LISTENING
11050.0,-4733.405,2104.966,4891.572,-5.609,-1.89,-4.533,17.85,MANEUVERING
11050.0,-4733.405,2104.966,4891.572,-5.609,-1.89,-4.533,17.85,SENSING
11050.0,-4733.405,2104.966,4891.572,-5.609,-1.89,-4.533,17.85,MEASURING
11050.0,-4733.405,2104.966,4891.572,-5.609,-1.89,-4.533,17.85,SENSING
11050.0,-4733.405,2104.966,4891.572,-5.609,-1.89,-4.533,17.85,LISTENING
11063.68,-4809.587,2078.942,4829.097,-5.537,-1.922,-4.606,17.85,SENSING
11063.68,-4809.587,2078.942,4829.097,-5.537,-1.922,-4.606,17.85,MANEUVERING
11063.68,-4809.587,2078.942,4829.097,-5.537,-1.922,-4.606,17.85,LISTENING
11070.0,-4844.449,2066.775,4799.897,-5.503,-1.936,-4.639,11.53,MANEUVERING
11070.0,-4844.449,2066.775,4799.897,-5.503,-1.936,-4.639,11.53,SENSING
11070.0,-4844.449,2066.775,4799.897,-5.503,-1.936,-4.639,11.53,MEASURING
11070.0,-4844.449,2066.775,4799.897,-5.503,-1.936,-4.639,11.53,SENSING
11070.0,-4844.449,2066.775,4799.897,-5.503,-1.936,-4.639,11.53,LISTENING
11077.21,-4883.96,2052.784,4766.328,-5.465,-1.952,-4.677,11.53,SENSING
11077.21,-4883.96,2052.784,4766.328,-5.465,-1.952,-4.677,11.53,MANEUVERING
11077.21,-4883.96,2052.784,4766.328,-5.465,-1.952,-4.677,11.53,LISTENING
11080.0,-4899.174,2047.338,4753.264,-5.45,-1.959,-4.692,8.74,MANEUVERING
11080.0,-4899.174,2047.338,4753.264,-5.45,-1.959,-4.692,8.74,SENSING
11080.0,-4899.174,2047.338,4753.264,-5.45,-1.959,-4.692,8.74,MEASURING
11080.0,-4899.174,2047.338,4753.264,-5.45,-1.959,-4.692,8.74,SENSING
11080.0,-4899.174,2047.338,4753.264,-5.45,-1.959,-4.692,8.74,LISTENING
11094.44,-4977.246,2018.876,4685.006,-5.371,-1.991,-4.767,8.74,SENSING
11094.44,-4977.246,2018.876,4685.006,-5.371,-1.991,-4.767,8.74,MANEUVERING
11094.44,-4977.246,2018.876,4685.006,-5.371,-1.991,-4.767,8.74,LISTENING
11110.0,-5060.095,1987.689,4610.251,-5.285,-2.025,-4.846,24.3,MANEUVERING
11110.0,-5060.095,1987.689,4610.251,-5.285,-2.025,-4.846,24.3,SENSING
11110.0,-5060.095,1987.689,4610.251,-5.285,-2.025,-4.846,24.3,MEASURING
11110.0,-5060.095,1987.689,4610.251,-5.285,-2.025,-4.846,24.3,SENSING
11110.0,-5060.095,1987.689,4610.251,-5.285,-2.025,-4.846,24.3,LISTENING
11122.19,-5124.061,1962.887,4550.828,-5.217,-2.052,-4.908,24.3,SENSING
11122.19,-5124.061,1962.887,4550.828,-5.217,-2.052,-4.908,24.3,MANEUVERING
11122.19,-5124.061,1962.887,4550.828,-5.217,-2.052,-4.908,24.3,LISTENING
11170.0,-5366.772,1862.567,4310.688,-4.941,-2.152,-5.141,-23.51,MANEUVERING
11170.0,-5366.772,1862.567,4310.688,-4.941,-2.152,-5.141,-23.51,SENSING
11170.0,-5366.772,1862.567,4310.688,-4.941,-2.152,-5.141,-23.51,MEASURING
11170.0,-5366.772,1862.567,4310.688,-4.941,-2.152,-5.141,-23.51,SENSING
11170.0,-5366.772,1862.567,4310.688,-4.941,-2.152,-5.141,-23.51,LISTENING
11193.75,-5482.372,1810.983,4187.335,-4.8,-2.2,-5.252,-23.51,SENSING
11193.75,-5482.372,1810.983,4187.335,-4.8,-2.2,-5.252,-23.51,MANEUVERING
11193.75,-5482.372,1810.983,4187.335,-4.8,-2.2,-5.252,-23.51,LISTENING
11200.0,-5512.232,1797.221,4154.44,-4.762,-2.212,-5.28,-29.76,MANEUVERING
11200.0,-5512.232,1797.221,4154.44,-4.762,-2.212,-5.28,-29.76,SENSING
11200.0,-5512.232,1797.221,4154.44,-4.762,-2.212,-5.28,-29.76,MEASURING
11200.0,-5512.232,1797.221,4154.44,-4.762,-2.212,-5.28,-29.76,SENSING
11200.0,-5512.232,1797.221,4154.44,-4.762,-2.212,-5.28,-29.76,LISTENING
11210.0,-5559.516,1775.043,4101.438,-4.701,-2.232,-5.326,-29.76,SENSING
11210.0,-5559.516,1775.043,4101.438,-4.701,-2.232,-5.326,-29.76,MEASURING
11210.0,-5559.516,1775.043,4101.438,-4.701,-2.232,-5.326,-29.76,SENSING
11210.0,-5559.516,1775.043,4101.438,-4.701,-2.232,-5.326,-29.76,LISTENING
11229.92,-5651.885,1730.286,3994.523,-4.579,-2.27,-5.414,-29.76,SENSING
11229.92,-5651.885,1730.286,3994.523,-4.579,-2.27,-5.414,-29.76,LISTENING
11249.88,-5741.973,1684.687,3885.65,-4.454,-2.307,-5.5,-29.76,SENSING
11249.88,-5741.973,1684.687,3885.65,-4.454,-2.307,-5.5,-29.76,MANEUVERING
11249.88,-5741.973,1684.687,3885.65,-4.454,-2.307,-5.5,-29.76,LISTENING
11270.0,-5830.246,1637.98,3774.187,-4.327,-2.344,-5.585,-9.64,MANEUVERING
11270.0,-5830.246,1637.98,3774.187,-4.327,-2.344,-5.585,-9.64,SENSING
11270.0,-5830.246,1637.98,3774.187,-4.327,-2.344,-5.585,-9.64,MEASURING
11270.0,-5830.246,1637.98,3774.187,-4.327,-2.344,-5.585,-9.64,SENSING
11270.0,-5830.246,1637.98,3774.187,-4.327,-2.344,-5.585,-9.64,LISTENING
11372.12,-6237.659,1390.189,3183.708,-3.651,-2.513,-5.974,-9.64,SENSING
11372.12,-6237.659,1390.189,3183.708,-3.651,-2.513,-5.974,-9.64,LISTENING
11390.0,-6301.797,1345.095,3076.39,-3.528,-2.54,-6.036,-9.64,SENSING
11390.0,-6301.797,1345.095,3076.39,-3.528,-2.54,-6.036,-9.64,LISTENING
11390.0,-6301.797,1345.095,3076.39,-3.528,-2.54,-6.036,-9.64,SENSING
11390.0,-6301.797,1345.095,3076.39,-3.528,-2.54,-6.036,-9.64,LISTENING
11494.86,-6632.946,1071.716,2426.612,-2.786,-2.679,-6.351,-9.64,SENSING
11494.86,-6632.946,1071.716,2426.612,-2.786,-2.679,-6.351,-9.64,LISTENING
11510.0,-6674.265,1031.106,2330.2,-2.676,-2.696,-6.391,-9.64,SENSING
11510.0,-6674.265,1031.106,2330.2,-2.676,-2.696,-6.391,-9.64,LISTENING
11584.25,-6852.553,828.41,1849.391,-2.127,-2.771,-6.56,-9.64,SENSING
11584.25,-6852.553,828.41,1849.391,-2.127,-2.771,-6.56,-9.64,LISTENING
11590.0,-6864.653,812.49,1811.655,-2.084,-2.776,-6.572,-9.64,SENSING
11590.0,-6864.653,812.49,1811.655,-2.084,-2.776,-6.572,-9.64,LISTENING
11647.26,-6971.578,652.452,1432.528,-1.652,-2.822,-6.673,-9.64,SENSING
11647.26,-6971.578,652.452,1432.528,-1.652,-2.822,-6.673,-9.64,LISTENING
11670.0,-7007.147,588.217,1280.465,-1.479,-2.838,-6.707,-9.64,SENSING
11670.0,-7007.147,588.217,1280.465,-1.479,-2.838,-6.707,-9.64,LISTENING
11673.13,-7011.734,579.349,1259.477,-1.455,-2.84,-6.711,-9.64,SENSING
11673.13,-7011.734,579.349,1259.477,-1.455,-2.84,-6.711,-9.64,MANEUVERING
11673.13,-7011.734,579.349,1259.477,-1.455,-2.84,-6.711,-9.64,LISTENING
11690.0,-7035.167,531.448,1146.126,-1.325,-2.85,-6.733,7.23,MANEUVERING
11690.0,-7035.167,531.448,1146.126,-1.325,-2.85,-6.733,7.23,SENSING
11690.0,-7035.167,531.448,1146.126,-1.325,-2.85,-6.733,7.23,MANEUVERING
11690.0,-7035.167,531.448,1146.126,-1.325,-2.85,-6.733,7.23,LISTENING
11700.0,-7048.028,502.975,1078.765,-1.249,-2.855,-6.746,17.23,MANEUVERING
11700.0,-7048.028,502.975,1078.765,-1.249,-2.855,-6.746,17.23,SENSING
11700.0,-7048.028,502.975,1078.765,-1.249,-2.855,-6.746,17.23,MANEUVERING
11700.0,-7048.028,502.975,1078.765,-1.249,-2.855,-6.746,17.23,LISTENING
11710.0,-7060.12,474.447,1011.286,-1.172,-2.861,-6.757,27.23,MANEUVERING
11710.0,-7060.12,474.447,1011.286,-1.172,-2.861,-6.757,27.23,SENSING
11710.0,-7060.12,474.447,1011.286,-1.172,-2.861,-6.757,27.23,MEASURING
11710.0,-7060.12,474.447,1011.286,-1.172,-2.861,-6.757,27.23,SENSING
11710.0,-7060.12,474.447,1011.286,-1.172,-2.861,-6.757,27.23,LISTENING
11714.91,-7065.776,460.421,978.114,-1.134,-2.863,-6.762,27.23,SENSING
11714.91,-7065.776,460.421,978.114,-1.134,-2.863,-6.762,27.23,LISTENING
11720.0,-7071.443,445.868,943.698,-1.095,-2.866,-6.768,27.23,SENSING
11720.0,-7071.443,445.868,943.698,-1.095,-2.866,-6.768,27.23,LISTENING
11736.17,-7088.121,399.554,834.192,-0.97,-2.873,-6.783,27.23,SENSING
11736.17,-7088.121,399.554,834.192,-0.97,-2.873,-6.783,27.23,MANEUVERING
11736.17,-7088.121,399.554,834.192,-0.97,-2.873,-6.783,27.23,LISTENING
11740.0,-7091.776,388.567,808.219,-0.94,-2.875,-6.787,23.4,MANEUVERING
11740.0,-7091.776,388.567,808.219,-0.94,-2.875,-6.787,23.4,SENSING
11740.0,-7091.776,388.567,808.219,-0.94,-2.875,-6.787,23.4,MEASURING
11740.0,-7091.776,388.567,808.219,-0.94,-2.875,-6.787,23.4,SENSING
11740.0,-7091.776,388.567,808.219,-0.94,-2.875,-6.787,23.4,LISTENING
11745.77,-7097.067,372.004,769.065,-0.895,-2.877,-6.792,23.4,SENSING
11745.77,-7097.067,372.004,769.065,-0.895,-2.877,-6.792,23.4,LISTENING
11760.0,-7109.017,331.098,672.388,-0.785,-2.883,-6.803,23.4,SENSING
11760.0,-7109.017,331.098,672.388,-0.785,-2.883,-6.803,23.4,LISTENING
11767.08,-7114.378,310.717,624.23,-0.73,-2.885,-6.808,23.4,SENSING
11767.08,-7114.378,310.717,624.23,-0.73,-2.885,-6.808,23.4,LISTENING
11780.0,-7123.16,273.484,536.263,-0.63,-2.889,-6.816,23.4,SENSING
11780.0,-7123.16,273.484,536.263,-0.63,-2.889,-6.816,23.4,LISTENING
11790.0,-7129.068,244.631,468.109,-0.552,-2.892,-6.822,23.4,SENSING
11790.0,-7129.068,244.631,468.109,-0.552,-2.892,-6.822,23.4,LISTENING
11802.95,-7135.564,207.227,379.776,-0.452,-2.895,-6.828,23.4,SENSING
11802.95,-7135.564,207.227,379.776,-0.452,-2.895,-6.828,23.4,LISTENING
11814.69,-7140.327,173.285,299.635,-0.36,-2.898,-6.832,23.4,SENSING
11814.69,-7140.327,173.285,299.635,-0.36,-2.898,-6.832,23.4,MANEUVERING
11814.69,-7140.327,173.285,299.635,-0.36,-2.898,-6.832,23.4,LISTENING
11820.0,-7142.129,157.924,263.372,-0.319,-2.899,-6.834,18.09,MANEUVERING
11820.0,-7142.129,157.924,263.372,-0.319,-2.899,-6.834,18.09,SENSING
11820.0,-7142.129,157.924,263.372,-0.319,-2.899,-6.834,18.09,MEASURING
11820.0,-7142.129,157.924,263.372,-0.319,-2.899,-6.834,18.09,SENSING
11820.0,-7142.129,157.924,263.372,-0.319,-2.899,-6.834,18.09,LISTENING
11830.0,-7144.927,128.984,195.059,-0.241,-2.9,-6.836,18.09,SENSING
11830.0,-7144.927,128.984,195.059,-0.241,-2.9,-6.836,18.09,LISTENING
11833.77,-7145.779,118.069,169.299,-0.212,-2.901,-6.837,18.09,SENSING
11833.77,-7145.779,118.069,169.299,-0.212,-2.901,-6.837,18.09,LISTENING
11840.0,-7146.946,100.029,126.725,-0.163,-2.901,-6.838,18.09,SENSING
11840.0,-7146.946,100.029,126.725,-0.163,-2.901,-6.838,18.09,LISTENING
11845.18,-7147.686,85.026,91.322,-0.123,-2.902,-6.838,18.09,SENSING
11845.18,-7147.686,85.026,91.322,-0.123,-2.902,-6.838,18.09,LISTENING
11846.3,-7147.818,81.782,83.666,-0.114,-2.902,-6.839,18.09,SENSING
11846.3,-7147.818,81.782,83.666,-0.114,-2.902,-6.839,18.09,MANEUVERING
11846.3,-7147.818,81.782,83.666,-0.114,-2.902,-6.839,18.09,LISTENING
11850.0,-7148.187,71.063,58.376,-0.085,-2.902,-6.839,21.79,MANEUVERING
11850.0,-7148.187,71.063,58.376,-0.085,-2.902,-6.839,21.79,SENSING
11850.0,-7148.187,71.063,58.376,-0.085,-2.902,-6.839,21.79,MEASURING
11850.0,-7148.187,71.063,58.376,-0.085,-2.902,-6.839,21.79,SENSING
11850.0,-7148.187,71.063,58.376,-0.085,-2.902,-6.839,21.79,LISTENING
11856.2,-7148.565,53.101,15.997,-0.037,-2.903,-6.839,21.79,SENSING
11856.2,-7148.565,53.101,15.997,-0.037,-2.903,-6.839,21.79,LISTENING
11860.0,-7148.649,42.09,-9.978,-0.007,-2.903,-6.839,21.79,SENSING
11860.0,-7148.649,42.09,-9.978,-0.007,-2.903,-6.839,21.79,LISTENING
11860.0,-7148.649,42.09,-9.978,-0.007,-2.903,-6.839,21.79,SENSING
11860.0,-7148.649,42.09,-9.978,-0.007,-2.903,-6.839,21.79,LISTENING
11863.58,-7148.625,31.716,-34.449,0.021,-2.903,-6.839,21.79,SENSING
11863.58,-7148.625,31.716,-34.449,0.021,-2.903,-6.839,21.79,MANEUVERING
11863.58,-7148.625,31.716,-34.449,0.021,-2.903,-6.839,21.79,LISTENING
11870.0,-7148.332,13.112,-78.331,0.071,-2.903,-6.839,15.37,MANEUVERING
11870.0,-7148.332,13.112,-78.331,0.071,-2.903,-6.839,15.37,SENSING
11870.0,-7148.332,13.112,-78.331,0.071,-2.903,-6.839,15.37,MEASURING
11870.0,-7148.332,13.112,-78.331,0.071,-2.903,-6.839,15.37,SENSING
11870.0,-7148.332,13.112,-78.331,0.071,-2.903,-6.839,15.37,LISTENING
11876.97,-7147.65,-7.087,-125.969,0.125,-2.903,-6.838,15.37,SENSING
11876.97,-7147.65,-7.087,-125.969,0.125,-2.903,-6.838,15.37,MANEUVERING
11876.97,-7147.65,-7.087,-125.969,0.125,-2.903,-6.838,15.37,LISTENING
11880.0,-7147.236,-15.867,-146.676,0.149,-2.903,-6.837,12.34,MANEUVERING
11880.0,-7147.236,-15.867,-146.676,0.149,-2.903,-6.837,12.34,SENSING
11880.0,-7147.236,-15.867,-146.676,0.149,-2.903,-6.837,12.34,MANEUVERING
11880.0,-7147.236,-15.867,-146.676,0.149,-2.903,-6.837,12.34,LISTENING
11890.0,-7145.362,-44.845,-215.005,0.226,-2.903,-6.835,2.34,MANEUVERING
11890.0,-7145.362,-44.845,-215.005,0.226,-2.903,-6.835,2.34,SENSING
11890.0,-7145.362,-44.845,-215.005,0.226,-2.903,-6.835,2.34,MEASURING
11890.0,-7145.362,-44.845,-215.005,0.226,-2.903,-6.835,2.34,SENSING
11890.0,-7145.362,-44.845,-215.005,0.226,-2.903,-6.835,2.34,LISTENING
11897.36,-7143.485,-66.17,-265.281,0.284,-2.903,-6.833,2.34,SENSING
11897.36,-7143.485,-66.17,-265.281,0.284,-2.903,-6.833,2.34,MANEUVERING
11897.36,-7143.485,-66.17,-265.281,0.284,-2.903,-6.833,2.34,LISTENING
11900.0,-7142.709,-73.818,-283.311,0.304,-2.902,-6.833,4.98,MANEUVERING
11900.0,-7142.709,-73.818,-283.311,0.304,-2.902,-6.833,4.98,SENSING
11900.0,-7142.709,-73.818,-283.311,0.304,-2.902,-6.833,4.98,MEASURING
11900.0,-7142.709,-73.818,-283.311,0.304,-2.902,-6.833,4.98,SENSING
11900.0,-7142.709,-73.818,-283.311,0.304,-2.902,-6.833,4.98,LISTENING
11928.66,-7130.796,-156.798,-478.877,0.527,-2.899,-6.821,4.98,SENSING
11928.66,-7130.796,-156.798,-478.877,0.527,-2.899,-6.821,4.98,MANEUVERING
11928.66,-7130.796,-156.798,-478.877,0.527,-2.899,-6.821,4.98,LISTENING
11940.0,-7124.32,-189.597,-556.15,0.616,-2.897,-6.814,-6.36,MANEUVERING
11940.0,-7124.32,-189.597,-556.15,0.616,-2.897,-6.814,-6.36,SENSING
11940.0,-7124.32,-189.597,-556.15,0.616,-2.897,-6.814,-6.36,MEASURING
11940.0,-7124.32,-189.597,-556.15,0.616,-2.897,-6.814,-6.36,SENSING
11940.0,-7124.32,-189.597,-556.15,0.616,-2.897,-6.814,-6.36,LISTENING
11946.19,-7120.364,-207.49,-598.297,0.664,-2.895,-6.81,-6.36,SENSING
11946.19,-7120.364,-207.49,-598.297,0.664,-2.895,-6.81,-6.36,LISTENING
11950.0,-7117.781,-218.499,-624.226,0.693,-2.894,-6.808,-6.36,SENSING
11950.0,-7117.781,-218.499,-624.226,0.693,-2.894,-6.808,-6.36,MEASURING
11950.0,-7117.781,-218.499,-624.226,0.693,-2.894,-6.808,-6.36,SENSING
11950.0,-7117.781,-218.499,-624.226,0.693,-2.894,-6.808,-6.36,LISTENING
11961.06,-7109.645,-250.436,-699.439,0.779,-2.892,-6.8,-6.36,SENSING
11961.06,-7109.645,-250.436,-699.439,0.779,-2.892,-6.8,-6.36,MANEUVERING
11961.06,-7109.645,-250.436,-699.439,0.779,-2.892,-6.8,-6.36,LISTENING
11980.0,-7093.513,-305.047,-828.018,0.926,-2.886,-6.784,12.58,MANEUVERING
11980.0,-7093.513,-305.047,-828.018,0.926,-2.886,-6.784,12.58,SENSING
11980.0,-7093.513,-305.047,-828.018,0.926,-2.886,-6.784,12.58,MANEUVERING
11980.0,-7093.513,-305.047,-828.018,0.926,-2.886,-6.784,12.58,LISTENING
11990.0,-7083.876,-333.835,-895.778,1.003,-2.882,-6.775,22.58,MANEUVERING
11990.0,-7083.876,-333.835,-895.778,1.003,-2.882,-6.775,22.58,SENSING
11990.0,-7083.876,-333.835,-895.778,1.003,-2.882,-6.775,22.58,MEASURING
11990.0,-7083.876,-333.835,-895.778,1.003,-2.882,-6.775,22.58,SENSING
11990.0,-7083.876,-333.835,-895.778,1.003,-2.882,-6.775,22.58,LISTENING
12003.63,-7069.498,-373.013,-987.977,1.108,-2.877,-6.761,22.58,SENSING
12003.63,-7069.498,-373.013,-987.977,1.108,-2.877,-6.761,22.58,LISTENING
12007.41,-7065.257,-383.865,-1013.511,1.137,-2.876,-6.757,22.58,SENSING
12007.41,-7065.257,-383.865,-1013.511,1.137,-2.876,-6.757,22.58,MANEUVERING
12007.41,-7065.257,-383.865,-1013.511,1.137,-2.876,-6.757,22.58,LISTENING
12010.0,-7062.288,-391.298,-1030.998,1.157,-2.874,-6.754,25.17,MANEUVERING
12010.0,-7062.288,-391.298,-1030.998,1.157,-2.874,-6.754,25.17,SENSING
12010.0,-7062.288,-391.298,-1030.998,1.157,-2.874,-6.754,25.17,MEASURING
12010.0,-7062.288,-391.298,-1030.998,1.157,-2.874,-6.754,25.17,SENSING
12010.0,-7062.288,-391.298,-1030.998,1.157,-2.874,-6.754,25.17,LISTENING
12018.56,-7052.107,-415.841,-1088.738,1.223,-2.871,-6.744,25.17,SENSING
12018.56,-7052.107,-415.841,-1088.738,1.223,-2.871,-6.744,25.17,MANEUVERING
12018.56,-7052.107,-415.841,-1088.738,1.223,-2.871,-6.744,25.17,LISTENING
12042.43,-7020.744,-484.101,-1249.275,1.406,-2.859,-6.713,1.3,MANEUVERING
12042.43,-7020.744,-484.101,-1249.275,1.406,-2.859,-6.713,1.3,SENSING
12042.43,-7020.744,-484.101,-1249.275,1.406,-2.859,-6.713,1.3,MANEUVERING
12042.43,-7020.744,-484.101,-1249.275,1.406,-2.859,-6.713,1.3,LISTENING
12070.0,-6979.094,-562.566,-1433.724,1.617,-2.843,-6.673,-26.27,MANEUVERING
12070.0,-6979.094,-562.566,-1433.724,1.617,-2.843,-6.673,-26.27,SENSING
12070.0,-6979.094,-562.566,-1433.724,1.617,-2.843,-6.673,-26.27,MEASURING
12070.0,-6979.094,-562.566,-1433.724,1.617,-2.843,-6.673,-26.27,SENSING
12070.0,-6979.094,-562.566,-1433.724,1.617,-2.843,-6.673,-26.27,LISTENING
12081.96,-6959.225,-596.463,-1513.379,1.708,-2.836,-6.654,-26.27,SENSING
12081.96,-6959.225,-596.463,-1513.379,1.708,-2.836,-6.654,-26.27,LISTENING
12092.08,-6941.566,-625.074,-1580.595,1.785,-2.829,-6.637,-26.27,SENSING
12092.08,-6941.566,-625.074,-1580.595,1.785,-2.829,-6.637,-26.27,MANEUVERING
12092.08,-6941.566,-625.074,-1580.595,1.785,-2.829,-6.637,-26.27,LISTENING
12110.0,-6908.394,-675.562,-1699.179,1.92,-2.816,-6.605,-8.35,MANEUVERING
12110.0,-6908.394,-675.562,-1699.179,1.92,-2.816,-6.605,-8.35,SENSING
12110.0,-6908.394,-675.562,-1699.179,1.92,-2.816,-6.605,-8.35,MANEUVERING
12110.0,-6908.394,-675.562,-1699.179,1.92,-2.816,-6.605,-8.35,LISTENING
12120.0,-6888.831,-703.635,-1765.097,1.995,-2.809,-6.586,1.65,MANEUVERING
12120.0,-6888.831,-703.635,-1765.097,1.995,-2.809,-6.586,1.65,SENSING
12120.0,-6888.831,-703.635,-1765.097,1.995,-2.809,-6.586,1.65,MEASURING
12120.0,-6888.831,-703.635,-1765.097,1.995,-2.809,-6.586,1.65,SENSING
12120.0,-6888.831,-703.635,-1765.097,1.995,-2.809,-6.586,1.65,LISTENING
12130.0,-6868.516,-731.632,-1830.823,2.07,-2.801,-6.566,1.65,SENSING
12130.0,-6868.516,-731.632,-1830.823,2.07,-2.801,-6.566,1.65,MEASURING
12130.0,-6868.516,-731.632,-1830.823,2.07,-2.801,-6.566,1.65,SENSING
12130.0,-6868.516,-731.632,-1830.823,2.07,-2.801,-6.566,1.65,LISTENING
12140.0,-6847.452,-759.549,-1896.349,2.145,-2.793,-6.546,1.65,SENSING
12140.0,-6847.452,-759.549,-1896.349,2.145,-2.793,-6.546,1.65,MEASURING
12140.0,-6847.452,-759.549,-1896.349,2.145,-2.793,-6.546,1.65,SENSING
12140.0,-6847.452,-759.549,-1896.349,2.145,-2.793,-6.546,1.65,LISTENING
12152.3,-6820.519,-793.773,-1976.661,2.237,-2.782,-6.52,1.65,SENSING
12152.3,-6820.519,-793.773,-1976.661,2.237,-2.782,-6.52,1.65,MANEUVERING
12152.3,-6820.519,-793.773,-1976.661,2.237,-2.782,-6.52,1.65,LISTENING
12180.0,-6755.749,-870.359,-2156.311,2.442,-2.757,-6.457,-26.05,MANEUVERING
12180.0,-6755.749,-870.359,-2156.311,2.442,-2.757,-6.457,-26.05,SENSING
12180.0,-6755.749,-870.359,-2156.311,2.442,-2.757,-6.457,-26.05,MEASURING
12180.0,-6755.749,-870.359,-2156.311,2.442,-2.757,-6.457,-26.05,SENSING
12180.0,-6755.749,-870.359,-2156.311,2.442,-2.757,-6.457,-26.05,LISTENING
12213.09,-6670.967,-960.89,-2368.538,2.685,-2.724,-6.375,-26.05,SENSING
12213.09,-6670.967,-960.89,-2368.538,2.685,-2.724,-6.375,-26.05,MANEUVERING
12213.09,-6670.967,-960.89,-2368.538,2.685,-2.724,-6.375,-26.05,LISTENING
12220.0,-6652.252,-979.654,-2412.507,2.735,-2.717,-6.357,-19.14,MANEUVERING
12220.0,-6652.252,-979.654,-2412.507,2.735,-2.717,-6.357,-19.14,SENSING
12220.0,-6652.252,-979.654,-2412.507,2.735,-2.717,-6.357,-19.14,MEASURING
12220.0,-6652.252,-979.654,-2412.507,2.735,-2.717,-6.357,-19.14,SENSING
12220.0,-6652.252,-979.654,-2412.507,2.735,-2.717,-6.357,-19.14,LISTENING
12271.93,-6500.582,-1118.972,-2738.76,3.109,-2.657,-6.211,-19.14,SENSING
12271.93,-6500.582,-1118.972,-2738.76,3.109,-2.657,-6.211,-19.14,MANEUVERING
12271.93,-6500.582,-1118.972,-2738.76,3.109,-2.657,-6.211,-19.14,LISTENING
12280.0,-6475.281,-1140.337,-2788.759,3.166,-2.647,-6.187,-27.21,MANEUVERING
12280.0,-6475.281,-1140.337,-2788.759,3.166,-2.647,-6.187,-27.21,SENSING
12280.0,-6475.281,-1140.337,-2788.759,3.166,-2.647,-6.187,-27.21,MEASURING
12280.0,-6475.281,-1140.337,-2788.759,3.166,-2.647,-6.187,-27.21,SENSING
12280.0,-6475.281,-1140.337,-2788.759,3.166,-2.647,-6.187,-27.21,LISTENING
12374.27,-6146.094,-1383.522,-3357.196,3.817,-2.517,-5.869,-27.21,SENSING
12374.27,-6146.094,-1383.522,-3357.196,3.817,-2.517,-5.869,-27.21,LISTENING
12430.0,-5923.179,-1521.127,-3678.238,4.186,-2.429,-5.655,-27.21,SENSING
12430.0,-5923.179,-1521.127,-3678.238,4.186,-2.429,-5.655,-27.21,LISTENING
12438.85,-5885.906,-1542.515,-3728.096,4.243,-2.414,-5.619,-27.21,SENSING
12438.85,-5885.906,-1542.515,-3728.096,4.243,-2.414,-5.619,-27.21,LISTENING
12450.0,-5838.229,-1569.275,-3790.456,4.315,-2.395,-5.573,-27.21,SENSING
12450.0,-5838.229,-1569.275,-3790.456,4.315,-2.395,-5.573,-27.21,LISTENING
12455.85,-5812.895,-1583.229,-3822.968,4.352,-2.385,-5.548,-27.21,SENSING
12455.85,-5812.895,-1583.229,-3822.968,4.352,-2.385,-5.548,-27.21,LISTENING
12460.0,-5794.792,-1593.093,-3845.946,4.379,-2.378,-5.531,-27.21,SENSING
12460.0,-5794.792,-1593.093,-3845.946,4.379,-2.378,-5.531,-27.21,LISTENING
12482.18,-5696.19,-1645.296,-3967.507,4.518,-2.338,-5.436,-27.21,SENSING
12482.18,-5696.19,-1645.296,-3967.507,4.518,-2.338,-5.436,-27.21,LISTENING
12490.0,-5660.69,-1663.492,-4009.859,4.567,-2.324,-5.402,-27.21,SENSING
12490.0,-5660.69,-1663.492,-4009.859,4.567,-2.324,-5.402,-27.21,LISTENING
12500.59,-5612.012,-1687.956,-4066.784,4.633,-2.305,-5.355,-27.21,SENSING
12500.59,-5612.012,-1687.956,-4066.784,4.633,-2.305,-5.355,-27.21,LISTENING
12530.0,-5473.223,-1754.799,-4222.226,4.812,-2.249,-5.221,-27.21,SENSING
12530.0,-5473.223,-1754.799,-4222.226,4.812,-2.249,-5.221,-27.21,LISTENING
12540.0,-5424.842,-1777.151,-4274.173,4.871,-2.23,-5.174,-27.21,SENSING
12540.0,-5424.842,-1777.151,-4274.173,4.871,-2.23,-5.174,-27.21,LISTENING
12550.0,-5375.866,-1799.309,-4325.652,4.931,-2.21,-5.127,-27.21,SENSING
12550.0,-5375.866,-1799.309,-4325.652,4.931,-2.21,-5.127,-27.21,LISTENING
12561.74,-5317.616,-1825.071,-4385.481,5.0,-2.187,-5.071,-27.21,SENSING
12561.74,-5317.616,-1825.071,-4385.481,5.0,-2.187,-5.071,-27.21,LISTENING
12570.0,-5276.149,-1843.032,-4427.178,5.048,-2.17,-5.031,-27.21,SENSING
12570.0,-5276.149,-1843.032,-4427.178,5.048,-2.17,-5.031,-27.21,LISTENING
12616.17,-5037.174,-1940.849,-4654.047,5.31,-2.074,-4.8,-27.21,SENSING
12616.17,-5037.174,-1940.849,-4654.047,5.31,-2.074,-4.8,-27.21,LISTENING
12620.0,-5016.812,-1948.763,-4672.384,5.331,-2.066,-4.78,-27.21,SENSING
12620.0,-5016.812,-1948.763,-4672.384,5.331,-2.066,-4.78,-27.21,LISTENING
12620.0,-5016.812,-1948.763,-4672.384,5.331,-2.066,-4.78,-27.21,SENSING
12620.0,-5016.812,-1948.763,-4672.384,5.331,-2.066,-4.78,-27.21,MESSAGING
12620.0,-5016.812,-1948.763,-4672.384,5.331,-2.066,-4.78,-27.21,MESSAGING
12620.0,-5016.812,-1948.763,-4672.384,5.331,-2.066,-4.78,-27.21,SENSING
12620.0,-5016.812,-1948.763,-4672.384,5.331,-2.066,-4.78,-27.21,LISTENING
12620.0,-5016.812,-1948.763,-4672.384,5.331,-2.066,-4.78,-27.21,SENSING
12620.0,-5016.812,-1948.763,-4672.384,5.331,-2.066,-4.78,-27.21,LISTENING
12620.0,-5016.812,-1948.763,-4672.384,5.331,-2.066,-4.78,-27.21,SENSING
12620.0,-5016.812,-1948.763,-4672.384,5.331,-2.066,-4.78,-27.21,MESSAGING
12620.0,-5016.812,-1948.763,-4672.384,5.331,-2.066,-4.78,-27.21,SENSING
12620.0,-5016.812,-1948.763,-4672.384,5.331,-2.066,-4.78,-27.21,LISTENING
12620.0,-5016.812,-1948.763,-4672.384,5.331,-2.066,-4.78,-27.21,SENSING
12620.0,-5016.812,-1948.763,-4672.384,5.331,-2.066,-4.78,-27.21,LISTENING
12620.0,-5016.812,-1948.763,-4672.384,5.331,-2.066,-4.78,-27.21,SENSING
12620.0,-5016.812,-1948.763,-4672.384,5.331,-2.066,-4.78,-27.21,LISTENING
12620.0,-5016.812,-1948.763,-4672.384,5.331,-2.066,-4.78,-27.21,SENSING
12620.0,-5016.812,-1948.763,-4672.384,5.331,-2.066,-4.78,-27.21,LISTENING
12630.07,-4962.89,-1969.42,-4720.236,5.386,-2.044,-4.728,-27.21,SENSING
12630.07,-4962.89,-1969.42,-4720.236,5.386,-2.044,-4.728,-27.21,LISTENING
12650.0,-4854.546,-2009.655,-4813.385,5.494,-2.001,-4.624,-27.21,SENSING
12650.0,-4854.546,-2009.655,-4813.385,5.494,-2.001,-4.624,-27.21,LISTENING
12670.0,-4743.689,-2049.151,-4904.745,5.599,-1.956,-4.517,-27.21,SENSING
12670.0,-4743.689,-2049.151,-4904.745,5.599,-1.956,-4.517,-27.21,LISTENING
12684.97,-4659.344,-2078.125,-4971.717,5.677,-1.922,-4.435,-27.21,SENSING
12684.97,-4659.344,-2078.125,-4971.717,5.677,-1.922,-4.435,-27.21,LISTENING
12690.0,-4630.744,-2087.746,-4993.946,5.703,-1.911,-4.408,-27.21,SENSING
12690.0,-4630.744,-2087.746,-4993.946,5.703,-1.911,-4.408,-27.21,LISTENING
12695.0,-4602.187,-2097.253,-5015.904,5.728,-1.899,-4.38,-27.21,SENSING
12695.0,-4602.187,-2097.253,-5015.904,5.728,-1.899,-4.38,-27.21,LISTENING
12700.0,-4573.503,-2106.701,-5037.723,5.753,-1.887,-4.352,-27.21,SENSING
12700.0,-4573.503,-2106.701,-5037.723,5.753,-1.887,-4.352,-27.21,LISTENING
12704.92,-4545.156,-2115.942,-5059.058,5.778,-1.876,-4.325,-27.21,SENSING
12704.92,-4545.156,-2115.942,-5059.058,5.778,-1.876,-4.325,-27.21,LISTENING
12705.63,-4541.054,-2117.271,-5062.126,5.782,-1.874,-4.321,-27.21,SENSING
12705.63,-4541.054,-2117.271,-5062.126,5.782,-1.874,-4.321,-27.21,LISTENING
12710.0,-4515.759,-2125.425,-5080.946,5.804,-1.864,-4.297,-27.21,SENSING
12710.0,-4515.759,-2125.425,-5080.946,5.804,-1.864,-4.297,-27.21,LISTENING
12710.0,-4515.759,-2125.425,-5080.946,5.804,-1.864,-4.297,-27.21,SENSING
12710.0,-4515.759,-2125.425,-5080.946,5.804,-1.864,-4.297,-27.21,LISTENING
12720.0,-4457.517,-2143.915,-5123.608,5.853,-1.841,-4.24,-27.21,SENSING
12720.0,-4457.517,-2143.915,-5123.608,5.853,-1.841,-4.24,-27.21,LISTENING
12730.0,-4398.784,-2162.169,-5165.706,5.902,-1.817,-4.184,-27.21,SENSING
12730.0,-4398.784,-2162.169,-5165.706,5.902,-1.817,-4.184,-27.21,LISTENING
12735.96,-4363.548,-2172.935,-5190.525,5.931,-1.803,-4.149,-27.21,SENSING
12735.96,-4363.548,-2172.935,-5190.525,5.931,-1.803,-4.149,-27.21,LISTENING
12740.0,-4339.566,-2180.185,-5207.234,5.95,-1.793,-4.126,-27.21,SENSING
12740.0,-4339.566,-2180.185,-5207.234,5.95,-1.793,-4.126,-27.21,LISTENING
12745.26,-4308.224,-2189.565,-5228.847,5.975,-1.78,-4.096,-27.21,SENSING
12745.26,-4308.224,-2189.565,-5228.847,5.975,-1.78,-4.096,-27.21,LISTENING
12750.0,-4279.869,-2197.961,-5248.187,5.998,-1.769,-4.069,-27.21,SENSING
12750.0,-4279.869,-2197.961,-5248.187,5.998,-1.769,-4.069,-27.21,LISTENING
12750.0,-4279.869,-2197.961,-5248.187,5.998,-1.769,-4.069,-27.21,SENSING
12750.0,-4279.869,-2197.961,-5248.187,5.998,-1.769,-4.069,-27.21,LISTENING
12770.0,-4159.067,-2232.787,-5328.353,6.091,-1.72,-3.952,-27.21,SENSING
12770.0,-4159.067,-2232.787,-5328.353,6.091,-1.72,-3.952,-27.21,LISTENING
12779.58,-4100.549,-2249.121,-5365.921,6.134,-1.696,-3.895,-27.21,SENSING
12779.58,-4100.549,-2249.121,-5365.921,6.134,-1.696,-3.895,-27.21,LISTENING
12781.88,-4086.438,-2253.009,-5374.86,6.145,-1.691,-3.882,-27.21,SENSING
12781.88,-4086.438,-2253.009,-5374.86,6.145,-1.691,-3.882,-27.21,LISTENING
12790.0,-4036.429,-2266.629,-5406.166,6.181,-1.67,-3.833,-27.21,SENSING
12790.0,-4036.429,-2266.629,-5406.166,6.181,-1.67,-3.833,-27.21,LISTENING
12790.0,-4036.429,-2266.629,-5406.166,6.181,-1.67,-3.833,-27.21,SENSING
12790.0,-4036.429,-2266.629,-5406.166,6.181,-1.67,-3.833,-27.21,LISTENING
12800.0,-3974.438,-2283.176,-5444.179,6.226,-1.645,-3.773,-27.21,SENSING
12800.0,-3974.438,-2283.176,-5444.179,6.226,-1.645,-3.773,-27.21,LISTENING
12805.54,-3939.906,-2292.236,-5464.98,6.25,-1.631,-3.74,-27.21,SENSING
12805.54,-3939.906,-2292.236,-5464.98,6.25,-1.631,-3.74,-27.21,LISTENING
12810.0,-3912.009,-2299.473,-5481.591,6.269,-1.62,-3.713,-27.21,SENSING
12810.0,-3912.009,-2299.473,-5481.591,6.269,-1.62,-3.713,-27.21,LISTENING
12820.0,-3849.147,-2315.515,-5518.397,6.312,-1.594,-3.652,-27.21,SENSING
12820.0,-3849.147,-2315.515,-5518.397,6.312,-1.594,-3.652,-27.21,LISTENING
12830.0,-3785.86,-2331.303,-5554.593,6.354,-1.569,-3.591,-27.21,SENSING
12830.0,-3785.86,-2331.303,-5554.593,6.354,-1.569,-3.591,-27.21,LISTENING
12834.76,-3755.588,-2338.727,-5571.607,6.374,-1.557,-3.562,-27.21,SENSING
12834.76,-3755.588,-2338.727,-5571.607,6.374,-1.557,-3.562,-27.21,LISTENING
12840.0,-3722.155,-2346.833,-5590.175,6.396,-1.543,-3.529,-27.21,SENSING
12840.0,-3722.155,-2346.833,-5590.175,6.396,-1.543,-3.529,-27.21,LISTENING
12845.93,-3684.183,-2355.92,-5610.983,6.42,-1.528,-3.492,-27.21,SENSING
12845.93,-3684.183,-2355.92,-5610.983,6.42,-1.528,-3.492,-27.21,LISTENING
12850.0,-3658.038,-2362.104,-5625.138,6.437,-1.517,-3.467,-27.21,SENSING
12850.0,-3658.038,-2362.104,-5625.138,6.437,-1.517,-3.467,-27.21,LISTENING
12850.0,-3658.038,-2362.104,-5625.138,6.437,-1.517,-3.467,-27.21,SENSING
12850.0,-3658.038,-2362.104,-5625.138,6.437,-1.517,-3.467,-27.21,LISTENING
12860.0,-3593.516,-2377.115,-5659.48,6.477,-1.491,-3.405,-27.21,SENSING
12860.0,-3593.516,-2377.115,-5659.48,6.477,-1.491,-3.405,-27.21,LISTENING
12866.62,-3550.584,-2386.908,-5681.87,6.503,-1.473,-3.363,-27.21,SENSING
12866.62,-3550.584,-2386.908,-5681.87,6.503,-1.473,-3.363,-27.21,LISTENING
12870.0,-3528.598,-2391.864,-5693.195,6.516,-1.464,-3.342,-27.21,SENSING
12870.0,-3528.598,-2391.864,-5693.195,6.516,-1.464,-3.342,-27.21,LISTENING
12874.86,-3496.906,-2398.937,-5709.354,6.535,-1.452,-3.311,-27.21,SENSING
12874.86,-3496.906,-2398.937,-5709.354,6.535,-1.452,-3.311,-27.21,LISTENING
12877.21,-3481.549,-2402.334,-5717.113,6.544,-1.445,-3.296,-27.21,SENSING
12877.21,-3481.549,-2402.334,-5717.113,6.544,-1.445,-3.296,-27.21,LISTENING
12880.0,-3463.289,-2406.349,-5726.28,6.555,-1.438,-3.279,-27.21,SENSING
12880.0,-3463.289,-2406.349,-5726.28,6.555,-1.438,-3.279,-27.21,LISTENING
12880.0,-3463.289,-2406.349,-5726.28,6.555,-1.438,-3.279,-27.21,SENSING
12880.0,-3463.289,-2406.349,-5726.28,6.555,-1.438,-3.279,-27.21,LISTENING
12890.0,-3397.596,-2420.568,-5758.732,6.593,-1.411,-3.215,-27.21,SENSING
12890.0,-3397.596,-2420.568,-5758.732,6.593,-1.411,-3.215,-27.21,LISTENING
12891.1,-3390.347,-2422.115,-5762.262,6.597,-1.408,-3.208,-27.21,SENSING
12891.1,-3390.347,-2422.115,-5762.262,6.597,-1.408,-3.208,-27.21,LISTENING
12895.21,-3363.221,-2427.87,-5775.386,6.612,-1.397,-3.182,-27.21,SENSING
12895.21,-3363.221,-2427.87,-5775.386,6.612,-1.397,-3.182,-27.21,LISTENING
12900.0,-3331.528,-2434.519,-5790.545,6.63,-1.384,-3.151,-27.21,SENSING
12900.0,-3331.528,-2434.519,-5790.545,6.63,-1.384,-3.151,-27.21,LISTENING
12900.0,-3331.528,-2434.519,-5790.545,6.63,-1.384,-3.151,-27.21,SENSING
12900.0,-3331.528,-2434.519,-5790.545,6.63,-1.384,-3.151,-27.21,LISTENING
12905.74,-3293.437,-2442.406,-5808.517,6.651,-1.369,-3.114,-27.21,SENSING
12905.74,-3293.437,-2442.406,-5808.517,6.651,-1.369,-3.114,-27.21,LISTENING
12910.0,-3265.091,-2448.202,-5821.717,6.667,-1.357,-3.087,-27.21,SENSING
12910.0,-3265.091,-2448.202,-5821.717,6.667,-1.357,-3.087,-27.21,LISTENING
12910.0,-3265.091,-2448.202,-5821.717,6.667,-1.357,-3.087,-27.21,SENSING
12910.0,-3265.091,-2448.202,-5821.717,6.667,-1.357,-3.087,-27.21,LISTENING
12913.48,-3241.885,-2452.9,-5832.414,6.679,-1.348,-3.064,-27.21,SENSING
12913.48,-3241.885,-2452.9,-5832.414,6.679,-1.348,-3.064,-27.21,LISTENING
12920.0,-3198.291,-2461.614,-5852.244,6.703,-1.33,-3.022,-27.21,SENSING
12920.0,-3198.291,-2461.614,-5852.244,6.703,-1.33,-3.022,-27.21,LISTENING
12920.0,-3198.291,-2461.614,-5852.244,6.703,-1.33,-3.022,-27.21,SENSING
12920.0,-3198.291,-2461.614,-5852.244,6.703,-1.33,-3.022,-27.21,LISTENING
12923.56,-3174.425,-2466.323,-5862.956,6.715,-1.32,-2.999,-27.21,SENSING
12923.56,-3174.425,-2466.323,-5862.956,6.715,-1.32,-2.999,-27.21,LISTENING
12925.36,-3162.341,-2468.691,-5868.34,6.721,-1.315,-2.987,-27.21,SENSING
12925.36,-3162.341,-2468.691,-5868.34,6.721,-1.315,-2.987,-27.21,LISTENING
12930.0,-3131.138,-2474.754,-5882.123,6.738,-1.303,-2.957,-27.21,SENSING
12930.0,-3131.138,-2474.754,-5882.123,6.738,-1.303,-2.957,-27.21,LISTENING
12936.11,-3089.936,-2482.648,-5900.058,6.759,-1.286,-2.917,-27.21,SENSING
12936.11,-3089.936,-2482.648,-5900.058,6.759,-1.286,-2.917,-27.21,LISTENING
12940.0,-3063.638,-2487.62,-5911.349,6.772,-1.275,-2.891,-27.21,SENSING
12940.0,-3063.638,-2487.62,-5911.349,6.772,-1.275,-2.891,-27.21,LISTENING
12950.0,-2995.798,-2500.212,-5939.92,6.806,-1.248,-2.826,-27.21,SENSING
12950.0,-2995.798,-2500.212,-5939.92,6.806,-1.248,-2.826,-27.21,LISTENING
12953.87,-2969.454,-2505.01,-5950.8,6.818,-1.237,-2.8,-27.21,SENSING
12953.87,-2969.454,-2505.01,-5950.8,6.818,-1.237,-2.8,-27.21,LISTENING
12960.0,-2927.626,-2512.526,-5967.832,6.838,-1.22,-2.76,-27.21,SENSING
12960.0,-2927.626,-2512.526,-5967.832,6.838,-1.22,-2.76,-27.21,LISTENING
12970.0,-2859.129,-2524.563,-5995.082,6.871,-1.192,-2.693,-27.21,SENSING
12970.0,-2859.129,-2524.563,-5995.082,6.871,-1.192,-2.693,-27.21,LISTENING
12970.89,-2853.017,-2525.621,-5997.475,6.873,-1.189,-2.687,-27.21,SENSING
12970.89,-2853.017,-2525.621,-5997.475,6.873,-1.189,-2.687,-27.21,LISTENING
12980.0,-2790.315,-2536.32,-6021.666,6.902,-1.164,-2.626,-27.21,SENSING
12980.0,-2790.315,-2536.32,-6021.666,6.902,-1.164,-2.626,-27.21,LISTENING
12990.0,-2721.191,-2547.796,-6047.582,6.933,-1.136,-2.559,-27.21,SENSING
12990.0,-2721.191,-2547.796,-6047.582,6.933,-1.136,-2.559,-27.21,LISTENING
13000.0,-2651.766,-2558.991,-6072.826,6.962,-1.107,-2.492,-27.21,SENSING
13000.0,-2651.766,-2558.991,-6072.826,6.962,-1.107,-2.492,-27.21,LISTENING
13010.0,-2582.045,-2569.901,-6097.395,6.991,-1.079,-2.424,-27.21,SENSING
13010.0,-2582.045,-2569.901,-6097.395,6.991,-1.079,-2.424,-27.21,LISTENING
13011.8,-2569.465,-2571.835,-6101.746,6.997,-1.074,-2.412,-27.21,SENSING
13011.8,-2569.465,-2571.835,-6101.746,6.997,-1.074,-2.412,-27.21,LISTENING
13020.0,-2512.038,-2580.527,-6121.287,7.02,-1.05,-2.356,-27.21,SENSING
13020.0,-2512.038,-2580.527,-6121.287,7.02,-1.05,-2.356,-27.21,LISTENING
13020.0,-2512.038,-2580.527,-6121.287,7.02,-1.05,-2.356,-27.21,SENSING
13020.0,-2512.038,-2580.527,-6121.287,7.02,-1.05,-2.356,-27.21,LISTENING
13025.78,-2471.447,-2586.538,-6134.787,7.036,-1.034,-2.317,-27.21,SENSING
13025.78,-2471.447,-2586.538,-6134.787,7.036,-1.034,-2.317,-27.21,LISTENING
13029.94,-2442.175,-2590.806,-6144.361,7.047,-1.022,-2.289,-27.21,SENSING
13029.94,-2442.175,-2590.806,-6144.361,7.047,-1.022,-2.289,-27.21,LISTENING
13030.0,-2441.752,-2590.867,-6144.499,7.047,-1.021,-2.288,-27.21,SENSING
13030.0,-2441.752,-2590.867,-6144.499,7.047,-1.021,-2.288,-27.21,LISTENING
13036.93,-2392.884,-2597.864,-6160.184,7.066,-1.002,-2.241,-27.21,SENSING
13036.93,-2392.884,-2597.864,-6160.184,7.066,-1.002,-2.241,-27.21,LISTENING
13040.0,-2371.195,-2600.919,-6167.027,7.074,-0.993,-2.22,-27.21,SENSING
13040.0,-2371.195,-2600.919,-6167.027,7.074,-0.993,-2.22,-27.21,LISTENING
13050.0,-2300.374,-2610.683,-6188.869,7.1,-0.964,-2.151,-27.21,SENSING
13050.0,-2300.374,-2610.683,-6188.869,7.1,-0.964,-2.151,-27.21,LISTENING
13060.0,-2229.296,-2620.157,-6210.023,7.125,-0.935,-2.082,-27.21,SENSING
13060.0,-2229.296,-2620.157,-6210.023,7.125,-0.935,-2.082,-27.21,LISTENING
13065.07,-2193.165,-2624.85,-6220.484,7.138,-0.92,-2.047,-27.21,SENSING
13065.07,-2193.165,-2624.85,-6220.484,7.138,-0.92,-2.047,-27.21,LISTENING
13072.01,-2143.606,-2631.151,-6234.515,7.155,-0.9,-1.999,-27.21,SENSING
13072.01,-2143.606,-2631.151,-6234.515,7.155,-0.9,-1.999,-27.21,LISTENING
13080.0,-2086.407,-2638.232,-6250.255,7.173,-0.876,-1.943,-27.21,SENSING
13080.0,-2086.407,-2638.232,-6250.255,7.173,-0.876,-1.943,-27.21,LISTENING
13086.18,-2042.063,-2643.581,-6262.125,7.188,-0.858,-1.9,-27.21,SENSING
13086.18,-2042.063,-2643.581,-6262.125,7.188,-0.858,-1.9,-27.21,LISTENING
13090.0,-2014.609,-2646.831,-6269.328,7.196,-0.847,-1.873,-27.21,SENSING
13090.0,-2014.609,-2646.831,-6269.328,7.196,-0.847,-1.873,-27.21,LISTENING
13090.0,-2014.609,-2646.831,-6269.328,7.196,-0.847,-1.873,-27.21,SENSING
13090.0,-2014.609,-2646.831,-6269.328,7.196,-0.847,-1.873,-27.21,LISTENING
13095.19,-1977.257,-2651.178,-6278.952,7.208,-0.831,-1.837,-27.21,SENSING
13095.19,-1977.257,-2651.178,-6278.952,7.208,-0.831,-1.837,-27.21,LISTENING
13100.0,-1942.587,-2655.135,-6287.703,7.218,-0.817,-1.803,-27.21,SENSING
13100.0,-1942.587,-2655.135,-6287.703,7.218,-0.817,-1.803,-27.21,LISTENING
13100.0,-1942.587,-2655.135,-6287.703,7.218,-0.817,-1.803,-27.21,SENSING
13100.0,-1942.587,-2655.135,-6287.703,7.218,-0.817,-1.803,-27.21,LISTENING
13105.18,-1905.195,-2659.321,-6296.946,7.229,-0.802,-1.767,-27.21,SENSING
13105.18,-1905.195,-2659.321,-6296.946,7.229,-0.802,-1.767,-27.21,LISTENING
13110.0,-1870.35,-2663.145,-6305.377,7.24,-0.788,-1.733,-27.21,SENSING
13110.0,-1870.35,-2663.145,-6305.377,7.24,-0.788,-1.733,-27.21,LISTENING
13114.5,-1837.774,-2666.652,-6313.102,7.249,-0.774,-1.702,-27.21,SENSING
13114.5,-1837.774,-2666.652,-6313.102,7.249,-0.774,-1.702,-27.21,LISTENING
13115.59,-1829.877,-2667.493,-6314.951,7.251,-0.771,-1.694,-27.21,SENSING
13115.59,-1829.877,-2667.493,-6314.951,7.251,-0.771,-1.694,-27.21,LISTENING
13120.0,-1797.903,-2670.858,-6322.349,7.26,-0.758,-1.663,-27.21,SENSING
13120.0,-1797.903,-2670.858,-6322.349,7.26,-0.758,-1.663,-27.21,LISTENING
13130.0,-1725.256,-2678.274,-6338.615,7.28,-0.728,-1.592,-27.21,SENSING
13130.0,-1725.256,-2678.274,-6338.615,7.28,-0.728,-1.592,-27.21,LISTENING
13135.71,-1683.688,-2682.376,-6347.587,7.29,-0.711,-1.552,-27.21,SENSING
13135.71,-1683.688,-2682.376,-6347.587,7.29,-0.711,-1.552,-27.21,LISTENING
13138.91,-1660.366,-2684.632,-6352.514,7.296,-0.701,-1.529,-27.21,SENSING
13138.91,-1660.366,-2684.632,-6352.514,7.296,-0.701,-1.529,-27.21,LISTENING
13140.0,-1652.417,-2685.393,-6354.175,7.298,-0.698,-1.521,-27.21,SENSING
13140.0,-1652.417,-2685.393,-6354.175,7.298,-0.698,-1.521,-27.21,LISTENING
13140.0,-1652.417,-2685.393,-6354.175,7.298,-0.698,-1.521,-27.21,SENSING
13140.0,-1652.417,-2685.393,-6354.175,7.298,-0.698,-1.521,-27.21,LISTENING
13156.96,-1528.465,-2696.782,-6378.943,7.329,-0.647,-1.401,-27.21,SENSING
13156.96,-1528.465,-2696.782,-6378.943,7.329,-0.647,-1.401,-27.21,LISTENING
13160.0,-1506.194,-2698.733,-6383.166,7.334,-0.638,-1.379,-27.21,SENSING
13160.0,-1506.194,-2698.733,-6383.166,7.334,-0.638,-1.379,-27.21,LISTENING
13170.0,-1432.826,-2704.952,-6396.593,7.35,-0.608,-1.308,-27.21,SENSING
13170.0,-1432.826,-2704.952,-6396.593,7.35,-0.608,-1.308,-27.21,LISTENING
13176.07,-1388.214,-2708.581,-6404.396,7.36,-0.59,-1.264,-27.21,SENSING
13176.07,-1388.214,-2708.581,-6404.396,7.36,-0.59,-1.264,-27.21,LISTENING
13176.94,-1381.815,-2709.092,-6405.492,7.361,-0.587,-1.258,-27.21,SENSING
13176.94,-1381.815,-2709.092,-6405.492,7.361,-0.587,-1.258,-27.21,LISTENING
13180.0,-1359.299,-2710.871,-6409.307,7.366,-0.578,-1.236,-27.21,SENSING
13180.0,-1359.299,-2710.871,-6409.307,7.366,-0.578,-1.236,-27.21,LISTENING
13186.01,-1315.035,-2714.282,-6416.603,7.375,-0.56,-1.193,-27.21,SENSING
13186.01,-1315.035,-2714.282,-6416.603,7.375,-0.56,-1.193,-27.21,LISTENING
13190.0,-1285.62,-2716.487,-6421.304,7.381,-0.548,-1.164,-27.21,SENSING
13190.0,-1285.62,-2716.487,-6421.304,7.381,-0.548,-1.164,-27.21,LISTENING
13200.0,-1211.797,-2721.801,-6432.584,7.394,-0.517,-1.093,-27.21,SENSING
13200.0,-1211.797,-2721.801,-6432.584,7.394,-0.517,-1.093,-27.21,LISTENING
13210.0,-1137.838,-2726.811,-6443.145,7.408,-0.487,-1.021,-27.21,SENSING
13210.0,-1137.838,-2726.811,-6443.145,7.408,-0.487,-1.021,-27.21,LISTENING
13216.4,-1090.438,-2729.858,-6449.526,7.416,-0.467,-0.974,-27.21,SENSING
13216.4,-1090.438,-2729.858,-6449.526,7.416,-0.467,-0.974,-27.21,LISTENING
13219.35,-1068.572,-2731.221,-6452.367,7.419,-0.458,-0.953,-27.21,SENSING
13219.35,-1068.572,-2731.221,-6452.367,7.419,-0.458,-0.953,-27.21,LISTENING
13230.0,-989.548,-2735.919,-6462.104,7.431,-0.426,-0.876,-27.21,SENSING
13230.0,-989.548,-2735.919,-6462.104,7.431,-0.426,-0.876,-27.21,LISTENING
13230.0,-989.548,-2735.919,-6462.104,7.431,-0.426,-0.876,-27.21,SENSING
13230.0,-989.548,-2735.919,-6462.104,7.431,-0.426,-0.876,-27.21,LISTENING
13235.93,-945.492,-2738.385,-6467.17,7.438,-0.408,-0.833,-27.21,SENSING
13235.93,-945.492,-2738.385,-6467.17,7.438,-0.408,-0.833,-27.21,LISTENING
13239.09,-922.0,-2739.655,-6469.766,7.441,-0.398,-0.81,-27.21,SENSING
13239.09,-922.0,-2739.655,-6469.766,7.441,-0.398,-0.81,-27.21,LISTENING
13240.0,-915.233,-2740.015,-6470.5,7.442,-0.395,-0.804,-27.21,SENSING
13240.0,-915.233,-2740.015,-6470.5,7.442,-0.395,-0.804,-27.21,LISTENING
13250.0,-840.816,-2743.805,-6478.171,7.452,-0.364,-0.731,-27.21,SENSING
13250.0,-840.816,-2743.805,-6478.171,7.452,-0.364,-0.731,-27.21,LISTENING
13262.68,-746.321,-2748.171,-6486.856,7.463,-0.325,-0.639,-27.21,SENSING
13262.68,-746.321,-2748.171,-6486.856,7.463,-0.325,-0.639,-27.21,LISTENING
13270.0,-691.707,-2750.467,-6491.338,7.469,-0.303,-0.586,-27.21,SENSING
13270.0,-691.707,-2750.467,-6491.338,7.469,-0.303,-0.586,-27.21,LISTENING
13270.0,-691.707,-2750.467,-6491.338,7.469,-0.303,-0.586,-27.21,SENSING
13270.0,-691.707,-2750.467,-6491.338,7.469,-0.303,-0.586,-27.21,LISTENING
13276.17,-645.642,-2752.274,-6494.814,7.474,-0.284,-0.541,-27.21,SENSING
13276.17,-645.642,-2752.274,-6494.814,7.474,-0.284,-0.541,-27.21,LISTENING
13280.0,-617.033,-2753.337,-6496.832,7.476,-0.272,-0.513,-27.21,SENSING
13280.0,-617.033,-2753.337,-6496.832,7.476,-0.272,-0.513,-27.21,LISTENING
13286.64,-567.41,-2755.072,-6500.077,7.481,-0.252,-0.465,-27.21,SENSING
13286.64,-567.41,-2755.072,-6500.077,7.481,-0.252,-0.465,-27.21,LISTENING
13290.0,-542.289,-2755.899,-6501.597,7.483,-0.241,-0.44,-27.21,SENSING
13290.0,-542.289,-2755.899,-6501.597,7.483,-0.241,-0.44,-27.21,LISTENING
13369.71,54.971,-2765.283,-6513.478,7.505,0.006,0.142,-27.21,SENSING
13369.71,54.971,-2765.283,-6513.478,7.505,0.006,0.142,-27.21,LISTENING
13369.97,56.921,-2765.281,-6513.441,7.505,0.006,0.144,-27.21,SENSING
13369.97,56.921,-2765.281,-6513.441,7.505,0.006,0.144,-27.21,LISTENING
13391.7,219.852,-2764.41,-6508.577,7.501,0.074,0.304,-27.21,SENSING
13391.7,219.852,-2764.41,-6508.577,7.501,0.074,0.304,-27.21,LISTENING
13400.0,282.059,-2763.691,-6505.807,7.499,0.1,0.364,-27.21,SENSING
13400.0,282.059,-2763.691,-6505.807,7.499,0.1,0.364,-27.21,LISTENING
13410.0,356.978,-2762.54,-6501.8,7.495,0.131,0.437,-27.21,SENSING
13410.0,356.978,-2762.54,-6501.8,7.495,0.131,0.437,-27.21,LISTENING
13410.0,356.978,-2762.54,-6501.8,7.495,0.131,0.437,-27.21,SENSING
13410.0,356.978,-2762.54,-6501.8,7.495,0.131,0.437,-27.21,LISTENING
13572.93,1565.924,-2700.263,-6333.887,7.318,0.634,1.621,-27.21,SENSING
13572.93,1565.924,-2700.263,-6333.887,7.318,0.634,1.621,-27.21,LISTENING
13600.0,1763.206,-2682.028,-6287.42,7.267,0.716,1.814,-27.21,SENSING
13600.0,1763.206,-2682.028,-6287.42,7.267,0.716,1.814,-27.21,LISTENING
13600.0,1763.206,-2682.028,-6287.42,7.267,0.716,1.814,-27.21,SENSING
13600.0,1763.206,-2682.028,-6287.42,7.267,0.716,1.814,-27.21,LISTENING
13615.44,1875.087,-2670.633,-6258.579,7.235,0.763,1.924,-27.21,SENSING
13615.44,1875.087,-2670.633,-6258.579,7.235,0.763,1.924,-27.21,LISTENING
13630.0,1980.128,-2659.228,-6229.834,7.203,0.807,2.027,-27.21,SENSING
13630.0,1980.128,-2659.228,-6229.834,7.203,0.807,2.027,-27.21,LISTENING
13630.0,1980.128,-2659.228,-6229.834,7.203,0.807,2.027,-27.21,SENSING
13630.0,1980.128,-2659.228,-6229.834,7.203,0.807,2.027,-27.21,LISTENING
13700.03,2478.259,-2595.523,-6070.794,7.026,1.015,2.516,-27.21,SENSING
13700.03,2478.259,-2595.523,-6070.794,7.026,1.015,2.516,-27.21,LISTENING
13720.0,2617.902,-2574.701,-6019.211,6.968,1.074,2.653,-27.21,SENSING
13720.0,2617.902,-2574.701,-6019.211,6.968,1.074,2.653,-27.21,LISTENING
13735.02,2722.154,-2558.272,-5978.615,6.923,1.118,2.755,-27.21,SENSING
13735.02,2722.154,-2558.272,-5978.615,6.923,1.118,2.755,-27.21,LISTENING
13740.0,2756.566,-2552.681,-5964.817,6.907,1.132,2.789,-27.21,SENSING
13740.0,2756.566,-2552.681,-5964.817,6.907,1.132,2.789,-27.21,LISTENING
13740.0,2756.566,-2552.681,-5964.817,6.907,1.132,2.789,-27.21,SENSING
13740.0,2756.566,-2552.681,-5964.817,6.907,1.132,2.789,-27.21,LISTENING
13807.2,3212.939,-2470.274,-5762.331,6.679,1.324,3.238,-27.21,SENSING
13807.2,3212.939,-2470.274,-5762.331,6.679,1.324,3.238,-27.21,LISTENING
13820.0,3298.067,-2453.127,-5720.371,6.631,1.36,3.322,-27.21,SENSING
13820.0,3298.067,-2453.127,-5720.371,6.631,1.36,3.322,-27.21,LISTENING
13830.0,3364.145,-2439.414,-5686.847,6.594,1.388,3.387,-27.21,SENSING
13830.0,3364.145,-2439.414,-5686.847,6.594,1.388,3.387,-27.21,LISTENING
13840.0,3429.841,-2425.424,-5652.674,6.555,1.415,3.451,-27.21,SENSING
13840.0,3429.841,-2425.424,-5652.674,6.555,1.415,3.451,-27.21,LISTENING
13847.34,3477.813,-2414.979,-5627.181,6.526,1.436,3.499,-27.21,SENSING
13847.34,3477.813,-2414.979,-5627.181,6.526,1.436,3.499,-27.21,LISTENING
13850.0,3495.145,-2411.157,-5617.857,6.515,1.443,3.516,-27.21,SENSING
13850.0,3495.145,-2411.157,-5617.857,6.515,1.443,3.516,-27.21,LISTENING
13922.18,3954.239,-2300.15,-5347.794,6.208,1.637,3.968,-27.21,SENSING
13922.18,3954.239,-2300.15,-5347.794,6.208,1.637,3.968,-27.21,MANEUVERING
13922.18,3954.239,-2300.15,-5347.794,6.208,1.637,3.968,-27.21,LISTENING
13980.0,4305.163,-2201.348,-5108.427,5.935,1.786,4.314,30.61,MANEUVERING
13980.0,4305.163,-2201.348,-5108.427,5.935,1.786,4.314,30.61,SENSING
13980.0,4305.163,-2201.348,-5108.427,5.935,1.786,4.314,30.61,MEASURING
13980.0,4305.163,-2201.348,-5108.427,5.935,1.786,4.314,30.61,SENSING
13980.0,4305.163,-2201.348,-5108.427,5.935,1.786,4.314,30.61,LISTENING
13990.0,4364.223,-2183.398,-5065.022,5.885,1.811,4.372,30.61,SENSING
13990.0,4364.223,-2183.398,-5065.022,5.885,1.811,4.372,30.61,MEASURING
13990.0,4364.223,-2183.398,-5065.022,5.885,1.811,4.372,30.61,SENSING
13990.0,4364.223,-2183.398,-5065.022,5.885,1.811,4.372,30.61,LISTENING
14000.0,4422.784,-2165.199,-5021.036,5.835,1.836,4.43,30.61,SENSING
14000.0,4422.784,-2165.199,-5021.036,5.835,1.836,4.43,30.61,MEASURING
14000.0,4422.784,-2165.199,-5021.036,5.835,1.836,4.43,30.61,SENSING
14000.0,4422.784,-2165.199,-5021.036,5.835,1.836,4.43,30.61,LISTENING
14007.05,4463.766,-2152.219,-4989.681,5.799,1.853,4.47,30.61,SENSING
14007.05,4463.766,-2152.219,-4989.681,5.799,1.853,4.47,30.61,LISTENING
14010.0,4480.839,-2146.752,-4976.476,5.784,1.86,4.487,30.61,SENSING
14010.0,4480.839,-2146.752,-4976.476,5.784,1.86,4.487,30.61,LISTENING
14031.45,4603.629,-2106.36,-4878.979,5.672,1.913,4.608,30.61,SENSING
14031.45,4603.629,-2106.36,-4878.979,5.672,1.913,4.608,30.61,LISTENING
14050.0,4707.864,-2070.535,-4792.587,5.573,1.957,4.711,30.61,SENSING
14050.0,4707.864,-2070.535,-4792.587,5.573,1.957,4.711,30.61,LISTENING
14050.55,4710.926,-2069.46,-4789.997,5.571,1.958,4.714,30.61,SENSING
14050.55,4710.926,-2069.46,-4789.997,5.571,1.958,4.714,30.61,MANEUVERING
14050.55,4710.926,-2069.46,-4789.997,5.571,1.958,4.714,30.61,LISTENING
14060.0,4763.288,-2050.883,-4745.229,5.519,1.981,4.766,21.16,MANEUVERING
14060.0,4763.288,-2050.883,-4745.229,5.519,1.981,4.766,21.16,SENSING
14060.0,4763.288,-2050.883,-4745.229,5.519,1.981,4.766,21.16,MEASURING
14060.0,4763.288,-2050.883,-4745.229,5.519,1.981,4.766,21.16,SENSING
14060.0,4763.288,-2050.883,-4745.229,5.519,1.981,4.766,21.16,LISTENING
14093.83,4946.704,-1982.677,-4581.014,5.331,2.059,4.947,21.16,SENSING
14093.83,4946.704,-1982.677,-4581.014,5.331,2.059,4.947,21.16,MANEUVERING
14093.83,4946.704,-1982.677,-4581.014,5.331,2.059,4.947,21.16,LISTENING
14100.0,4979.462,-1969.955,-4550.409,5.296,2.073,4.979,27.33,MANEUVERING
14100.0,4979.462,-1969.955,-4550.409,5.296,2.073,4.979,27.33,SENSING
14100.0,4979.462,-1969.955,-4550.409,5.296,2.073,4.979,27.33,MEASURING
14100.0,4979.462,-1969.955,-4550.409,5.296,2.073,4.979,27.33,SENSING
14100.0,4979.462,-1969.955,-4550.409,5.296,2.073,4.979,27.33,LISTENING
14110.0,5032.094,-1949.153,-4500.385,5.238,2.095,5.031,27.33,SENSING
14110.0,5032.094,-1949.153,-4500.385,5.238,2.095,5.031,27.33,MEASURING
14110.0,5032.094,-1949.153,-4500.385,5.238,2.095,5.031,27.33,SENSING
14110.0,5032.094,-1949.153,-4500.385,5.238,2.095,5.031,27.33,LISTENING
14169.03,5330.814,-1821.895,-4194.761,4.887,2.223,5.326,27.33,SENSING
14169.03,5330.814,-1821.895,-4194.761,4.887,2.223,5.326,27.33,LISTENING
14180.0,5384.012,-1797.429,-4136.077,4.819,2.246,5.378,27.33,SENSING
14180.0,5384.012,-1797.429,-4136.077,4.819,2.246,5.378,27.33,LISTENING
14186.12,5413.367,-1783.671,-4103.089,4.781,2.258,5.407,27.33,SENSING
14186.12,5413.367,-1783.671,-4103.089,4.781,2.258,5.407,27.33,LISTENING
14190.0,5431.858,-1774.909,-4082.084,4.757,2.266,5.426,27.33,SENSING
14190.0,5431.858,-1774.909,-4082.084,4.757,2.266,5.426,27.33,LISTENING
14202.53,5490.927,-1746.406,-4013.768,4.678,2.292,5.484,27.33,SENSING
14202.53,5490.927,-1746.406,-4013.768,4.678,2.292,5.484,27.33,LISTENING
14210.0,5525.671,-1729.263,-3972.695,4.631,2.307,5.518,27.33,SENSING
14210.0,5525.671,-1729.263,-3972.695,4.631,2.307,5.518,27.33,LISTENING
14512.53,6612.469,-954.747,-2125.647,2.494,2.778,6.592,27.33,SENSING
14512.53,6612.469,-954.747,-2125.647,2.494,2.778,6.592,27.33,LISTENING
14540.0,6678.041,-878.16,-1943.763,2.283,2.807,6.656,27.33,SENSING
14540.0,6678.041,-878.16,-1943.763,2.283,2.807,6.656,27.33,LISTENING
14590.0,6782.415,-736.845,-1608.466,1.894,2.854,6.759,27.33,SENSING
14590.0,6782.415,-736.845,-1608.466,1.894,2.854,6.759,27.33,LISTENING
14596.3,6794.182,-718.88,-1565.869,1.844,2.859,6.771,27.33,SENSING
14596.3,6794.182,-718.88,-1565.869,1.844,2.859,6.771,27.33,LISTENING
14600.0,6800.948,-708.314,-1540.817,1.815,2.862,6.777,27.33,SENSING
14600.0,6800.948,-708.314,-1540.817,1.815,2.862,6.777,27.33,LISTENING
14600.0,6800.948,-708.314,-1540.817,1.815,2.862,6.777,27.33,SENSING
14600.0,6800.948,-708.314,-1540.817,1.815,2.862,6.777,27.33,LISTENING
14610.0,6818.694,-679.701,-1472.991,1.737,2.87,6.795,27.33,SENSING
14610.0,6818.694,-679.701,-1472.991,1.737,2.87,6.795,27.33,LISTENING
14629.01,6850.255,-625.094,-1343.589,1.586,2.885,6.826,27.33,SENSING
14629.01,6850.255,-625.094,-1343.589,1.586,2.885,6.826,27.33,LISTENING
14630.0,6851.82,-622.243,-1336.834,1.578,2.885,6.827,27.33,SENSING
14630.0,6851.82,-622.243,-1336.834,1.578,2.885,6.827,27.33,LISTENING
14638.23,6864.533,-598.515,-1280.623,1.513,2.891,6.84,27.33,SENSING
14638.23,6864.533,-598.515,-1280.623,1.513,2.891,6.84,27.33,LISTENING
14650.0,6881.778,-564.499,-1200.059,1.419,2.899,6.857,27.33,SENSING
14650.0,6881.778,-564.499,-1200.059,1.419,2.899,6.857,27.33,LISTENING
14660.0,6895.564,-535.527,-1131.46,1.34,2.906,6.87,27.33,SENSING
14660.0,6895.564,-535.527,-1131.46,1.34,2.906,6.87,27.33,LISTENING
14660.0,6895.564,-535.527,-1131.46,1.34,2.906,6.87,27.33,SENSING
14660.0,6895.564,-535.527,-1131.46,1.34,2.906,6.87,27.33,MESSAGING
14660.0,6895.564,-535.527,-1131.46,1.34,2.906,6.87,27.33,SENSING
14660.0,6895.564,-535.527,-1131.46,1.34,2.906,6.87,27.33,LISTENING
14660.0,6895.564,-535.527,-1131.46,1.34,2.906,6.87,27.33,SENSING
14660.0,6895.564,-535.527,-1131.46,1.34,2.906,6.87,27.33,LISTENING
14660.0,6895.564,-535.527,-1131.46,1.34,2.906,6.87,27.33,SENSING
14660.0,6895.564,-535.527,-1131.46,1.34,2.906,6.87,27.33,LISTENING
14660.37,6896.059,-534.454,-1128.919,1.337,2.906,6.871,27.33,SENSING
14660.37,6896.059,-534.454,-1128.919,1.337,2.906,6.871,27.33,LISTENING
14684.18,6925.601,-465.225,-965.061,1.146,2.92,6.899,27.33,SENSING
14684.18,6925.601,-465.225,-965.061,1.146,2.92,6.899,27.33,LISTENING
14690.0,6932.132,-448.255,-924.908,1.1,2.923,6.906,27.33,SENSING
14690.0,6932.132,-448.255,-924.908,1.1,2.923,6.906,27.33,LISTENING
14704.67,6947.39,-405.403,-823.54,0.982,2.93,6.921,27.33,SENSING
14704.67,6947.39,-405.403,-823.54,0.982,2.93,6.921,27.33,LISTENING
14710.0,6952.505,-389.809,-786.658,0.939,2.932,6.926,27.33,SENSING
14710.0,6952.505,-389.809,-786.658,0.939,2.932,6.926,27.33,LISTENING
14743.39,6979.345,-291.845,-555.07,0.67,2.945,6.952,27.33,SENSING
14743.39,6979.345,-291.845,-555.07,0.67,2.945,6.952,27.33,LISTENING
14750.0,6983.593,-272.404,-509.13,0.616,2.948,6.956,27.33,SENSING
14750.0,6983.593,-272.404,-509.13,0.616,2.948,6.956,27.33,LISTENING
14790.0,7001.757,-154.496,-230.659,0.292,2.958,6.973,27.33,SENSING
14790.0,7001.757,-154.496,-230.659,0.292,2.958,6.973,27.33,LISTENING
14790.0,7001.757,-154.496,-230.659,0.292,2.958,6.973,27.33,SENSING
14790.0,7001.757,-154.496,-230.659,0.292,2.958,6.973,27.33,LISTENING
14800.0,7004.274,-124.966,-160.955,0.211,2.959,6.975,27.33,SENSING
14800.0,7004.274,-124.966,-160.955,0.211,2.959,6.975,27.33,LISTENING
14825.0,7007.022,-51.084,13.37,0.009,2.962,6.977,27.33,SENSING
14825.0,7007.022,-51.084,13.37,0.009,2.962,6.977,27.33,LISTENING
14840.0,7006.239,-6.735,117.969,-0.113,2.962,6.976,27.33,SENSING
14840.0,7006.239,-6.735,117.969,-0.113,2.962,6.976,27.33,LISTENING
14856.31,7003.318,41.49,231.666,-0.245,2.962,6.973,27.33,SENSING
14856.31,7003.318,41.49,231.666,-0.245,2.962,6.973,27.33,LISTENING
14860.0,7002.358,52.399,257.381,-0.275,2.962,6.972,27.33,SENSING
14860.0,7002.358,52.399,257.381,-0.275,2.962,6.972,27.33,LISTENING
14872.85,6998.154,90.382,346.894,-0.379,2.961,6.967,27.33,SENSING
14872.85,6998.154,90.382,346.894,-0.379,2.961,6.967,27.33,LISTENING
14900.0,6984.879,170.567,535.783,-0.599,2.956,6.953,27.33,SENSING
14900.0,6984.879,170.567,535.783,-0.599,2.956,6.953,27.33,LISTENING
14986.09,6903.492,423.543,1130.941,-1.292,2.927,6.87,27.33,SENSING
14986.09,6903.492,423.543,1130.941,-1.292,2.927,6.87,27.33,LISTENING
14990.0,6898.385,434.963,1157.78,-1.323,2.925,6.865,27.33,SENSING
14990.0,6898.385,434.963,1157.78,-1.323,2.925,6.865,27.33,LISTENING
15016.33,6860.821,511.655,1337.957,-1.532,2.911,6.827,27.33,SENSING
15016.33,6860.821,511.655,1337.957,-1.532,2.911,6.827,27.33,LISTENING
15040.0,6822.358,580.252,1499.02,-1.72,2.896,6.788,27.33,SENSING
15040.0,6822.358,580.252,1499.02,-1.72,2.896,6.788,27.33,LISTENING
15121.1,6657.253,812.172,2042.868,-2.352,2.83,6.622,27.33,SENSING
15121.1,6657.253,812.172,2042.868,-2.352,2.83,6.622,27.33,LISTENING
15130.0,6636.029,837.28,2101.679,-2.421,2.822,6.601,27.33,SENSING
15130.0,6636.029,837.28,2101.679,-2.421,2.822,6.601,27.33,LISTENING
15177.45,6512.681,969.796,2411.852,-2.781,2.772,6.477,27.33,SENSING
15177.45,6512.681,969.796,2411.852,-2.781,2.772,6.477,27.33,LISTENING
15200.0,6448.107,1031.912,2557.109,-2.95,2.746,6.412,27.33,SENSING
15200.0,6448.107,1031.912,2557.109,-2.95,2.746,6.412,27.33,LISTENING
15205.86,6430.706,1047.956,2594.614,-2.993,2.739,6.395,27.33,SENSING
15205.86,6430.706,1047.956,2594.614,-2.993,2.739,6.395,27.33,LISTENING
15210.0,6418.258,1059.267,2621.049,-3.024,2.734,6.382,27.33,SENSING
15210.0,6418.258,1059.267,2621.049,-3.024,2.734,6.382,27.33,LISTENING
15212.11,6411.865,1065.023,2634.502,-3.04,2.732,6.376,27.33,SENSING
15212.11,6411.865,1065.023,2634.502,-3.04,2.732,6.376,27.33,LISTENING
15260.0,6257.978,1194.149,2936.064,-3.39,2.669,6.222,27.33,SENSING
15260.0,6257.978,1194.149,2936.064,-3.39,2.669,6.222,27.33,LISTENING
15270.0,6223.741,1220.725,2998.08,-3.462,2.655,6.188,27.33,SENSING
15270.0,6223.741,1220.725,2998.08,-3.462,2.655,6.188,27.33,LISTENING
15290.71,6150.561,1275.315,3125.407,-3.61,2.626,6.114,27.33,SENSING
15290.71,6150.561,1275.315,3125.407,-3.61,2.626,6.114,27.33,LISTENING
15310.0,6079.662,1325.597,3242.615,-3.746,2.597,6.044,27.33,SENSING
15310.0,6079.662,1325.597,3242.615,-3.746,2.597,6.044,27.33,LISTENING
15326.0,6018.877,1366.874,3338.78,-3.857,2.572,5.983,27.33,SENSING
15326.0,6018.877,1366.874,3338.78,-3.857,2.572,5.983,27.33,LISTENING
15328.41,6009.567,1373.057,3353.18,-3.874,2.568,5.974,27.33,SENSING
15328.41,6009.567,1373.057,3353.18,-3.874,2.568,5.974,27.33,LISTENING
15340.0,5964.233,1402.662,3422.117,-3.954,2.55,5.928,27.33,SENSING
15340.0,5964.233,1402.662,3422.117,-3.954,2.55,5.928,27.33,LISTENING
15346.63,5937.885,1419.5,3461.314,-4.0,2.539,5.902,27.33,SENSING
15346.63,5937.885,1419.5,3461.314,-4.0,2.539,5.902,27.33,LISTENING
15350.0,5924.377,1428.032,3481.171,-4.023,2.533,5.889,27.33,SENSING
15350.0,5924.377,1428.032,3481.171,-4.023,2.533,5.889,27.33,LISTENING
15350.0,5924.377,1428.032,3481.171,-4.023,2.533,5.889,27.33,SENSING
15350.0,5924.377,1428.032,3481.171,-4.023,2.533,5.889,27.33,LISTENING
15360.0,5883.838,1453.237,3539.824,-4.091,2.517,5.848,27.33,SENSING
15360.0,5883.838,1453.237,3539.824,-4.091,2.517,5.848,27.33,LISTENING
15370.67,5839.837,1479.948,3601.958,-4.163,2.499,5.804,27.33,SENSING
15370.67,5839.837,1479.948,3601.958,-4.163,2.499,5.804,27.33,LISTENING
15380.0,5800.735,1503.145,3655.901,-4.225,2.483,5.765,27.33,SENSING
15380.0,5800.735,1503.145,3655.901,-4.225,2.483,5.765,27.33,LISTENING
15385.97,5775.409,1517.91,3690.227,-4.265,2.472,5.74,27.33,SENSING
15385.97,5775.409,1517.91,3690.227,-4.265,2.472,5.74,27.33,LISTENING
15390.0,5758.179,1527.842,3713.312,-4.292,2.465,5.723,27.33,SENSING
15390.0,5758.179,1527.842,3713.312,-4.292,2.465,5.723,27.33,LISTENING
15424.9,5604.502,1612.64,3910.284,-4.52,2.402,5.57,27.33,SENSING
15424.9,5604.502,1612.64,3910.284,-4.52,2.402,5.57,27.33,LISTENING
15440.0,5535.566,1648.638,3993.825,-4.617,2.374,5.501,27.33,SENSING
15440.0,5535.566,1648.638,3993.825,-4.617,2.374,5.501,27.33,LISTENING
15482.32,5334.692,1747.2,4222.312,-4.881,2.291,5.301,27.33,SENSING
15482.32,5334.692,1747.2,4222.312,-4.881,2.291,5.301,27.33,LISTENING
15500.0,5247.498,1787.326,4315.221,-4.989,2.256,5.214,27.33,SENSING
15500.0,5247.498,1787.326,4315.221,-4.989,2.256,5.214,27.33,LISTENING
15505.12,5221.895,1798.827,4341.838,-5.02,2.245,5.189,27.33,SENSING
15505.12,5221.895,1798.827,4341.838,-5.02,2.245,5.189,27.33,LISTENING
15510.0,5197.345,1809.739,4367.087,-5.049,2.235,5.164,27.33,SENSING
15510.0,5197.345,1809.739,4367.087,-5.049,2.235,5.164,27.33,LISTENING
15528.38,5103.612,1850.392,4461.105,-5.158,2.196,5.071,27.33,SENSING
15528.38,5103.612,1850.392,4461.105,-5.158,2.196,5.071,27.33,LISTENING
15540.0,5043.33,1875.725,4519.653,-5.225,2.172,5.011,27.33,SENSING
15540.0,5043.33,1875.725,4519.653,-5.225,2.172,5.011,27.33,LISTENING
15550.0,4990.827,1897.294,4569.479,-5.283,2.15,4.959,27.33,SENSING
15550.0,4990.827,1897.294,4569.479,-5.283,2.15,4.959,27.33,LISTENING
15558.9,4943.617,1916.308,4613.384,-5.334,2.13,4.912,27.33,SENSING
15558.9,4943.617,1916.308,4613.384,-5.334,2.13,4.912,27.33,LISTENING
15620.0,4607.629,2042.068,4903.277,-5.668,1.992,4.579,27.33,SENSING
15620.0,4607.629,2042.068,4903.277,-5.668,1.992,4.579,27.33,LISTENING
15625.73,4575.087,2053.423,4929.406,-5.698,1.979,4.546,27.33,SENSING
15625.73,4575.087,2053.423,4929.406,-5.698,1.979,4.546,27.33,LISTENING
15630.0,4550.725,2061.835,4948.757,-5.721,1.968,4.522,27.33,SENSING
15630.0,4550.725,2061.835,4948.757,-5.721,1.968,4.522,27.33,LISTENING
15647.8,4448.15,2096.436,5028.308,-5.812,1.926,4.42,27.33,SENSING
15647.8,4448.15,2096.436,5028.308,-5.812,1.926,4.42,27.33,LISTENING
15660.0,4376.913,2119.714,5081.779,-5.874,1.897,4.35,27.33,SENSING
15660.0,4376.913,2119.714,5081.779,-5.874,1.897,4.35,27.33,LISTENING
15660.0,4376.913,2119.714,5081.779,-5.874,1.897,4.35,27.33,SENSING
15660.0,4376.913,2119.714,5081.779,-5.874,1.897,4.35,27.33,LISTENING
15668.83,4324.888,2136.338,5119.941,-5.918,1.875,4.298,27.33,SENSING
15668.83,4324.888,2136.338,5119.941,-5.918,1.875,4.298,27.33,LISTENING
15680.0,4258.524,2157.095,5167.562,-5.973,1.848,4.232,27.33,SENSING
15680.0,4258.524,2157.095,5167.562,-5.973,1.848,4.232,27.33,LISTENING
15689.63,4200.821,2174.744,5208.025,-6.019,1.824,4.175,27.33,SENSING
15689.63,4200.821,2174.744,5208.025,-6.019,1.824,4.175,27.33,LISTENING
15710.0,4077.306,2211.315,5291.791,-6.116,1.773,4.053,27.33,SENSING
15710.0,4077.306,2211.315,5291.791,-6.116,1.773,4.053,27.33,LISTENING
15717.44,4031.709,2224.413,5321.763,-6.15,1.754,4.008,27.33,SENSING
15717.44,4031.709,2224.413,5321.763,-6.15,1.754,4.008,27.33,LISTENING
15720.0,4015.96,2228.887,5331.998,-6.162,1.748,3.992,27.33,SENSING
15720.0,4015.96,2228.887,5331.998,-6.162,1.748,3.992,27.33,LISTENING
15730.0,3954.155,2246.205,5371.595,-6.208,1.722,3.931,27.33,SENSING
15730.0,3954.155,2246.205,5371.595,-6.208,1.722,3.931,27.33,LISTENING
15740.0,3891.898,2263.267,5410.579,-6.252,1.696,3.87,27.33,SENSING
15740.0,3891.898,2263.267,5410.579,-6.252,1.696,3.87,27.33,LISTENING
15747.38,3845.667,2275.694,5438.953,-6.285,1.677,3.824,27.33,SENSING
15747.38,3845.667,2275.694,5438.953,-6.285,1.677,3.824,27.33,LISTENING
15760.0,3766.059,2296.617,5486.689,-6.34,1.644,3.745,27.33,SENSING
15760.0,3766.059,2296.617,5486.689,-6.34,1.644,3.745,27.33,LISTENING
15760.0,3766.059,2296.617,5486.689,-6.34,1.644,3.745,27.33,SENSING
15760.0,3766.059,2296.617,5486.689,-6.34,1.644,3.745,27.33,LISTENING
15762.9,3747.669,2301.366,5497.518,-6.352,1.637,3.727,27.33,SENSING
15762.9,3747.669,2301.366,5497.518,-6.352,1.637,3.727,27.33,MANEUVERING
15762.9,3747.669,2301.366,5497.518,-6.352,1.637,3.727,27.33,LISTENING
15767.33,3719.506,2308.578,5513.958,-6.371,1.625,3.699,22.9,MANEUVERING
15767.33,3719.506,2308.578,5513.958,-6.371,1.625,3.699,22.9,SENSING
15767.33,3719.506,2308.578,5513.958,-6.371,1.625,3.699,22.9,MANEUVERING
15767.33,3719.506,2308.578,5513.958,-6.371,1.625,3.699,22.9,LISTENING
15770.0,3702.492,2312.9,5523.807,-6.383,1.618,3.682,20.23,MANEUVERING
15770.0,3702.492,2312.9,5523.807,-6.383,1.618,3.682,20.23,SENSING
15770.0,3702.492,2312.9,5523.807,-6.383,1.618,3.682,20.23,MANEUVERING
15770.0,3702.492,2312.9,5523.807,-6.383,1.618,3.682,20.23,LISTENING
15780.0,3638.502,2328.92,5560.294,-6.424,1.592,3.619,10.23,MANEUVERING
15780.0,3638.502,2328.92,5560.294,-6.424,1.592,3.619,10.23,SENSING
15780.0,3638.502,2328.92,5560.294,-6.424,1.592,3.619,10.23,MANEUVERING
15780.0,3638.502,2328.92,5560.294,-6.424,1.592,3.619,10.23,LISTENING
15784.51,3609.507,2336.059,5576.543,-6.443,1.58,3.59,5.72,MANEUVERING
15784.51,3609.507,2336.059,5576.543,-6.443,1.58,3.59,5.72,SENSING
15784.51,3609.507,2336.059,5576.543,-6.443,1.58,3.59,5.72,MANEUVERING
15784.51,3609.507,2336.059,5576.543,-6.443,1.58,3.59,5.72,LISTENING
15790.0,3574.098,2344.676,5596.148,-6.466,1.565,3.555,0.23,MANEUVERING
15790.0,3574.098,2344.676,5596.148,-6.466,1.565,3.555,0.23,SENSING
15790.0,3574.098,2344.676,5596.148,-6.466,1.565,3.555,0.23,MANEUVERING
15790.0,3574.098,2344.676,5596.148,-6.466,1.565,3.555,0.23,LISTENING
15795.97,3535.454,2353.955,5617.248,-6.49,1.549,3.517,-5.74,MANEUVERING
15795.97,3535.454,2353.955,5617.248,-6.49,1.549,3.517,-5.74,SENSING
15795.97,3535.454,2353.955,5617.248,-6.49,1.549,3.517,-5.74,MANEUVERING
15795.97,3535.454,2353.955,5617.248,-6.49,1.549,3.517,-5.74,LISTENING
15820.0,3378.47,2390.335,5699.864,-6.584,1.484,3.362,-29.77,MANEUVERING
15820.0,3378.47,2390.335,5699.864,-6.584,1.484,3.362,-29.77,SENSING
15820.0,3378.47,2390.335,5699.864,-6.584,1.484,3.362,-29.77,MEASURING
15820.0,3378.47,2390.335,5699.864,-6.584,1.484,3.362,-29.77,SENSING
15820.0,3378.47,2390.335,5699.864,-6.584,1.484,3.362,-29.77,LISTENING
15840.0,3246.115,2419.419,5765.767,-6.66,1.429,3.231,-29.77,SENSING
15840.0,3246.115,2419.419,5765.767,-6.66,1.429,3.231,-29.77,MEASURING
15840.0,3246.115,2419.419,5765.767,-6.66,1.429,3.231,-29.77,SENSING
15840.0,3246.115,2419.419,5765.767,-6.66,1.429,3.231,-29.77,LISTENING
15854.16,3151.511,2439.347,5810.841,-6.712,1.39,3.138,-29.77,SENSING
15854.16,3151.511,2439.347,5810.841,-6.712,1.39,3.138,-29.77,MANEUVERING
15854.16,3151.511,2439.347,5810.841,-6.712,1.39,3.138,-29.77,LISTENING
15856.94,3132.852,2443.194,5819.534,-6.721,1.382,3.12,-26.99,MANEUVERING
15856.94,3132.852,2443.194,5819.534,-6.721,1.382,3.12,-26.99,SENSING
15856.94,3132.852,2443.194,5819.534,-6.721,1.382,3.12,-26.99,MANEUVERING
15856.94,3132.852,2443.194,5819.534,-6.721,1.382,3.12,-26.99,LISTENING
15860.0,3112.282,2447.405,5829.045,-6.732,1.374,3.099,-23.93,MANEUVERING
15860.0,3112.282,2447.405,5829.045,-6.732,1.374,3.099,-23.93,SENSING
15860.0,3112.282,2447.405,5829.045,-6.732,1.374,3.099,-23.93,MEASURING
15860.0,3112.282,2447.405,5829.045,-6.732,1.374,3.099,-23.93,SENSING
15860.0,3112.282,2447.405,5829.045,-6.732,1.374,3.099,-23.93,LISTENING
15867.28,3063.212,2457.316,5851.42,-6.758,1.354,3.051,-23.93,SENSING
15867.28,3063.212,2457.316,5851.42,-6.758,1.354,3.051,-23.93,MANEUVERING
15867.28,3063.212,2457.316,5851.42,-6.758,1.354,3.051,-23.93,LISTENING
15870.0,3044.831,2460.981,5859.69,-6.767,1.346,3.033,-21.21,MANEUVERING
15870.0,3044.831,2460.981,5859.69,-6.767,1.346,3.033,-21.21,SENSING
15870.0,3044.831,2460.981,5859.69,-6.767,1.346,3.033,-21.21,MEASURING
15870.0,3044.831,2460.981,5859.69,-6.767,1.346,3.033,-21.21,SENSING
15870.0,3044.831,2460.981,5859.69,-6.767,1.346,3.033,-21.21,MESSAGING
15870.0,3044.831,2460.981,5859.69,-6.767,1.346,3.033,-21.21,MESSAGING
15870.0,3044.831,2460.981,5859.69,-6.767,1.346,3.033,-21.21,SENSING
15870.0,3044.831,2460.981,5859.69,-6.767,1.346,3.033,-21.21,MEASURING
15870.0,3044.831,2460.981,5859.69,-6.767,1.346,3.033,-21.21,MESSAGING
15870.0,3044.831,2460.981,5859.69,-6.767,1.346,3.033,-21.21,SENSING
15870.0,3044.831,2460.981,5859.69,-6.767,1.346,3.033,-21.21,MESSAGING
15870.0,3044.831,2460.981,5859.69,-6.767,1.346,3.033,-21.21,SENSING
15870.0,3044.831,2460.981,5859.69,-6.767,1.346,3.033,-21.21,MESSAGING
15870.0,3044.831,2460.981,5859.69,-6.767,1.346,3.033,-21.21,SENSING
15870.0,3044.831,2460.981,5859.69,-6.767,1.346,3.033,-21.21,LISTENING
15870.0,3044.831,2460.981,5859.69,-6.767,1.346,3.033,-21.21,SENSING
15870.0,3044.831,2460.981,5859.69,-6.767,1.346,3.033,-21.21,LISTENING
15870.0,3044.831,2460.981,5859.69,-6.767,1.346,3.033,-21.21,SENSING
15870.0,3044.831,2460.981,5859.69,-6.767,1.346,3.033,-21.21,LISTENING
15872.77,3026.086,2464.693,5868.061,-6.777,1.338,3.014,-21.21,SENSING
15872.77,3026.086,2464.693,5868.061,-6.777,1.338,3.014,-21.21,LISTENING
15876.46,3001.073,2469.603,5879.132,-6.79,1.328,2.99,-21.21,SENSING
15876.46,3001.073,2469.603,5879.132,-6.79,1.328,2.99,-21.21,MANEUVERING
15876.46,3001.073,2469.603,5879.132,-6.79,1.328,2.99,-21.21,LISTENING
15880.0,2977.034,2474.279,5889.668,-6.802,1.318,2.966,-24.75,MANEUVERING
15880.0,2977.034,2474.279,5889.668,-6.802,1.318,2.966,-24.75,SENSING
15880.0,2977.034,2474.279,5889.668,-6.802,1.318,2.966,-24.75,MEASURING
15880.0,2977.034,2474.279,5889.668,-6.802,1.318,2.966,-24.75,SENSING
15880.0,2977.034,2474.279,5889.668,-6.802,1.318,2.966,-24.75,LISTENING
15890.0,2908.898,2487.295,5918.977,-6.835,1.29,2.899,-24.75,SENSING
15890.0,2908.898,2487.295,5918.977,-6.835,1.29,2.899,-24.75,LISTENING
15895.47,2871.487,2494.296,5934.724,-6.853,1.274,2.862,-24.75,SENSING
15895.47,2871.487,2494.296,5934.724,-6.853,1.274,2.862,-24.75,MANEUVERING
15895.47,2871.487,2494.296,5934.724,-6.853,1.274,2.862,-24.75,LISTENING
15900.0,2840.431,2500.03,5947.613,-6.868,1.262,2.831,-20.22,MANEUVERING
15900.0,2840.431,2500.03,5947.613,-6.868,1.262,2.831,-20.22,SENSING
15900.0,2840.431,2500.03,5947.613,-6.868,1.262,2.831,-20.22,MEASURING
15900.0,2840.431,2500.03,5947.613,-6.868,1.262,2.831,-20.22,SENSING
15900.0,2840.431,2500.03,5947.613,-6.868,1.262,2.831,-20.22,LISTENING
15902.32,2824.5,2502.944,5954.16,-6.875,1.255,2.816,-20.22,SENSING
15902.32,2824.5,2502.944,5954.16,-6.875,1.255,2.816,-20.22,LISTENING
15910.61,2767.435,2513.231,5977.256,-6.902,1.231,2.759,-20.22,SENSING
15910.61,2767.435,2513.231,5977.256,-6.902,1.231,2.759,-20.22,MANEUVERING
15910.61,2767.435,2513.231,5977.256,-6.902,1.231,2.759,-20.22,LISTENING
15920.0,2702.537,2524.648,6002.853,-6.931,1.204,2.695,-10.83,MANEUVERING
15920.0,2702.537,2524.648,6002.853,-6.931,1.204,2.695,-10.83,SENSING
15920.0,2702.537,2524.648,6002.853,-6.931,1.204,2.695,-10.83,MANEUVERING
15920.0,2702.537,2524.648,6002.853,-6.931,1.204,2.695,-10.83,LISTENING
15940.0,2563.416,2548.121,6055.365,-6.991,1.147,2.558,9.17,MANEUVERING
15940.0,2563.416,2548.121,6055.365,-6.991,1.147,2.558,9.17,SENSING
15940.0,2563.416,2548.121,6055.365,-6.991,1.147,2.558,9.17,MEASURING
15940.0,2563.416,2548.121,6055.365,-6.991,1.147,2.558,9.17,SENSING
15940.0,2563.416,2548.121,6055.365,-6.991,1.147,2.558,9.17,LISTENING
15940.11,2562.648,2548.247,6055.647,-6.991,1.147,2.558,9.17,SENSING
15940.11,2562.648,2548.247,6055.647,-6.991,1.147,2.558,9.17,LISTENING
15946.53,2517.738,2555.536,6071.916,-7.009,1.128,2.513,9.17,SENSING
15946.53,2517.738,2555.536,6071.916,-7.009,1.128,2.513,9.17,MANEUVERING
15946.53,2517.738,2555.536,6071.916,-7.009,1.128,2.513,9.17,LISTENING
15960.0,2423.132,2570.44,6105.128,-7.047,1.089,2.42,22.64,MANEUVERING
15960.0,2423.132,2570.44,6105.128,-7.047,1.089,2.42,22.64,SENSING
15960.0,2423.132,2570.44,6105.128,-7.047,1.089,2.42,22.64,MEASURING
15960.0,2423.132,2570.44,6105.128,-7.047,1.089,2.42,22.64,SENSING
15960.0,2423.132,2570.44,6105.128,-7.047,1.089,2.42,22.64,LISTENING
15973.02,2331.212,2584.345,6136.035,-7.082,1.051,2.33,22.64,SENSING
15973.02,2331.212,2584.345,6136.035,-7.082,1.051,2.33,22.64,LISTENING
15975.06,2316.768,2586.479,6140.771,-7.088,1.045,2.316,22.64,SENSING
15975.06,2316.768,2586.479,6140.771,-7.088,1.045,2.316,22.64,MANEUVERING
15975.06,2316.768,2586.479,6140.771,-7.088,1.045,2.316,22.64,LISTENING
15980.0,2281.748,2591.596,6152.119,-7.101,1.03,2.281,27.58,MANEUVERING
15980.0,2281.748,2591.596,6152.119,-7.101,1.03,2.281,27.58,SENSING
15980.0,2281.748,2591.596,6152.119,-7.101,1.03,2.281,27.58,MEASURING
15980.0,2281.748,2591.596,6152.119,-7.101,1.03,2.281,27.58,SENSING
15980.0,2281.748,2591.596,6152.119,-7.101,1.03,2.281,27.58,LISTENING
15990.0,2210.663,2601.735,6174.57,-7.126,1.001,2.211,27.58,SENSING
15990.0,2210.663,2601.735,6174.57,-7.126,1.001,2.211,27.58,MEASURING
15990.0,2210.663,2601.735,6174.57,-7.126,1.001,2.211,27.58,SENSING
15990.0,2210.663,2601.735,6174.57,-7.126,1.001,2.211,27.58,LISTENING
16000.0,2139.329,2611.579,6196.32,-7.151,0.971,2.141,27.58,SENSING
16000.0,2139.329,2611.579,6196.32,-7.151,0.971,2.141,27.58,MEASURING
16000.0,2139.329,2611.579,6196.32,-7.151,0.971,2.141,27.58,SENSING
16000.0,2139.329,2611.579,6196.32,-7.151,0.971,2.141,27.58,LISTENING
16010.0,2067.752,2621.129,6217.368,-7.175,0.942,2.071,27.58,SENSING
16010.0,2067.752,2621.129,6217.368,-7.175,0.942,2.071,27.58,MEASURING
16010.0,2067.752,2621.129,6217.368,-7.175,0.942,2.071,27.58,SENSING
16010.0,2067.752,2621.129,6217.368,-7.175,0.942,2.071,27.58,LISTENING
16010.82,2061.872,2621.899,6219.063,-7.177,0.939,2.065,27.58,SENSING
16010.82,2061.872,2621.899,6219.063,-7.177,0.939,2.065,27.58,LISTENING
16015.36,2029.29,2626.125,6228.36,-7.187,0.926,2.033,27.58,SENSING
16015.36,2029.29,2626.125,6228.36,-7.187,0.926,2.033,27.58,MANEUVERING
16015.36,2029.29,2626.125,6228.36,-7.187,0.926,2.033,27.58,LISTENING
16020.0,1995.941,2630.382,6237.712,-7.198,0.912,2.0,22.94,MANEUVERING
16020.0,1995.941,2630.382,6237.712,-7.198,0.912,2.0,22.94,SENSING
16020.0,1995.941,2630.382,6237.712,-7.198,0.912,2.0,22.94,MEASURING
16020.0,1995.941,2630.382,6237.712,-7.198,0.912,2.0,22.94,SENSING
16020.0,1995.941,2630.382,6237.712,-7.198,0.912,2.0,22.94,LISTENING
16030.0,1923.904,2639.338,6257.349,-7.22,0.882,1.929,22.94,SENSING
16030.0,1923.904,2639.338,6257.349,-7.22,0.882,1.929,22.94,MEASURING
16030.0,1923.904,2639.338,6257.349,-7.22,0.882,1.929,22.94,SENSING
16030.0,1923.904,2639.338,6257.349,-7.22,0.882,1.929,22.94,LISTENING
16040.0,1851.649,2647.996,6276.278,-7.241,0.852,1.858,22.94,SENSING
16040.0,1851.649,2647.996,6276.278,-7.241,0.852,1.858,22.94,MEASURING
16040.0,1851.649,2647.996,6276.278,-7.241,0.852,1.858,22.94,SENSING
16040.0,1851.649,2647.996,6276.278,-7.241,0.852,1.858,22.94,LISTENING
16044.47,1819.283,2651.769,6284.51,-7.251,0.839,1.827,22.94,SENSING
16044.47,1819.283,2651.769,6284.51,-7.251,0.839,1.827,22.94,MANEUVERING
16044.47,1819.283,2651.769,6284.51,-7.251,0.839,1.827,22.94,LISTENING
16050.0,1779.185,2656.355,6294.497,-7.262,0.822,1.787,17.41,MANEUVERING
16050.0,1779.185,2656.355,6294.497,-7.262,0.822,1.787,17.41,SENSING
16050.0,1779.185,2656.355,6294.497,-7.262,0.822,1.787,17.41,MEASURING
16050.0,1779.185,2656.355,6294.497,-7.262,0.822,1.787,17.41,SENSING
16050.0,1779.185,2656.355,6294.497,-7.262,0.822,1.787,17.41,LISTENING
16055.11,1742.077,2660.511,6303.531,-7.272,0.807,1.751,17.41,SENSING
16055.11,1742.077,2660.511,6303.531,-7.272,0.807,1.751,17.41,LISTENING
16055.77,1737.281,2661.042,6304.685,-7.273,0.805,1.746,17.41,SENSING
16055.77,1737.281,2661.042,6304.685,-7.273,0.805,1.746,17.41,MANEUVERING
16055.77,1737.281,2661.042,6304.685,-7.273,0.805,1.746,17.41,LISTENING
16060.0,1706.52,2664.414,6312.003,-7.282,0.792,1.716,21.64,MANEUVERING
16060.0,1706.52,2664.414,6312.003,-7.282,0.792,1.716,21.64,SENSING
16060.0,1706.52,2664.414,6312.003,-7.282,0.792,1.716,21.64,MEASURING
16060.0,1706.52,2664.414,6312.003,-7.282,0.792,1.716,21.64,SENSING
16060.0,1706.52,2664.414,6312.003,-7.282,0.792,1.716,21.64,LISTENING
16065.79,1664.358,2668.943,6321.812,-7.293,0.775,1.674,21.64,SENSING
16065.79,1664.358,2668.943,6321.812,-7.293,0.775,1.674,21.64,LISTENING
16067.41,1652.549,2670.192,6324.514,-7.296,0.77,1.663,21.64,SENSING
16067.41,1652.549,2670.192,6324.514,-7.296,0.77,1.663,21.64,MANEUVERING
16067.41,1652.549,2670.192,6324.514,-7.296,0.77,1.663,21.64,LISTENING
16070.0,1633.661,2672.173,6328.795,-7.3,0.762,1.644,24.23,MANEUVERING
16070.0,1633.661,2672.173,6328.795,-7.3,0.762,1.644,24.23,SENSING
16070.0,1633.661,2672.173,6328.795,-7.3,0.762,1.644,24.23,MEASURING
16070.0,1633.661,2672.173,6328.795,-7.3,0.762,1.644,24.23,SENSING
16070.0,1633.661,2672.173,6328.795,-7.3,0.762,1.644,24.23,MESSAGING
16070.0,1633.661,2672.173,6328.795,-7.3,0.762,1.644,24.23,MESSAGING
16070.0,1633.661,2672.173,6328.795,-7.3,0.762,1.644,24.23,SENSING
16070.0,1633.661,2672.173,6328.795,-7.3,0.762,1.644,24.23,MEASURING
16070.0,1633.661,2672.173,6328.795,-7.3,0.762,1.644,24.23,MESSAGING
16070.0,1633.661,2672.173,6328.795,-7.3,0.762,1.644,24.23,SENSING
16070.0,1633.661,2672.173,6328.795,-7.3,0.762,1.644,24.23,MESSAGING
16070.0,1633.661,2672.173,6328.795,-7.3,0.762,1.644,24.23,MESSAGING
16070.0,1633.661,2672.173,6328.795,-7.3,0.762,1.644,24.23,SENSING
16070.0,1633.661,2672.173,6328.795,-7.3,0.762,1.644,24.23,LISTENING
16070.0,1633.661,2672.173,6328.795,-7.3,0.762,1.644,24.23,SENSING
16070.0,1633.661,2672.173,6328.795,-7.3,0.762,1.644,24.23,LISTENING
16070.0,1633.661,2672.173,6328.795,-7.3,0.762,1.644,24.23,SENSING
16070.0,1633.661,2672.173,6328.795,-7.3,0.762,1.644,24.23,LISTENING
16070.0,1633.661,2672.173,6328.795,-7.3,0.762,1.644,24.23,SENSING
16070.0,1633.661,2672.173,6328.795,-7.3,0.762,1.644,24.23,LISTENING
16070.0,1633.661,2672.173,6328.795,-7.3,0.762,1.644,24.23,SENSING
16070.0,1633.661,2672.173,6328.795,-7.3,0.762,1.644,24.23,LISTENING
16070.0,1633.661,2672.173,6328.795,-7.3,0.762,1.644,24.23,SENSING
16070.0,1633.661,2672.173,6328.795,-7.3,0.762,1.644,24.23,LISTENING
16077.05,1582.184,2677.462,6340.203,-7.313,0.741,1.594,24.23,SENSING
16077.05,1582.184,2677.462,6340.203,-7.313,0.741,1.594,24.23,LISTENING
16077.14,1581.527,2677.528,6340.346,-7.313,0.741,1.593,24.23,SENSING
16077.14,1581.527,2677.528,6340.346,-7.313,0.741,1.593,24.23,MANEUVERING
16077.14,1581.527,2677.528,6340.346,-7.313,0.741,1.593,24.23,LISTENING
16080.0,1560.618,2679.63,6344.871,-7.318,0.732,1.573,27.09,MANEUVERING
16080.0,1560.618,2679.63,6344.871,-7.318,0.732,1.573,27.09,SENSING
16080.0,1560.618,2679.63,6344.871,-7.318,0.732,1.573,27.09,MEASURING
16080.0,1560.618,2679.63,6344.871,-7.318,0.732,1.573,27.09,SENSING
16080.0,1560.618,2679.63,6344.871,-7.318,0.732,1.573,27.09,LISTENING
16085.29,1521.906,2683.453,6353.085,-7.328,0.716,1.535,27.09,SENSING
16085.29,1521.906,2683.453,6353.085,-7.328,0.716,1.535,27.09,MANEUVERING
16085.29,1521.906,2683.453,6353.085,-7.328,0.716,1.535,27.09,LISTENING
16090.0,1487.399,2686.785,6360.23,-7.336,0.702,1.501,31.8,MANEUVERING
16090.0,1487.399,2686.785,6360.23,-7.336,0.702,1.501,31.8,SENSING
16090.0,1487.399,2686.785,6360.23,-7.336,0.702,1.501,31.8,MEASURING
16090.0,1487.399,2686.785,6360.23,-7.336,0.702,1.501,31.8,SENSING
16090.0,1487.399,2686.785,6360.23,-7.336,0.702,1.501,31.8,LISTENING
16101.11,1405.855,2694.379,6376.451,-7.354,0.668,1.421,31.8,SENSING
16101.11,1405.855,2694.379,6376.451,-7.354,0.668,1.421,31.8,MANEUVERING
16101.11,1405.855,2694.379,6376.451,-7.354,0.668,1.421,31.8,LISTENING
16120.0,1266.765,2706.431,6401.988,-7.382,0.61,1.284,12.91,MANEUVERING
16120.0,1266.765,2706.431,6401.988,-7.382,0.61,1.284,12.91,SENSING
16120.0,1266.765,2706.431,6401.988,-7.382,0.61,1.284,12.91,MEASURING
16120.0,1266.765,2706.431,6401.988,-7.382,0.61,1.284,12.91,SENSING
16120.0,1266.765,2706.431,6401.988,-7.382,0.61,1.284,12.91,LISTENING
16129.75,1194.771,2712.225,6414.161,-7.396,0.58,1.214,12.91,SENSING
16129.75,1194.771,2712.225,6414.161,-7.396,0.58,1.214,12.91,LISTENING
16130.0,1192.924,2712.37,6414.464,-7.396,0.58,1.212,12.91,SENSING
16130.0,1192.924,2712.37,6414.464,-7.396,0.58,1.212,12.91,MEASURING
16130.0,1192.924,2712.37,6414.464,-7.396,0.58,1.212,12.91,SENSING
16130.0,1192.924,2712.37,6414.464,-7.396,0.58,1.212,12.91,LISTENING
16140.0,1118.948,2718.005,6426.215,-7.409,0.549,1.139,12.91,SENSING
16140.0,1118.948,2718.005,6426.215,-7.409,0.549,1.139,12.91,MEASURING
16140.0,1118.948,2718.005,6426.215,-7.409,0.549,1.139,12.91,SENSING
16140.0,1118.948,2718.005,6426.215,-7.409,0.549,1.139,12.91,LISTENING
16148.02,1059.527,2722.302,6435.116,-7.419,0.524,1.081,12.91,SENSING
16148.02,1059.527,2722.302,6435.116,-7.419,0.524,1.081,12.91,LISTENING
16150.0,1044.846,2723.333,6437.242,-7.422,0.518,1.067,12.91,SENSING
16150.0,1044.846,2723.333,6437.242,-7.422,0.518,1.067,12.91,MEASURING
16150.0,1044.846,2723.333,6437.242,-7.422,0.518,1.067,12.91,SENSING
16150.0,1044.846,2723.333,6437.242,-7.422,0.518,1.067,12.91,LISTENING
16153.83,1016.433,2725.293,6441.272,-7.426,0.507,1.039,12.91,SENSING
16153.83,1016.433,2725.293,6441.272,-7.426,0.507,1.039,12.91,MANEUVERING
16153.83,1016.433,2725.293,6441.272,-7.426,0.507,1.039,12.91,LISTENING
16160.0,970.625,2728.355,6447.542,-7.433,0.488,0.994,6.74,MANEUVERING
16160.0,970.625,2728.355,6447.542,-7.433,0.488,0.994,6.74,SENSING
16160.0,970.625,2728.355,6447.542,-7.433,0.488,0.994,6.74,MEASURING
16160.0,970.625,2728.355,6447.542,-7.433,0.488,0.994,6.74,SENSING
16160.0,970.625,2728.355,6447.542,-7.433,0.488,0.994,6.74,LISTENING
16166.35,923.438,2731.385,6453.705,-7.44,0.468,0.948,6.74,SENSING
16166.35,923.438,2731.385,6453.705,-7.44,0.468,0.948,6.74,MANEUVERING
16166.35,923.438,2731.385,6453.705,-7.44,0.468,0.948,6.74,LISTENING
16170.0,896.296,2733.07,6457.115,-7.443,0.457,0.921,3.09,MANEUVERING
16170.0,896.296,2733.07,6457.115,-7.443,0.457,0.921,3.09,SENSING
16170.0,896.296,2733.07,6457.115,-7.443,0.457,0.921,3.09,MEASURING
16170.0,896.296,2733.07,6457.115,-7.443,0.457,0.921,3.09,SENSING
16170.0,896.296,2733.07,6457.115,-7.443,0.457,0.921,3.09,LISTENING
16175.13,858.125,2735.37,6461.743,-7.449,0.441,0.884,3.09,SENSING
16175.13,858.125,2735.37,6461.743,-7.449,0.441,0.884,3.09,MANEUVERING
16175.13,858.125,2735.37,6461.743,-7.449,0.441,0.884,3.09,LISTENING
16176.29,849.49,2735.879,6462.763,-7.45,0.438,0.876,1.93,MANEUVERING
16176.29,849.49,2735.879,6462.763,-7.45,0.438,0.876,1.93,SENSING
16176.29,849.49,2735.879,6462.763,-7.45,0.438,0.876,1.93,MANEUVERING
16176.29,849.49,2735.879,6462.763,-7.45,0.438,0.876,1.93,LISTENING
16180.0,821.866,2737.478,6465.96,-7.453,0.426,0.849,-1.78,MANEUVERING
16180.0,821.866,2737.478,6465.96,-7.453,0.426,0.849,-1.78,SENSING
16180.0,821.866,2737.478,6465.96,-7.453,0.426,0.849,-1.78,MEASURING
16180.0,821.866,2737.478,6465.96,-7.453,0.426,0.849,-1.78,SENSING
16180.0,821.866,2737.478,6465.96,-7.453,0.426,0.849,-1.78,LISTENING
16190.0,747.342,2741.579,6474.076,-7.462,0.395,0.776,-1.78,SENSING
16190.0,747.342,2741.579,6474.076,-7.462,0.395,0.776,-1.78,MEASURING
16190.0,747.342,2741.579,6474.076,-7.462,0.395,0.776,-1.78,SENSING
16190.0,747.342,2741.579,6474.076,-7.462,0.395,0.776,-1.78,LISTENING
16190.99,739.96,2741.968,6474.84,-7.463,0.392,0.768,-1.78,SENSING
16190.99,739.96,2741.968,6474.84,-7.463,0.392,0.768,-1.78,LISTENING
16195.41,706.99,2743.668,6478.163,-7.466,0.379,0.736,-1.78,SENSING
16195.41,706.99,2743.668,6478.163,-7.466,0.379,0.736,-1.78,MANEUVERING
16195.41,706.99,2743.668,6478.163,-7.466,0.379,0.736,-1.78,LISTENING
16200.0,672.735,2745.371,6481.463,-7.47,0.364,0.703,2.81,MANEUVERING
16200.0,672.735,2745.371,6481.463,-7.47,0.364,0.703,2.81,SENSING
16200.0,672.735,2745.371,6481.463,-7.47,0.364,0.703,2.81,MEASURING
16200.0,672.735,2745.371,6481.463,-7.47,0.364,0.703,2.81,SENSING
16200.0,672.735,2745.371,6481.463,-7.47,0.364,0.703,2.81,LISTENING
16210.0,598.052,2748.854,6488.12,-7.477,0.333,0.629,2.81,SENSING
16210.0,598.052,2748.854,6488.12,-7.477,0.333,0.629,2.81,MEASURING
16210.0,598.052,2748.854,6488.12,-7.477,0.333,0.629,2.81,SENSING
16210.0,598.052,2748.854,6488.12,-7.477,0.333,0.629,2.81,LISTENING
16215.6,556.2,2750.671,6491.529,-7.481,0.316,0.589,2.81,SENSING
16215.6,556.2,2750.671,6491.529,-7.481,0.316,0.589,2.81,LISTENING
16220.0,523.302,2752.03,6494.047,-7.483,0.303,0.556,2.81,SENSING
16220.0,523.302,2752.03,6494.047,-7.483,0.303,0.556,2.81,LISTENING
16220.0,523.302,2752.03,6494.047,-7.483,0.303,0.556,2.81,SENSING
16220.0,523.302,2752.03,6494.047,-7.483,0.303,0.556,2.81,MESSAGING
16220.0,523.302,2752.03,6494.047,-7.483,0.303,0.556,2.81,SENSING
16220.0,523.302,2752.03,6494.047,-7.483,0.303,0.556,2.81,LISTENING
16220.0,523.302,2752.03,6494.047,-7.483,0.303,0.556,2.81,SENSING
16220.0,523.302,2752.03,6494.047,-7.483,0.303,0.556,2.81,LISTENING
16220.0,523.302,2752.03,6494.047,-7.483,0.303,0.556,2.81,SENSING
16220.0,523.302,2752.03,6494.047,-7.483,0.303,0.556,2.81,LISTENING
16220.0,523.302,2752.03,6494.047,-7.483,0.303,0.556,2.81,SENSING
16220.0,523.302,2752.03,6494.047,-7.483,0.303,0.556,2.81,MESSAGING
16220.0,523.302,2752.03,6494.047,-7.483,0.303,0.556,2.81,SENSING
16220.0,523.302,2752.03,6494.047,-7.483,0.303,0.556,2.81,LISTENING
16227.26,468.996,2754.141,6497.891,-7.488,0.28,0.503,2.81,SENSING
16227.26,468.996,2754.141,6497.891,-7.488,0.28,0.503,2.81,LISTENING
16230.0,448.493,2754.896,6499.242,-7.489,0.272,0.483,2.81,SENSING
16230.0,448.493,2754.896,6499.242,-7.489,0.272,0.483,2.81,LISTENING
16236.07,403.059,2756.485,6502.039,-7.492,0.253,0.439,2.81,SENSING
16236.07,403.059,2756.485,6502.039,-7.492,0.253,0.439,2.81,LISTENING
16240.0,373.634,2757.453,6503.706,-7.494,0.241,0.41,2.81,SENSING
16240.0,373.634,2757.453,6503.706,-7.494,0.241,0.41,2.81,LISTENING
16240.0,373.634,2757.453,6503.706,-7.494,0.241,0.41,2.81,SENSING
16240.0,373.634,2757.453,6503.706,-7.494,0.241,0.41,2.81,LISTENING
16247.37,318.435,2759.139,6506.528,-7.496,0.218,0.356,2.81,SENSING
16247.37,318.435,2759.139,6506.528,-7.496,0.218,0.356,2.81,MANEUVERING
16247.37,318.435,2759.139,6506.528,-7.496,0.218,0.356,2.81,LISTENING
16250.0,298.732,2759.7,6507.439,-7.497,0.21,0.337,5.44,MANEUVERING
16250.0,298.732,2759.7,6507.439,-7.497,0.21,0.337,5.44,SENSING
16250.0,298.732,2759.7,6507.439,-7.497,0.21,0.337,5.44,MEASURING
16250.0,298.732,2759.7,6507.439,-7.497,0.21,0.337,5.44,SENSING
16250.0,298.732,2759.7,6507.439,-7.497,0.21,0.337,5.44,LISTENING
16258.67,233.765,2761.399,6510.083,-7.5,0.183,0.273,5.44,SENSING
16258.67,233.765,2761.399,6510.083,-7.5,0.183,0.273,5.44,MANEUVERING
16258.67,233.765,2761.399,6510.083,-7.5,0.183,0.273,5.44,LISTENING
16270.0,148.837,2763.267,6512.709,-7.502,0.148,0.19,16.77,MANEUVERING
16270.0,148.837,2763.267,6512.709,-7.502,0.148,0.19,16.77,SENSING
16270.0,148.837,2763.267,6512.709,-7.502,0.148,0.19,16.77,MEASURING
16270.0,148.837,2763.267,6512.709,-7.502,0.148,0.19,16.77,SENSING
16270.0,148.837,2763.267,6512.709,-7.502,0.148,0.19,16.77,LISTENING
16275.21,109.775,2763.993,6513.601,-7.503,0.131,0.152,16.77,SENSING
16275.21,109.775,2763.993,6513.601,-7.503,0.131,0.152,16.77,MANEUVERING
16275.21,109.775,2763.993,6513.601,-7.503,0.131,0.152,16.77,LISTENING
16290.0,-1.125,2765.595,6515.051,-7.504,0.085,0.044,31.56,MANEUVERING
16290.0,-1.125,2765.595,6515.051,-7.504,0.085,0.044,31.56,SENSING
16290.0,-1.125,2765.595,6515.051,-7.504,0.085,0.044,31.56,MEASURING
16290.0,-1.125,2765.595,6515.051,-7.504,0.085,0.044,31.56,SENSING
16290.0,-1.125,2765.595,6515.051,-7.504,0.085,0.044,31.56,LISTENING
16297.41,-56.69,2766.143,6515.176,-7.504,0.062,-0.01,31.56,SENSING
16297.41,-56.69,2766.143,6515.176,-7.504,0.062,-0.01,31.56,MANEUVERING
16297.41,-56.69,2766.143,6515.176,-7.504,0.062,-0.01,31.56,LISTENING
16310.0,-151.087,2766.684,6514.467,-7.502,0.023,-0.102,18.97,MANEUVERING
16310.0,-151.087,2766.684,6514.467,-7.502,0.023,-0.102,18.97,SENSING
16310.0,-151.087,2766.684,6514.467,-7.502,0.023,-0.102,18.97,MEASURING
16310.0,-151.087,2766.684,6514.467,-7.502,0.023,-0.102,18.97,SENSING
16310.0,-151.087,2766.684,6514.467,-7.502,0.023,-0.102,18.97,LISTENING
16320.0,-226.047,2766.763,6513.078,-7.5,-0.008,-0.176,18.97,SENSING
16320.0,-226.047,2766.763,6513.078,-7.5,-0.008,-0.176,18.97,MEASURING
16320.0,-226.047,2766.763,6513.078,-7.5,-0.008,-0.176,18.97,SENSING
16320.0,-226.047,2766.763,6513.078,-7.5,-0.008,-0.176,18.97,LISTENING
16325.94,-270.561,2766.664,6511.907,-7.499,-0.026,-0.219,18.97,SENSING
16325.94,-270.561,2766.664,6511.907,-7.499,-0.026,-0.219,18.97,MANEUVERING
16325.94,-270.561,2766.664,6511.907,-7.499,-0.026,-0.219,18.97,LISTENING
16330.0,-300.981,2766.533,6510.958,-7.497,-0.039,-0.249,23.03,MANEUVERING
16330.0,-300.981,2766.533,6510.958,-7.497,-0.039,-0.249,23.03,SENSING
16330.0,-300.981,2766.533,6510.958,-7.497,-0.039,-0.249,23.03,MEASURING
16330.0,-300.981,2766.533,6510.958,-7.497,-0.039,-0.249,23.03,SENSING
16330.0,-300.981,2766.533,6510.958,-7.497,-0.039,-0.249,23.03,LISTENING
16336.68,-351.019,2766.208,6509.136,-7.495,-0.059,-0.297,23.03,SENSING
16336.68,-351.019,2766.208,6509.136,-7.495,-0.059,-0.297,23.03,MANEUVERING
16336.68,-351.019,2766.208,6509.136,-7.495,-0.059,-0.297,23.03,LISTENING
16350.0,-450.74,2765.146,6504.529,-7.489,-0.101,-0.395,9.71,MANEUVERING
16350.0,-450.74,2765.146,6504.529,-7.489,-0.101,-0.395,9.71,SENSING
16350.0,-450.74,2765.146,6504.529,-7.489,-0.101,-0.395,9.71,MEASURING
16350.0,-450.74,2765.146,6504.529,-7.489,-0.101,-0.395,9.71,SENSING
16350.0,-450.74,2765.146,6504.529,-7.489,-0.101,-0.395,9.71,LISTENING
16355.71,-493.462,2764.522,6502.158,-7.486,-0.118,-0.436,9.71,SENSING
16355.71,-493.462,2764.522,6502.158,-7.486,-0.118,-0.436,9.71,MANEUVERING
16355.71,-493.462,2764.522,6502.158,-7.486,-0.118,-0.436,9.71,LISTENING
16360.0,-525.548,2763.988,6500.22,-7.483,-0.132,-0.468,5.42,MANEUVERING
16360.0,-525.548,2763.988,6500.22,-7.483,-0.132,-0.468,5.42,SENSING
16360.0,-525.548,2763.988,6500.22,-7.483,-0.132,-0.468,5.42,MEASURING
16360.0,-525.548,2763.988,6500.22,-7.483,-0.132,-0.468,5.42,SENSING
16360.0,-525.548,2763.988,6500.22,-7.483,-0.132,-0.468,5.42,LISTENING
16445.97,-1165.371,2741.325,6433.225,-7.402,-0.396,-1.09,5.42,SENSING
16445.97,-1165.371,2741.325,6433.225,-7.402,-0.396,-1.09,5.42,MANEUVERING
16445.97,-1165.371,2741.325,6433.225,-7.402,-0.396,-1.09,5.42,LISTENING
16460.0,-1269.014,2735.475,6417.227,-7.383,-0.439,-1.191,19.45,MANEUVERING
16460.0,-1269.014,2735.475,6417.227,-7.383,-0.439,-1.191,19.45,SENSING
16460.0,-1269.014,2735.475,6417.227,-7.383,-0.439,-1.191,19.45,MEASURING
16460.0,-1269.014,2735.475,6417.227,-7.383,-0.439,-1.191,19.45,SENSING
16460.0,-1269.014,2735.475,6417.227,-7.383,-0.439,-1.191,19.45,LISTENING
16470.0,-1342.717,2730.939,6404.963,-7.368,-0.47,-1.263,19.45,SENSING
16470.0,-1342.717,2730.939,6404.963,-7.368,-0.47,-1.263,19.45,MEASURING
16470.0,-1342.717,2730.939,6404.963,-7.368,-0.47,-1.263,19.45,SENSING
16470.0,-1342.717,2730.939,6404.963,-7.368,-0.47,-1.263,19.45,LISTENING
16480.0,-1416.27,2726.099,6391.983,-7.353,-0.5,-1.334,19.45,SENSING
16480.0,-1416.27,2726.099,6391.983,-7.353,-0.5,-1.334,19.45,MEASURING
16480.0,-1416.27,2726.099,6391.983,-7.353,-0.5,-1.334,19.45,SENSING
16480.0,-1416.27,2726.099,6391.983,-7.353,-0.5,-1.334,19.45,LISTENING
16487.29,-1469.791,2722.38,6382.072,-7.341,-0.522,-1.386,19.45,SENSING
16487.29,-1469.791,2722.38,6382.072,-7.341,-0.522,-1.386,19.45,MANEUVERING
16487.29,-1469.791,2722.38,6382.072,-7.341,-0.522,-1.386,19.45,LISTENING
16520.0,-1708.821,2703.711,6332.948,-7.283,-0.621,-1.618,-13.26,MANEUVERING
16520.0,-1708.821,2703.711,6332.948,-7.283,-0.621,-1.618,-13.26,SENSING
16520.0,-1708.821,2703.711,6332.948,-7.283,-0.621,-1.618,-13.26,MEASURING
16520.0,-1708.821,2703.711,6332.948,-7.283,-0.621,-1.618,-13.26,SENSING
16520.0,-1708.821,2703.711,6332.948,-7.283,-0.621,-1.618,-13.26,LISTENING
16590.0,-2213.147,2652.991,6202.537,-7.13,-0.83,-2.108,-13.26,SENSING
16590.0,-2213.147,2652.991,6202.537,-7.13,-0.83,-2.108,-13.26,LISTENING
16609.52,-2351.747,2636.261,6160.106,-7.08,-0.887,-2.242,-13.26,SENSING
16609.52,-2351.747,2636.261,6160.106,-7.08,-0.887,-2.242,-13.26,LISTENING
16630.0,-2496.092,2617.511,6112.783,-7.025,-0.947,-2.382,-13.26,SENSING
16630.0,-2496.092,2617.511,6112.783,-7.025,-0.947,-2.382,-13.26,LISTENING
16656.74,-2682.798,2591.2,6046.711,-6.948,-1.024,-2.562,-13.26,SENSING
16656.74,-2682.798,2591.2,6046.711,-6.948,-1.024,-2.562,-13.26,LISTENING
16680.0,-2843.479,2566.643,5985.331,-6.877,-1.091,-2.718,-13.26,SENSING
16680.0,-2843.479,2566.643,5985.331,-6.877,-1.091,-2.718,-13.26,LISTENING
16770.12,-3449.07,2457.143,5713.97,-6.562,-1.342,-3.303,-13.26,SENSING
16770.12,-3449.07,2457.143,5713.97,-6.562,-1.342,-3.303,-13.26,LISTENING
16790.0,-3578.674,2429.984,5647.1,-6.485,-1.396,-3.428,-13.26,SENSING
16790.0,-3578.674,2429.984,5647.1,-6.485,-1.396,-3.428,-13.26,LISTENING
16790.0,-3578.674,2429.984,5647.1,-6.485,-1.396,-3.428,-13.26,SENSING
16790.0,-3578.674,2429.984,5647.1,-6.485,-1.396,-3.428,-13.26,LISTENING
16810.0,-3707.481,2401.592,5577.335,-6.404,-1.449,-3.552,-13.26,SENSING
16810.0,-3707.481,2401.592,5577.335,-6.404,-1.449,-3.552,-13.26,LISTENING
16980.0,-4730.724,2118.929,4888.272,-5.611,-1.874,-4.537,-13.26,SENSING
16980.0,-4730.724,2118.929,4888.272,-5.611,-1.874,-4.537,-13.26,LISTENING
16990.0,-4786.532,2100.112,4842.661,-5.559,-1.897,-4.59,-13.26,SENSING
16990.0,-4786.532,2100.112,4842.661,-5.559,-1.897,-4.59,-13.26,LISTENING
17000.0,-4841.812,2081.064,4796.518,-5.506,-1.92,-4.643,-13.26,SENSING
17000.0,-4841.812,2081.064,4796.518,-5.506,-1.92,-4.643,-13.26,LISTENING
17010.0,-4896.56,2061.788,4749.847,-5.452,-1.943,-4.696,-13.26,SENSING
17010.0,-4896.56,2061.788,4749.847,-5.452,-1.943,-4.696,-13.26,LISTENING
17020.0,-4950.77,2042.286,4702.653,-5.398,-1.965,-4.748,-13.26,SENSING
17020.0,-4950.77,2042.286,4702.653,-5.398,-1.965,-4.748,-13.26,LISTENING
17025.44,-4980.032,2031.582,4676.762,-5.368,-1.977,-4.776,-13.26,SENSING
17025.44,-4980.032,2031.582,4676.762,-5.368,-1.977,-4.776,-13.26,LISTENING
17030.0,-5004.436,2022.559,4654.942,-5.343,-1.988,-4.799,-13.26,SENSING
17030.0,-5004.436,2022.559,4654.942,-5.343,-1.988,-4.799,-13.26,LISTENING
17047.01,-5094.454,1988.496,4572.613,-5.249,-2.025,-4.886,-13.26,SENSING
17047.01,-5094.454,1988.496,4572.613,-5.249,-2.025,-4.886,-13.26,MANEUVERING
17047.01,-5094.454,1988.496,4572.613,-5.249,-2.025,-4.886,-13.26,LISTENING
17090.0,-5314.678,1899.621,4358.119,-5.003,-2.117,-5.097,29.73,MANEUVERING
17090.0,-5314.678,1899.621,4358.119,-5.003,-2.117,-5.097,29.73,SENSING
17090.0,-5314.678,1899.621,4358.119,-5.003,-2.117,-5.097,29.73,MEASURING
17090.0,-5314.678,1899.621,4358.119,-5.003,-2.117,-5.097,29.73,SENSING
17090.0,-5314.678,1899.621,4358.119,-5.003,-2.117,-5.097,29.73,LISTENING
17103.09,-5379.613,1871.788,4291.03,-4.926,-2.144,-5.159,29.73,SENSING
17103.09,-5379.613,1871.788,4291.03,-4.926,-2.144,-5.159,29.73,MANEUVERING
17103.09,-5379.613,1871.788,4291.03,-4.926,-2.144,-5.159,29.73,LISTENING
17110.0,-5413.483,1856.953,4255.289,-4.885,-2.158,-5.191,22.82,MANEUVERING
17110.0,-5413.483,1856.953,4255.289,-4.885,-2.158,-5.191,22.82,SENSING
17110.0,-5413.483,1856.953,4255.289,-4.885,-2.158,-5.191,22.82,MEASURING
17110.0,-5413.483,1856.953,4255.289,-4.885,-2.158,-5.191,22.82,SENSING
17110.0,-5413.483,1856.953,4255.289,-4.885,-2.158,-5.191,22.82,LISTENING
17170.0,-5695.478,1724.145,3935.776,-4.519,-2.276,-5.461,22.82,SENSING
17170.0,-5695.478,1724.145,3935.776,-4.519,-2.276,-5.461,22.82,MEASURING
17170.0,-5695.478,1724.145,3935.776,-4.519,-2.276,-5.461,22.82,SENSING
17170.0,-5695.478,1724.145,3935.776,-4.519,-2.276,-5.461,22.82,LISTENING
17177.37,-5728.588,1707.353,3895.432,-4.473,-2.29,-5.493,22.82,SENSING
17177.37,-5728.588,1707.353,3895.432,-4.473,-2.29,-5.493,22.82,MANEUVERING
17177.37,-5728.588,1707.353,3895.432,-4.473,-2.29,-5.493,22.82,LISTENING
17180.0,-5740.321,1701.336,3880.979,-4.456,-2.295,-5.504,25.45,MANEUVERING
17180.0,-5740.321,1701.336,3880.979,-4.456,-2.295,-5.504,25.45,SENSING
17180.0,-5740.321,1701.336,3880.979,-4.456,-2.295,-5.504,25.45,MEASURING
17180.0,-5740.321,1701.336,3880.979,-4.456,-2.295,-5.504,25.45,SENSING
17180.0,-5740.321,1701.336,3880.979,-4.456,-2.295,-5.504,25.45,LISTENING
17424.25,-6629.801,1092.88,2425.851,-2.794,-2.67,-6.352,25.45,SENSING
17424.25,-6629.801,1092.88,2425.851,-2.794,-2.67,-6.352,25.45,MANEUVERING
17424.25,-6629.801,1092.88,2425.851,-2.794,-2.67,-6.352,25.45,LISTENING
17470.0,-6749.905,969.77,2132.744,-2.459,-2.721,-6.466,-20.3,MANEUVERING
17470.0,-6749.905,969.77,2132.744,-2.459,-2.721,-6.466,-20.3,SENSING
17470.0,-6749.905,969.77,2132.744,-2.459,-2.721,-6.466,-20.3,MEASURING
17470.0,-6749.905,969.77,2132.744,-2.459,-2.721,-6.466,-20.3,SENSING
17470.0,-6749.905,969.77,2132.744,-2.459,-2.721,-6.466,-20.3,LISTENING
17480.0,-6774.113,942.557,2068.005,-2.386,-2.732,-6.489,-20.3,SENSING
17480.0,-6774.113,942.557,2068.005,-2.386,-2.732,-6.489,-20.3,MEASURING
17480.0,-6774.113,942.557,2068.005,-2.386,-2.732,-6.489,-20.3,SENSING
17480.0,-6774.113,942.557,2068.005,-2.386,-2.732,-6.489,-20.3,LISTENING
17486.8,-6790.153,923.993,2023.853,-2.335,-2.739,-6.504,-20.3,SENSING
17486.8,-6790.153,923.993,2023.853,-2.335,-2.739,-6.504,-20.3,MANEUVERING
17486.8,-6790.153,923.993,2023.853,-2.335,-2.739,-6.504,-20.3,LISTENING
17490.0,-6797.582,915.241,2003.04,-2.312,-2.742,-6.511,-23.5,MANEUVERING
17490.0,-6797.582,915.241,2003.04,-2.312,-2.742,-6.511,-23.5,SENSING
17490.0,-6797.582,915.241,2003.04,-2.312,-2.742,-6.511,-23.5,MEASURING
17490.0,-6797.582,915.241,2003.04,-2.312,-2.742,-6.511,-23.5,SENSING
17490.0,-6797.582,915.241,2003.04,-2.312,-2.742,-6.511,-23.5,LISTENING
17526.53,-6876.993,814.631,1763.917,-2.039,-2.776,-6.586,-23.5,SENSING
17526.53,-6876.993,814.631,1763.917,-2.039,-2.776,-6.586,-23.5,MANEUVERING
17526.53,-6876.993,814.631,1763.917,-2.039,-2.776,-6.586,-23.5,LISTENING
17530.0,-6884.018,805.011,1741.064,-2.013,-2.779,-6.593,-26.97,MANEUVERING
17530.0,-6884.018,805.011,1741.064,-2.013,-2.779,-6.593,-26.97,SENSING
17530.0,-6884.018,805.011,1741.064,-2.013,-2.779,-6.593,-26.97,MEASURING
17530.0,-6884.018,805.011,1741.064,-2.013,-2.779,-6.593,-26.97,SENSING
17530.0,-6884.018,805.011,1741.064,-2.013,-2.779,-6.593,-26.97,LISTENING
17554.29,-6930.653,737.377,1580.466,-1.83,-2.8,-6.637,-26.97,SENSING
17554.29,-6930.653,737.377,1580.466,-1.83,-2.8,-6.637,-26.97,MANEUVERING
17554.29,-6930.653,737.377,1580.466,-1.83,-2.8,-6.637,-26.97,LISTENING
17570.0,-6958.442,693.378,1476.049,-1.711,-2.812,-6.663,-11.26,MANEUVERING
17570.0,-6958.442,693.378,1476.049,-1.711,-2.812,-6.663,-11.26,SENSING
17570.0,-6958.442,693.378,1476.049,-1.711,-2.812,-6.663,-11.26,MEASURING
17570.0,-6958.442,693.378,1476.049,-1.711,-2.812,-6.663,-11.26,SENSING
17570.0,-6958.442,693.378,1476.049,-1.711,-2.812,-6.663,-11.26,LISTENING
17596.32,-7000.8,619.254,1300.236,-1.51,-2.831,-6.703,-11.26,SENSING
17596.32,-7000.8,619.254,1300.236,-1.51,-2.831,-6.703,-11.26,MANEUVERING
17596.32,-7000.8,619.254,1300.236,-1.51,-2.831,-6.703,-11.26,LISTENING
17630.0,-7047.288,523.729,1073.844,-1.252,-2.852,-6.746,22.42,MANEUVERING
17630.0,-7047.288,523.729,1073.844,-1.252,-2.852,-6.746,22.42,SENSING
17630.0,-7047.288,523.729,1073.844,-1.252,-2.852,-6.746,22.42,MEASURING
17630.0,-7047.288,523.729,1073.844,-1.252,-2.852,-6.746,22.42,SENSING
17630.0,-7047.288,523.729,1073.844,-1.252,-2.852,-6.746,22.42,LISTENING
17640.0,-7059.416,495.236,1006.357,-1.175,-2.857,-6.758,22.42,SENSING
17640.0,-7059.416,495.236,1006.357,-1.175,-2.857,-6.758,22.42,MEASURING
17640.0,-7059.416,495.236,1006.357,-1.175,-2.857,-6.758,22.42,SENSING
17640.0,-7059.416,495.236,1006.357,-1.175,-2.857,-6.758,22.42,LISTENING
17644.98,-7065.169,481.027,972.707,-1.137,-2.86,-6.763,22.42,SENSING
17644.98,-7065.169,481.027,972.707,-1.137,-2.86,-6.763,22.42,MANEUVERING
17644.98,-7065.169,481.027,972.707,-1.137,-2.86,-6.763,22.42,LISTENING
17670.0,-7091.178,409.448,803.268,-0.944,-2.872,-6.787,-2.6,MANEUVERING
17670.0,-7091.178,409.448,803.268,-0.944,-2.872,-6.787,-2.6,SENSING
17670.0,-7091.178,409.448,803.268,-0.944,-2.872,-6.787,-2.6,MEASURING
17670.0,-7091.178,409.448,803.268,-0.944,-2.872,-6.787,-2.6,SENSING
17670.0,-7091.178,409.448,803.268,-0.944,-2.872,-6.787,-2.6,LISTENING
17799.22,-7148.254,36.416,-77.989,0.061,-2.904,-6.839,-2.6,SENSING
17799.22,-7148.254,36.416,-77.989,0.061,-2.904,-6.839,-2.6,MANEUVERING
17799.22,-7148.254,36.416,-77.989,0.061,-2.904,-6.839,-2.6,LISTENING
17830.0,-7142.69,-52.792,-288.295,0.301,-2.903,-6.832,28.18,MANEUVERING
17830.0,-7142.69,-52.792,-288.295,0.301,-2.903,-6.832,28.18,SENSING
17830.0,-7142.69,-52.792,-288.295,0.301,-2.903,-6.832,28.18,MEASURING
17830.0,-7142.69,-52.792,-288.295,0.301,-2.903,-6.832,28.18,SENSING
17830.0,-7142.69,-52.792,-288.295,0.301,-2.903,-6.832,28.18,LISTENING
17835.89,-7140.785,-69.859,-328.511,0.347,-2.903,-6.83,28.18,SENSING
17835.89,-7140.785,-69.859,-328.511,0.347,-2.903,-6.83,28.18,MANEUVERING
17835.89,-7140.785,-69.859,-328.511,0.347,-2.903,-6.83,28.18,LISTENING
17840.0,-7139.296,-81.767,-356.567,0.379,-2.903,-6.829,32.29,MANEUVERING
17840.0,-7139.296,-81.767,-356.567,0.379,-2.903,-6.829,32.29,SENSING
17840.0,-7139.296,-81.767,-356.567,0.379,-2.903,-6.829,32.29,MEASURING
17840.0,-7139.296,-81.767,-356.567,0.379,-2.903,-6.829,32.29,SENSING
17840.0,-7139.296,-81.767,-356.567,0.379,-2.903,-6.829,32.29,LISTENING
17850.63,-7134.834,-112.558,-429.097,0.461,-2.901,-6.824,32.29,SENSING
17850.63,-7134.834,-112.558,-429.097,0.461,-2.901,-6.824,32.29,LISTENING
17855.44,-7132.527,-126.487,-461.9,0.499,-2.901,-6.822,32.29,SENSING
17855.44,-7132.527,-126.487,-461.9,0.499,-2.901,-6.822,32.29,MANEUVERING
17855.44,-7132.527,-126.487,-461.9,0.499,-2.901,-6.822,32.29,LISTENING
17860.0,-7130.173,-139.688,-492.987,0.534,-2.9,-6.82,27.73,MANEUVERING
17860.0,-7130.173,-139.688,-492.987,0.534,-2.9,-6.82,27.73,SENSING
17860.0,-7130.173,-139.688,-492.987,0.534,-2.9,-6.82,27.73,MEASURING
17860.0,-7130.173,-139.688,-492.987,0.534,-2.9,-6.82,27.73,SENSING
17860.0,-7130.173,-139.688,-492.987,0.534,-2.9,-6.82,27.73,LISTENING
17867.39,-7126.016,-161.076,-543.343,0.592,-2.899,-6.815,27.73,SENSING
17867.39,-7126.016,-161.076,-543.343,0.592,-2.899,-6.815,27.73,MANEUVERING
17867.39,-7126.016,-161.076,-543.343,0.592,-2.899,-6.815,27.73,LISTENING
17870.0,-7124.447,-168.627,-561.12,0.612,-2.898,-6.814,30.34,MANEUVERING
17870.0,-7124.447,-168.627,-561.12,0.612,-2.898,-6.814,30.34,SENSING
17870.0,-7124.447,-168.627,-561.12,0.612,-2.898,-6.814,30.34,MEASURING
17870.0,-7124.447,-168.627,-561.12,0.612,-2.898,-6.814,30.34,SENSING
17870.0,-7124.447,-168.627,-561.12,0.612,-2.898,-6.814,30.34,LISTENING
17880.0,-7117.944,-197.548,-629.192,0.69,-2.896,-6.807,30.34,SENSING
17880.0,-7117.944,-197.548,-629.192,0.69,-2.896,-6.807,30.34,MEASURING
17880.0,-7117.944,-197.548,-629.192,0.69,-2.896,-6.807,30.34,SENSING
17880.0,-7117.944,-197.548,-629.192,0.69,-2.896,-6.807,30.34,LISTENING
17926.9,-7077.109,-332.849,-947.413,1.053,-2.883,-6.767,30.34,SENSING
17926.9,-7077.109,-332.849,-947.413,1.053,-2.883,-6.767,30.34,LISTENING
17930.0,-7073.811,-341.768,-968.375,1.077,-2.882,-6.764,30.34,SENSING
17930.0,-7073.811,-341.768,-968.375,1.077,-2.882,-6.764,30.34,LISTENING
17937.16,-7065.911,-362.353,-1016.752,1.132,-2.879,-6.756,30.34,SENSING
17937.16,-7065.911,-362.353,-1016.752,1.132,-2.879,-6.756,30.34,LISTENING
17940.0,-7062.668,-370.513,-1035.925,1.154,-2.878,-6.753,30.34,SENSING
17940.0,-7062.668,-370.513,-1035.925,1.154,-2.878,-6.753,30.34,LISTENING
17940.0,-7062.668,-370.513,-1035.925,1.154,-2.878,-6.753,30.34,SENSING
17940.0,-7062.668,-370.513,-1035.925,1.154,-2.878,-6.753,30.34,LISTENING
17955.07,-7044.421,-413.754,-1137.506,1.27,-2.871,-6.735,30.34,SENSING
17955.07,-7044.421,-413.754,-1137.506,1.27,-2.871,-6.735,30.34,LISTENING
17980.0,-7010.409,-485.059,-1304.919,1.461,-2.859,-6.702,30.34,SENSING
17980.0,-7010.409,-485.059,-1304.919,1.461,-2.859,-6.702,30.34,LISTENING
17980.0,-7010.409,-485.059,-1304.919,1.461,-2.859,-6.702,30.34,SENSING
17980.0,-7010.409,-485.059,-1304.919,1.461,-2.859,-6.702,30.34,LISTENING
17986.32,-7001.032,-503.085,-1347.224,1.509,-2.856,-6.693,30.34,SENSING
17986.32,-7001.032,-503.085,-1347.224,1.509,-2.856,-6.693,30.34,LISTENING
17990.0,-6995.431,-513.571,-1371.83,1.537,-2.854,-6.687,30.34,SENSING
17990.0,-6995.431,-513.571,-1371.83,1.537,-2.854,-6.687,30.34,LISTENING
17990.0,-6995.431,-513.571,-1371.83,1.537,-2.854,-6.687,30.34,SENSING
17990.0,-6995.431,-513.571,-1371.83,1.537,-2.854,-6.687,30.34,LISTENING
18110.2,-6756.244,-851.035,-2162.311,2.44,-2.764,-6.455,30.34,SENSING
18110.2,-6756.244,-851.035,-2162.311,2.44,-2.764,-6.455,30.34,MANEUVERING
18110.2,-6756.244,-851.035,-2162.311,2.44,-2.764,-6.455,30.34,LISTENING
18120.0,-6731.991,-878.029,-2225.423,2.513,-2.755,-6.432,20.54,MANEUVERING
18120.0,-6731.991,-878.029,-2225.423,2.513,-2.755,-6.432,20.54,SENSING
18120.0,-6731.991,-878.029,-2225.423,2.513,-2.755,-6.432,20.54,MEASURING
18120.0,-6731.991,-878.029,-2225.423,2.513,-2.755,-6.432,20.54,SENSING
18120.0,-6731.991,-878.029,-2225.423,2.513,-2.755,-6.432,20.54,LISTENING
18152.54,-6646.415,-966.989,-2433.27,2.75,-2.722,-6.349,20.54,SENSING
18152.54,-6646.415,-966.989,-2433.27,2.75,-2.722,-6.349,20.54,MANEUVERING
18152.54,-6646.415,-966.989,-2433.27,2.75,-2.722,-6.349,20.54,LISTENING
18160.0,-6625.71,-987.23,-2480.532,2.805,-2.714,-6.329,28.0,MANEUVERING
18160.0,-6625.71,-987.23,-2480.532,2.805,-2.714,-6.329,28.0,SENSING
18160.0,-6625.71,-987.23,-2480.532,2.805,-2.714,-6.329,28.0,MEASURING
18160.0,-6625.71,-987.23,-2480.532,2.805,-2.714,-6.329,28.0,SENSING
18160.0,-6625.71,-987.23,-2480.532,2.805,-2.714,-6.329,28.0,LISTENING
18320.0,-6086.938,-1404.96,-3453.252,3.92,-2.505,-5.808,28.0,SENSING
18320.0,-6086.938,-1404.96,-3453.252,3.92,-2.505,-5.808,28.0,MEASURING
18320.0,-6086.938,-1404.96,-3453.252,3.92,-2.505,-5.808,28.0,SENSING
18320.0,-6086.938,-1404.96,-3453.252,3.92,-2.505,-5.808,28.0,LISTENING
18330.0,-6047.437,-1429.884,-3511.112,3.986,-2.489,-5.77,28.0,SENSING
18330.0,-6047.437,-1429.884,-3511.112,3.986,-2.489,-5.77,28.0,LISTENING
18330.0,-6047.437,-1429.884,-3511.112,3.986,-2.489,-5.77,28.0,SENSING
18330.0,-6047.437,-1429.884,-3511.112,3.986,-2.489,-5.77,28.0,MESSAGING
18330.0,-6047.437,-1429.884,-3511.112,3.986,-2.489,-5.77,28.0,SENSING
18330.0,-6047.437,-1429.884,-3511.112,3.986,-2.489,-5.77,28.0,LISTENING
18330.0,-6047.437,-1429.884,-3511.112,3.986,-2.489,-5.77,28.0,SENSING
18330.0,-6047.437,-1429.884,-3511.112,3.986,-2.489,-5.77,28.0,LISTENING
18330.0,-6047.437,-1429.884,-3511.112,3.986,-2.489,-5.77,28.0,SENSING
18330.0,-6047.437,-1429.884,-3511.112,3.986,-2.489,-5.77,28.0,LISTENING
18393.75,-5780.242,-1584.988,-3870.665,4.399,-2.384,-5.512,28.0,SENSING
18393.75,-5780.242,-1584.988,-3870.665,4.399,-2.384,-5.512,28.0,MANEUVERING
18393.75,-5780.242,-1584.988,-3870.665,4.399,-2.384,-5.512,28.0,LISTENING
18420.0,-5662.67,-1646.847,-4013.795,4.564,-2.337,-5.398,1.75,MANEUVERING
18420.0,-5662.67,-1646.847,-4013.795,4.564,-2.337,-5.398,1.75,SENSING
18420.0,-5662.67,-1646.847,-4013.795,4.564,-2.337,-5.398,1.75,MEASURING
18420.0,-5662.67,-1646.847,-4013.795,4.564,-2.337,-5.398,1.75,SENSING
18420.0,-5662.67,-1646.847,-4013.795,4.564,-2.337,-5.398,1.75,LISTENING
18463.08,-5460.489,-1745.655,-4242.068,4.827,-2.257,-5.203,1.75,SENSING
18463.08,-5460.489,-1745.655,-4242.068,4.827,-2.257,-5.203,1.75,LISTENING
18470.0,-5426.965,-1761.201,-4277.943,4.869,-2.244,-5.171,1.75,SENSING
18470.0,-5426.965,-1761.201,-4277.943,4.869,-2.244,-5.171,1.75,LISTENING
18480.0,-5378.016,-1783.504,-4329.386,4.928,-2.225,-5.123,1.75,SENSING
18480.0,-5378.016,-1783.504,-4329.386,4.928,-2.225,-5.123,1.75,LISTENING
18488.62,-5335.349,-1802.572,-4373.35,4.979,-2.208,-5.082,1.75,SENSING
18488.62,-5335.349,-1802.572,-4373.35,4.979,-2.208,-5.082,1.75,LISTENING
18500.0,-5278.353,-1827.52,-4430.842,5.045,-2.185,-5.027,1.75,SENSING
18500.0,-5278.353,-1827.52,-4430.842,5.045,-2.185,-5.027,1.75,LISTENING
18500.0,-5278.353,-1827.52,-4430.842,5.045,-2.185,-5.027,1.75,SENSING
18500.0,-5278.353,-1827.52,-4430.842,5.045,-2.185,-5.027,1.75,LISTENING
18505.09,-5252.617,-1838.595,-4456.353,5.075,-2.175,-5.002,1.75,SENSING
18505.09,-5252.617,-1838.595,-4456.353,5.075,-2.175,-5.002,1.75,LISTENING
18510.0,-5227.65,-1849.229,-4480.842,5.103,-2.165,-4.978,1.75,SENSING
18510.0,-5227.65,-1849.229,-4480.842,5.103,-2.165,-4.978,1.75,LISTENING
18510.0,-5227.65,-1849.229,-4480.842,5.103,-2.165,-4.978,1.75,SENSING
18510.0,-5227.65,-1849.229,-4480.842,5.103,-2.165,-4.978,1.75,LISTENING
18515.72,-5198.389,-1861.556,-4509.221,5.136,-2.153,-4.95,1.75,SENSING
18515.72,-5198.389,-1861.556,-4509.221,5.136,-2.153,-4.95,1.75,LISTENING
18520.0,-5176.372,-1870.735,-4530.35,5.16,-2.144,-4.929,1.75,SENSING
18520.0,-5176.372,-1870.735,-4530.35,5.16,-2.144,-4.929,1.75,LISTENING
18526.27,-5143.93,-1884.115,-4561.138,5.196,-2.131,-4.897,1.75,SENSING
18526.27,-5143.93,-1884.115,-4561.138,5.196,-2.131,-4.897,1.75,LISTENING
18560.0,-4965.629,-1954.687,-4723.347,5.383,-2.06,-4.725,1.75,SENSING
18560.0,-4965.629,-1954.687,-4723.347,5.383,-2.06,-4.725,1.75,LISTENING
18597.03,-4762.739,-2029.35,-4894.612,5.581,-1.979,-4.529,1.75,SENSING
18597.03,-4762.739,-2029.35,-4894.612,5.581,-1.979,-4.529,1.75,LISTENING
18610.0,-4689.961,-2054.784,-4952.864,5.649,-1.95,-4.458,1.75,SENSING
18610.0,-4689.961,-2054.784,-4952.864,5.649,-1.95,-4.458,1.75,LISTENING
18610.0,-4689.961,-2054.784,-4952.864,5.649,-1.95,-4.458,1.75,SENSING
18610.0,-4689.961,-2054.784,-4952.864,5.649,-1.95,-4.458,1.75,LISTENING
18610.0,-4689.961,-2054.784,-4952.864,5.649,-1.95,-4.458,1.75,SENSING
18610.0,-4689.961,-2054.784,-4952.864,5.649,-1.95,-4.458,1.75,MESSAGING
18610.0,-4689.961,-2054.784,-4952.864,5.649,-1.95,-4.458,1.75,SENSING
18610.0,-4689.961,-2054.784,-4952.864,5.649,-1.95,-4.458,1.75,LISTENING
18610.0,-4689.961,-2054.784,-4952.864,5.649,-1.95,-4.458,1.75,SENSING
18610.0,-4689.961,-2054.784,-4952.864,5.649,-1.95,-4.458,1.75,LISTENING
18610.0,-4689.961,-2054.784,-4952.864,5.649,-1.95,-4.458,1.75,SENSING
18610.0,-4689.961,-2054.784,-4952.864,5.649,-1.95,-4.458,1.75,LISTENING
18610.0,-4689.961,-2054.784,-4952.864,5.649,-1.95,-4.458,1.75,SENSING
18610.0,-4689.961,-2054.784,-4952.864,5.649,-1.95,-4.458,1.75,LISTENING
18616.91,-4650.831,-2068.18,-4983.525,5.685,-1.934,-4.421,1.75,SENSING
18616.91,-4650.831,-2068.18,-4983.525,5.685,-1.934,-4.421,1.75,LISTENING
18620.0,-4633.254,-2074.135,-4997.152,5.7,-1.927,-4.404,1.75,SENSING
18620.0,-4633.254,-2074.135,-4997.152,5.7,-1.927,-4.404,1.75,LISTENING
18626.43,-4596.521,-2086.458,-5025.338,5.733,-1.913,-4.368,1.75,SENSING
18626.43,-4596.521,-2086.458,-5025.338,5.733,-1.913,-4.368,1.75,LISTENING
18630.0,-4576.037,-2093.259,-5040.889,5.751,-1.904,-4.348,1.75,SENSING
18630.0,-4576.037,-2093.259,-5040.889,5.751,-1.904,-4.348,1.75,LISTENING
18640.0,-4518.316,-2112.152,-5084.07,5.801,-1.881,-4.292,1.75,SENSING
18640.0,-4518.316,-2112.152,-5084.07,5.801,-1.881,-4.292,1.75,LISTENING
18650.0,-4460.097,-2130.813,-5126.691,5.851,-1.858,-4.236,1.75,SENSING
18650.0,-4460.097,-2130.813,-5126.691,5.851,-1.858,-4.236,1.75,LISTENING
18660.0,-4401.386,-2149.24,-5168.747,5.9,-1.834,-4.179,1.75,SENSING
18660.0,-4401.386,-2149.24,-5168.747,5.9,-1.834,-4.179,1.75,LISTENING
18700.0,-4161.757,-2220.564,-5331.223,6.089,-1.738,-3.947,1.75,SENSING
18700.0,-4161.757,-2220.564,-5331.223,6.089,-1.738,-3.947,1.75,LISTENING
18714.89,-4070.656,-2246.122,-5389.315,6.156,-1.701,-3.859,1.75,SENSING
18714.89,-4070.656,-2246.122,-5389.315,6.156,-1.701,-3.859,1.75,LISTENING
18730.0,-3977.191,-2271.497,-5446.917,6.224,-1.664,-3.769,1.75,SENSING
18730.0,-3977.191,-2271.497,-5446.917,6.224,-1.664,-3.769,1.75,LISTENING
18735.13,-3945.229,-2279.982,-5466.162,6.246,-1.651,-3.738,1.75,SENSING
18735.13,-3945.229,-2279.982,-5466.162,6.246,-1.651,-3.738,1.75,LISTENING
18740.0,-3914.782,-2287.976,-5484.284,6.267,-1.638,-3.708,1.75,SENSING
18740.0,-3914.782,-2287.976,-5484.284,6.267,-1.638,-3.708,1.75,LISTENING
18770.0,-3724.986,-2335.895,-5592.733,6.394,-1.562,-3.525,1.75,SENSING
18770.0,-3724.986,-2335.895,-5592.733,6.394,-1.562,-3.525,1.75,LISTENING
18776.9,-3680.802,-2346.59,-5616.892,6.422,-1.544,-3.482,1.75,SENSING
18776.9,-3680.802,-2346.59,-5616.892,6.422,-1.544,-3.482,1.75,LISTENING
18795.03,-3563.79,-2374.103,-5678.96,6.495,-1.497,-3.368,1.75,SENSING
18795.03,-3563.79,-2374.103,-5678.96,6.495,-1.497,-3.368,1.75,LISTENING
18820.0,-3400.519,-2410.584,-5761.057,6.591,-1.431,-3.21,1.75,SENSING
18820.0,-3400.519,-2410.584,-5761.057,6.591,-1.431,-3.21,1.75,LISTENING
18830.7,-3329.83,-2425.71,-5795.023,6.631,-1.402,-3.142,1.75,SENSING
18830.7,-3329.83,-2425.71,-5795.023,6.631,-1.402,-3.142,1.75,LISTENING
18840.0,-3268.047,-2438.608,-5823.948,6.665,-1.377,-3.082,1.75,SENSING
18840.0,-3268.047,-2438.608,-5823.948,6.665,-1.377,-3.082,1.75,LISTENING
18840.0,-3268.047,-2438.608,-5823.948,6.665,-1.377,-3.082,1.75,SENSING
18840.0,-3268.047,-2438.608,-5823.948,6.665,-1.377,-3.082,1.75,LISTENING
18845.04,-3234.434,-2445.5,-5839.39,6.683,-1.363,-3.049,1.75,SENSING
18845.04,-3234.434,-2445.5,-5839.39,6.683,-1.363,-3.049,1.75,LISTENING
18860.0,-3134.128,-2465.554,-5884.258,6.736,-1.323,-2.952,1.75,SENSING
18860.0,-3134.128,-2465.554,-5884.258,6.736,-1.323,-2.952,1.75,LISTENING
18860.0,-3134.128,-2465.554,-5884.258,6.736,-1.323,-2.952,1.75,SENSING
18860.0,-3134.128,-2465.554,-5884.258,6.736,-1.323,-2.952,1.75,LISTENING
18869.44,-3070.431,-2477.894,-5911.819,6.768,-1.297,-2.89,1.75,SENSING
18869.44,-3070.431,-2477.894,-5911.819,6.768,-1.297,-2.89,1.75,LISTENING
18870.0,-3066.643,-2478.618,-5913.435,6.77,-1.295,-2.887,1.75,SENSING
18870.0,-3066.643,-2478.618,-5913.435,6.77,-1.295,-2.887,1.75,LISTENING
18880.0,-2998.819,-2491.409,-5941.957,6.804,-1.268,-2.821,1.75,SENSING
18880.0,-2998.819,-2491.409,-5941.957,6.804,-1.268,-2.821,1.75,LISTENING
18880.0,-2998.819,-2491.409,-5941.957,6.804,-1.268,-2.821,1.75,SENSING
18880.0,-2998.819,-2491.409,-5941.957,6.804,-1.268,-2.821,1.75,LISTENING
18894.56,-2899.474,-2509.539,-5982.306,6.852,-1.227,-2.724,1.75,SENSING
18894.56,-2899.474,-2509.539,-5982.306,6.852,-1.227,-2.724,1.75,LISTENING
18900.0,-2862.18,-2516.162,-5997.021,6.869,-1.212,-2.688,1.75,SENSING
18900.0,-2862.18,-2516.162,-5997.021,6.869,-1.212,-2.688,1.75,LISTENING
18910.0,-2793.38,-2528.121,-6023.556,6.901,-1.184,-2.621,1.75,SENSING
18910.0,-2793.38,-2528.121,-6023.556,6.901,-1.184,-2.621,1.75,LISTENING
18920.0,-2724.27,-2539.801,-6049.422,6.931,-1.156,-2.554,1.75,SENSING
18920.0,-2724.27,-2539.801,-6049.422,6.931,-1.156,-2.554,1.75,LISTENING
18924.51,-2693.003,-2544.976,-6060.868,6.945,-1.143,-2.524,1.75,SENSING
18924.51,-2693.003,-2544.976,-6060.868,6.945,-1.143,-2.524,1.75,LISTENING
18930.0,-2654.859,-2551.199,-6074.616,6.961,-1.128,-2.487,1.75,SENSING
18930.0,-2654.859,-2551.199,-6074.616,6.961,-1.128,-2.487,1.75,LISTENING
18930.0,-2654.859,-2551.199,-6074.616,6.961,-1.128,-2.487,1.75,SENSING
18930.0,-2654.859,-2551.199,-6074.616,6.961,-1.128,-2.487,1.75,LISTENING
18944.77,-2551.8,-2567.516,-6110.592,7.004,-1.086,-2.387,1.75,SENSING
18944.77,-2551.8,-2567.516,-6110.592,7.004,-1.086,-2.387,1.75,LISTENING
18950.0,-2515.158,-2573.146,-6122.977,7.019,-1.071,-2.351,1.75,SENSING
18950.0,-2515.158,-2573.146,-6122.977,7.019,-1.071,-2.351,1.75,LISTENING
18960.35,-2442.42,-2584.056,-6146.936,7.047,-1.041,-2.281,1.75,SENSING
18960.35,-2442.42,-2584.056,-6146.936,7.047,-1.041,-2.281,1.75,LISTENING
18972.19,-2358.854,-2596.16,-6173.446,7.079,-1.007,-2.2,1.75,SENSING
18972.19,-2358.854,-2596.16,-6173.446,7.079,-1.007,-2.2,1.75,LISTENING
19010.0,-2089.596,-2632.101,-6251.638,7.172,-0.897,-1.938,1.75,SENSING
19010.0,-2089.596,-2632.101,-6251.638,7.172,-0.897,-1.938,1.75,LISTENING
19010.0,-2089.596,-2632.101,-6251.638,7.172,-0.897,-1.938,1.75,SENSING
19010.0,-2089.596,-2632.101,-6251.638,7.172,-0.897,-1.938,1.75,LISTENING
19015.89,-2047.341,-2637.325,-6262.926,7.186,-0.88,-1.897,1.75,SENSING
19015.89,-2047.341,-2637.325,-6262.926,7.186,-0.88,-1.897,1.75,LISTENING
19030.0,-1945.798,-2649.426,-6288.982,7.217,-0.838,-1.798,1.75,SENSING
19030.0,-1945.798,-2649.426,-6288.982,7.217,-0.838,-1.798,1.75,LISTENING
19030.0,-1945.798,-2649.426,-6288.982,7.217,-0.838,-1.798,1.75,SENSING
19030.0,-1945.798,-2649.426,-6288.982,7.217,-0.838,-1.798,1.75,LISTENING
19032.46,-1928.049,-2651.476,-6293.382,7.223,-0.831,-1.781,1.75,SENSING
19032.46,-1928.049,-2651.476,-6293.382,7.223,-0.831,-1.781,1.75,LISTENING
19040.0,-1873.569,-2657.648,-6306.604,7.239,-0.809,-1.728,1.75,SENSING
19040.0,-1873.569,-2657.648,-6306.604,7.239,-0.809,-1.728,1.75,LISTENING
19050.0,-1801.133,-2665.574,-6323.523,7.259,-0.779,-1.658,1.75,SENSING
19050.0,-1801.133,-2665.574,-6323.523,7.259,-0.779,-1.658,1.75,LISTENING
19056.06,-1757.138,-2670.233,-6333.433,7.271,-0.761,-1.615,1.75,SENSING
19056.06,-1757.138,-2670.233,-6333.433,7.271,-0.761,-1.615,1.75,LISTENING
19060.0,-1728.495,-2673.203,-6339.737,7.279,-0.749,-1.587,1.75,SENSING
19060.0,-1728.495,-2673.203,-6339.737,7.279,-0.749,-1.587,1.75,LISTENING
19070.0,-1655.664,-2680.535,-6355.244,7.298,-0.72,-1.516,1.75,SENSING
19070.0,-1655.664,-2680.535,-6355.244,7.298,-0.72,-1.516,1.75,LISTENING
19076.02,-1611.731,-2684.806,-6364.238,7.309,-0.702,-1.473,1.75,SENSING
19076.02,-1611.731,-2684.806,-6364.238,7.309,-0.702,-1.473,1.75,LISTENING
19076.85,-1605.668,-2685.386,-6365.458,7.31,-0.699,-1.467,1.75,SENSING
19076.85,-1605.668,-2685.386,-6365.458,7.31,-0.699,-1.467,1.75,LISTENING
19080.0,-1582.649,-2687.569,-6370.042,7.316,-0.69,-1.445,1.75,SENSING
19080.0,-1582.649,-2687.569,-6370.042,7.316,-0.69,-1.445,1.75,LISTENING
19086.45,-1535.46,-2691.948,-6379.21,7.327,-0.67,-1.399,1.75,SENSING
19086.45,-1535.46,-2691.948,-6379.21,7.327,-0.67,-1.399,1.75,LISTENING
19090.0,-1509.457,-2694.304,-6384.129,7.333,-0.66,-1.374,1.75,SENSING
19090.0,-1509.457,-2694.304,-6384.129,7.333,-0.66,-1.374,1.75,LISTENING
19100.0,-1436.097,-2700.739,-6397.504,7.349,-0.63,-1.302,1.75,SENSING
19100.0,-1436.097,-2700.739,-6397.504,7.349,-0.63,-1.302,1.75,LISTENING
19105.15,-1398.254,-2703.936,-6404.113,7.358,-0.614,-1.266,1.75,SENSING
19105.15,-1398.254,-2703.936,-6404.113,7.358,-0.614,-1.266,1.75,LISTENING
19110.0,-1362.577,-2706.873,-6410.163,7.365,-0.599,-1.231,1.75,SENSING
19110.0,-1362.577,-2706.873,-6410.163,7.365,-0.599,-1.231,1.75,LISTENING
19120.0,-1288.904,-2712.706,-6422.107,7.38,-0.569,-1.159,1.75,SENSING
19120.0,-1288.904,-2712.706,-6422.107,7.38,-0.569,-1.159,1.75,LISTENING
19124.68,-1254.376,-2715.332,-6427.451,7.387,-0.555,-1.126,1.75,SENSING
19124.68,-1254.376,-2715.332,-6427.451,7.387,-0.555,-1.126,1.75,LISTENING
19126.59,-1240.275,-2716.384,-6429.586,7.389,-0.549,-1.112,1.75,SENSING
19126.59,-1240.275,-2716.384,-6429.586,7.389,-0.549,-1.112,1.75,LISTENING
19130.0,-1215.088,-2718.236,-6433.334,7.394,-0.539,-1.087,1.75,SENSING
19130.0,-1215.088,-2718.236,-6433.334,7.394,-0.539,-1.087,1.75,LISTENING
19137.44,-1160.08,-2722.154,-6441.22,7.404,-0.516,-1.034,1.75,SENSING
19137.44,-1160.08,-2722.154,-6441.22,7.404,-0.516,-1.034,1.75,LISTENING
19140.0,-1141.136,-2723.463,-6443.841,7.407,-0.508,-1.015,1.75,SENSING
19140.0,-1141.136,-2723.463,-6443.841,7.407,-0.508,-1.015,1.75,LISTENING
19140.0,-1141.136,-2723.463,-6443.841,7.407,-0.508,-1.015,1.75,SENSING
19140.0,-1141.136,-2723.463,-6443.841,7.407,-0.508,-1.015,1.75,LISTENING
19145.88,-1097.591,-2726.395,-6449.683,7.414,-0.491,-0.973,1.75,SENSING
19145.88,-1097.591,-2726.395,-6449.683,7.414,-0.491,-0.973,1.75,LISTENING
19160.0,-992.857,-2733.006,-6462.692,7.431,-0.447,-0.871,1.75,SENSING
19160.0,-992.857,-2733.006,-6462.692,7.431,-0.447,-0.871,1.75,LISTENING
19166.5,-944.567,-2735.845,-6468.197,7.438,-0.428,-0.824,1.75,SENSING
19166.5,-944.567,-2735.845,-6468.197,7.438,-0.428,-0.824,1.75,LISTENING
19169.52,-922.116,-2737.12,-6470.65,7.441,-0.418,-0.802,1.75,SENSING
19169.52,-922.116,-2737.12,-6470.65,7.441,-0.418,-0.802,1.75,LISTENING
19170.0,-918.547,-2737.32,-6471.034,7.442,-0.417,-0.798,1.75,SENSING
19170.0,-918.547,-2737.32,-6471.034,7.442,-0.417,-0.798,1.75,LISTENING
19170.0,-918.547,-2737.32,-6471.034,7.442,-0.417,-0.798,1.75,SENSING
19170.0,-918.547,-2737.32,-6471.034,7.442,-0.417,-0.798,1.75,LISTENING
19180.0,-844.134,-2741.329,-6478.652,7.451,-0.386,-0.726,1.75,SENSING
19180.0,-844.134,-2741.329,-6478.652,7.451,-0.386,-0.726,1.75,LISTENING
19180.0,-844.134,-2741.329,-6478.652,7.451,-0.386,-0.726,1.75,SENSING
19180.0,-844.134,-2741.329,-6478.652,7.451,-0.386,-0.726,1.75,MESSAGING
19180.0,-844.134,-2741.329,-6478.652,7.451,-0.386,-0.726,1.75,MESSAGING
19180.0,-844.134,-2741.329,-6478.652,7.451,-0.386,-0.726,1.75,SENSING
19180.0,-844.134,-2741.329,-6478.652,7.451,-0.386,-0.726,1.75,LISTENING
19180.0,-844.134,-2741.329,-6478.652,7.451,-0.386,-0.726,1.75,SENSING
19180.0,-844.134,-2741.329,-6478.652,7.451,-0.386,-0.726,1.75,LISTENING
19180.0,-844.134,-2741.329,-6478.652,7.451,-0.386,-0.726,1.75,SENSING
19180.0,-844.134,-2741.329,-6478.652,7.451,-0.386,-0.726,1.75,MESSAGING
19180.0,-844.134,-2741.329,-6478.652,7.451,-0.386,-0.726,1.75,SENSING
19180.0,-844.134,-2741.329,-6478.652,7.451,-0.386,-0.726,1.75,LISTENING
19180.0,-844.134,-2741.329,-6478.652,7.451,-0.386,-0.726,1.75,SENSING
19180.0,-844.134,-2741.329,-6478.652,7.451,-0.386,-0.726,1.75,LISTENING
19180.0,-844.134,-2741.329,-6478.652,7.451,-0.386,-0.726,1.75,SENSING
19180.0,-844.134,-2741.329,-6478.652,7.451,-0.386,-0.726,1.75,LISTENING
19180.0,-844.134,-2741.329,-6478.652,7.451,-0.386,-0.726,1.75,SENSING
19180.0,-844.134,-2741.329,-6478.652,7.451,-0.386,-0.726,1.75,LISTENING
19190.0,-769.626,-2745.032,-6485.544,7.461,-0.356,-0.653,1.75,SENSING
19190.0,-769.626,-2745.032,-6485.544,7.461,-0.356,-0.653,1.75,LISTENING
19200.0,-695.033,-2748.428,-6491.71,7.469,-0.325,-0.581,1.75,SENSING
19200.0,-695.033,-2748.428,-6491.71,7.469,-0.325,-0.581,1.75,LISTENING
19206.54,-646.206,-2750.482,-6495.35,7.474,-0.305,-0.533,1.75,SENSING
19206.54,-646.206,-2750.482,-6495.35,7.474,-0.305,-0.533,1.75,LISTENING
19210.0,-620.361,-2751.516,-6497.149,7.476,-0.294,-0.508,1.75,SENSING
19210.0,-620.361,-2751.516,-6497.149,7.476,-0.294,-0.508,1.75,LISTENING
19211.64,-608.109,-2751.994,-6497.972,7.477,-0.289,-0.496,1.75,SENSING
19211.64,-608.109,-2751.994,-6497.972,7.477,-0.289,-0.496,1.75,LISTENING
19217.2,-566.555,-2753.55,-6500.614,7.481,-0.272,-0.455,1.75,SENSING
19217.2,-566.555,-2753.55,-6500.614,7.481,-0.272,-0.455,1.75,LISTENING
19220.0,-545.621,-2754.298,-6501.86,7.483,-0.263,-0.435,1.75,SENSING
19220.0,-545.621,-2754.298,-6501.86,7.483,-0.263,-0.435,1.75,LISTENING
19230.0,-470.819,-2756.771,-6505.842,7.488,-0.232,-0.362,1.75,SENSING
19230.0,-470.819,-2756.771,-6505.842,7.488,-0.232,-0.362,1.75,LISTENING
19230.0,-470.819,-2756.771,-6505.842,7.488,-0.232,-0.362,1.75,SENSING
19230.0,-470.819,-2756.771,-6505.842,7.488,-0.232,-0.362,1.75,LISTENING
19235.68,-428.307,-2758.039,-6507.779,7.491,-0.215,-0.32,1.75,SENSING
19235.68,-428.307,-2758.039,-6507.779,7.491,-0.215,-0.32,1.75,LISTENING
19239.49,-399.783,-2758.834,-6508.946,7.493,-0.203,-0.293,1.75,SENSING
19239.49,-399.783,-2758.834,-6508.946,7.493,-0.203,-0.293,1.75,LISTENING
19240.0,-395.964,-2758.937,-6509.094,7.493,-0.201,-0.289,1.75,SENSING
19240.0,-395.964,-2758.937,-6509.094,7.493,-0.201,-0.289,1.75,LISTENING
19240.0,-395.964,-2758.937,-6509.094,7.493,-0.201,-0.289,1.75,SENSING
19240.0,-395.964,-2758.937,-6509.094,7.493,-0.201,-0.289,1.75,MESSAGING
19240.0,-395.964,-2758.937,-6509.094,7.493,-0.201,-0.289,1.75,SENSING
19240.0,-395.964,-2758.937,-6509.094,7.493,-0.201,-0.289,1.75,LISTENING
19240.0,-395.964,-2758.937,-6509.094,7.493,-0.201,-0.289,1.75,SENSING
19240.0,-395.964,-2758.937,-6509.094,7.493,-0.201,-0.289,1.75,LISTENING
19240.0,-395.964,-2758.937,-6509.094,7.493,-0.201,-0.289,1.75,SENSING
19240.0,-395.964,-2758.937,-6509.094,7.493,-0.201,-0.289,1.75,LISTENING
19240.0,-395.964,-2758.937,-6509.094,7.493,-0.201,-0.289,1.75,SENSING
19240.0,-395.964,-2758.937,-6509.094,7.493,-0.201,-0.289,1.75,LISTENING
19240.0,-395.964,-2758.937,-6509.094,7.493,-0.201,-0.289,1.75,SENSING
19240.0,-395.964,-2758.937,-6509.094,7.493,-0.201,-0.289,1.75,LISTENING
19250.0,-321.065,-2760.793,-6511.617,7.497,-0.17,-0.216,1.75,SENSING
19250.0,-321.065,-2760.793,-6511.617,7.497,-0.17,-0.216,1.75,LISTENING
19260.0,-246.13,-2762.341,-6513.409,7.5,-0.14,-0.143,1.75,SENSING
19260.0,-246.13,-2762.341,-6513.409,7.5,-0.14,-0.143,1.75,LISTENING
19260.0,-246.13,-2762.341,-6513.409,7.5,-0.14,-0.143,1.75,SENSING
19260.0,-246.13,-2762.341,-6513.409,7.5,-0.14,-0.143,1.75,LISTENING
19269.88,-172.067,-2763.566,-6514.461,7.503,-0.109,-0.07,1.75,SENSING
19269.88,-172.067,-2763.566,-6514.461,7.503,-0.109,-0.07,1.75,LISTENING
19290.0,-21.192,-2765.128,-6514.397,7.505,-0.046,0.077,1.75,SENSING
19290.0,-21.192,-2765.128,-6514.397,7.505,-0.046,0.077,1.75,LISTENING
19301.84,67.601,-2765.46,-6512.974,7.505,-0.01,0.164,1.75,SENSING
19301.84,67.601,-2765.46,-6512.974,7.505,-0.01,0.164,1.75,LISTENING
19350.0,428.519,-2762.334,-6496.614,7.491,0.14,0.516,1.75,SENSING
19350.0,428.519,-2762.334,-6496.614,7.491,0.14,0.516,1.75,LISTENING
19355.48,469.534,-2761.522,-6493.677,7.488,0.157,0.556,1.75,SENSING
19355.48,469.534,-2761.522,-6493.677,7.488,0.157,0.556,1.75,LISTENING
19360.0,503.351,-2760.783,-6491.089,7.486,0.171,0.589,1.75,SENSING
19360.0,503.351,-2760.783,-6491.089,7.486,0.171,0.589,1.75,LISTENING
19365.34,543.289,-2759.828,-6487.84,7.483,0.188,0.628,1.75,SENSING
19365.34,543.289,-2759.828,-6487.84,7.483,0.188,0.628,1.75,LISTENING
19370.0,578.127,-2758.922,-6484.834,7.48,0.202,0.662,1.75,SENSING
19370.0,578.127,-2758.922,-6484.834,7.48,0.202,0.662,1.75,LISTENING
19396.0,772.218,-2752.633,-6465.153,7.46,0.283,0.852,1.75,SENSING
19396.0,772.218,-2752.633,-6465.153,7.46,0.283,0.852,1.75,LISTENING
19400.0,802.03,-2751.48,-6461.688,7.456,0.295,0.881,1.75,SENSING
19400.0,802.03,-2751.48,-6461.688,7.456,0.295,0.881,1.75,LISTENING
19499.11,1534.708,-2707.149,-6338.761,7.326,0.601,1.599,1.75,SENSING
19499.11,1534.708,-2707.149,-6338.761,7.326,0.601,1.599,1.75,LISTENING
19510.0,1614.321,-2700.44,-6320.936,7.306,0.634,1.677,1.75,SENSING
19510.0,1614.321,-2700.44,-6320.936,7.306,0.634,1.677,1.75,LISTENING
19520.0,1687.238,-2693.962,-6303.821,7.287,0.664,1.748,1.75,SENSING
19520.0,1687.238,-2693.962,-6303.821,7.287,0.664,1.748,1.75,LISTENING
19531.58,1771.436,-2686.08,-6283.111,7.265,0.7,1.831,1.75,SENSING
19531.58,1771.436,-2686.08,-6283.111,7.265,0.7,1.831,1.75,LISTENING
19540.0,1832.49,-2680.093,-6267.453,7.248,0.725,1.89,1.75,SENSING
19540.0,1832.49,-2680.093,-6267.453,7.248,0.725,1.89,1.75,LISTENING
19563.24,2000.226,-2662.457,-6221.629,7.197,0.795,2.055,1.75,SENSING
19563.24,2000.226,-2662.457,-6221.629,7.197,0.795,2.055,1.75,LISTENING
19570.0,2048.792,-2657.022,-6207.584,7.182,0.816,2.103,1.75,SENSING
19570.0,2048.792,-2657.022,-6207.584,7.182,0.816,2.103,1.75,LISTENING
19610.9,2340.275,-2621.219,-6115.775,7.08,0.938,2.389,1.75,SENSING
19610.9,2340.275,-2621.219,-6115.775,7.08,0.938,2.389,1.75,LISTENING
19611.29,2343.034,-2620.853,-6114.843,7.079,0.939,2.391,1.75,SENSING
19611.29,2343.034,-2620.853,-6114.843,7.079,0.939,2.391,1.75,LISTENING
19630.0,2474.908,-2602.795,-6068.914,7.028,0.995,2.521,1.75,SENSING
19630.0,2474.908,-2602.795,-6068.914,7.028,0.995,2.521,1.75,LISTENING
19694.53,2921.866,-2532.642,-5892.114,6.83,1.183,2.96,1.75,SENSING
19694.53,2921.866,-2532.642,-5892.114,6.83,1.183,2.96,1.75,LISTENING
19710.0,3027.04,-2514.034,-5845.551,6.777,1.227,3.063,1.75,SENSING
19710.0,3027.04,-2514.034,-5845.551,6.777,1.227,3.063,1.75,LISTENING
19710.0,3027.04,-2514.034,-5845.551,6.777,1.227,3.063,1.75,SENSING
19710.0,3027.04,-2514.034,-5845.551,6.777,1.227,3.063,1.75,LISTENING
19720.0,3094.59,-2501.641,-5814.604,6.742,1.256,3.129,1.75,SENSING
19720.0,3094.59,-2501.641,-5814.604,6.742,1.256,3.129,1.75,LISTENING
19731.98,3175.05,-2486.422,-5776.659,6.7,1.29,3.209,1.75,SENSING
19731.98,3175.05,-2486.422,-5776.659,6.7,1.29,3.209,1.75,LISTENING
19740.0,3228.625,-2476.006,-5750.728,6.67,1.312,3.261,1.75,SENSING
19740.0,3228.625,-2476.006,-5750.728,6.67,1.312,3.261,1.75,LISTENING
19740.0,3228.625,-2476.006,-5750.728,6.67,1.312,3.261,1.75,SENSING
19740.0,3228.625,-2476.006,-5750.728,6.67,1.312,3.261,1.75,LISTENING
19750.0,3295.095,-2462.766,-5717.806,6.633,1.341,3.327,1.75,SENSING
19750.0,3295.095,-2462.766,-5717.806,6.633,1.341,3.327,1.75,LISTENING
19816.68,3728.356,-2367.396,-5481.806,6.366,1.524,3.753,1.75,SENSING
19816.68,3728.356,-2367.396,-5481.806,6.366,1.524,3.753,1.75,LISTENING
19830.0,3812.708,-2346.894,-5431.291,6.309,1.56,3.836,1.75,SENSING
19830.0,3812.708,-2346.894,-5431.291,6.309,1.56,3.836,1.75,LISTENING
19919.49,4358.566,-2197.061,-5063.89,5.89,1.792,4.373,1.75,SENSING
19919.49,4358.566,-2197.061,-5063.89,5.89,1.792,4.373,1.75,MANEUVERING
19919.49,4358.566,-2197.061,-5063.89,5.89,1.792,4.373,1.75,LISTENING
19950.0,4535.79,-2141.318,-4927.854,5.735,1.868,4.548,32.26,MANEUVERING
19950.0,4535.79,-2141.318,-4927.854,5.735,1.868,4.548,32.26,SENSING
19950.0,4535.79,-2141.318,-4927.854,5.735,1.868,4.548,32.26,MEASURING
19950.0,4535.79,-2141.318,-4927.854,5.735,1.868,4.548,32.26,SENSING
19950.0,4535.79,-2141.318,-4927.854,5.735,1.868,4.548,32.26,LISTENING
20391.87,6475.079,-1112.663,-2451.149,2.88,2.71,6.46,32.26,SENSING
20391.87,6475.079,-1112.663,-2451.149,2.88,2.71,6.46,32.26,LISTENING
20430.0,6579.367,-1008.613,-2202.974,2.593,2.757,6.562,32.26,SENSING
20430.0,6579.367,-1008.613,-2202.974,2.593,2.757,6.562,32.26,LISTENING
20435.27,6592.915,-994.095,-2168.373,2.553,2.763,6.576,32.26,SENSING
20435.27,6592.915,-994.095,-2168.373,2.553,2.763,6.576,32.26,LISTENING
20440.0,6604.896,-981.037,-2137.259,2.517,2.768,6.587,32.26,SENSING
20440.0,6604.896,-981.037,-2137.259,2.517,2.768,6.587,32.26,LISTENING
20440.0,6604.896,-981.037,-2137.259,2.517,2.768,6.587,32.26,SENSING
20440.0,6604.896,-981.037,-2137.259,2.517,2.768,6.587,32.26,LISTENING
20459.64,6652.812,-926.553,-2007.481,2.366,2.79,6.634,32.26,SENSING
20459.64,6652.812,-926.553,-2007.481,2.366,2.79,6.634,32.26,LISTENING
20470.0,6676.895,-897.646,-1938.66,2.286,2.801,6.658,32.26,SENSING
20470.0,6676.895,-897.646,-1938.66,2.286,2.801,6.658,32.26,LISTENING
20476.57,6691.738,-879.256,-1894.891,2.236,2.808,6.673,32.26,SENSING
20476.57,6691.738,-879.256,-1894.891,2.236,2.808,6.673,32.26,LISTENING
20480.0,6699.355,-869.637,-1872.002,2.209,2.811,6.68,32.26,SENSING
20480.0,6699.355,-869.637,-1872.002,2.209,2.811,6.68,32.26,LISTENING
20536.94,6812.419,-708.343,-1488.559,1.764,2.863,6.791,32.26,SENSING
20536.94,6812.419,-708.343,-1488.559,1.764,2.863,6.791,32.26,LISTENING
20550.0,6834.768,-670.952,-1399.772,1.661,2.873,6.813,32.26,SENSING
20550.0,6834.768,-670.952,-1399.772,1.661,2.873,6.813,32.26,LISTENING
20620.0,6931.482,-468.475,-919.614,1.103,2.919,6.907,32.26,SENSING
20620.0,6931.482,-468.475,-919.614,1.103,2.919,6.907,32.26,LISTENING
20629.25,6941.334,-441.496,-855.715,1.029,2.924,6.916,32.26,SENSING
20629.25,6941.334,-441.496,-855.715,1.029,2.924,6.916,32.26,LISTENING
20660.0,6969.146,-351.511,-642.722,0.781,2.938,6.943,32.26,SENSING
20660.0,6969.146,-351.511,-642.722,0.781,2.938,6.943,32.26,LISTENING
20679.75,6982.99,-293.507,-505.536,0.622,2.946,6.956,32.26,SENSING
20679.75,6982.99,-293.507,-505.536,0.622,2.946,6.956,32.26,LISTENING
20690.0,6988.934,-263.35,-434.245,0.539,2.949,6.962,32.26,SENSING
20690.0,6988.934,-263.35,-434.245,0.539,2.949,6.962,32.26,LISTENING
20839.34,6979.035,177.775,605.991,-0.671,2.957,6.947,32.26,SENSING
20839.34,6979.035,177.775,605.991,-0.671,2.957,6.947,32.26,LISTENING
20850.0,6971.426,209.222,679.963,-0.757,2.954,6.939,32.26,SENSING
20850.0,6971.426,209.222,679.963,-0.757,2.954,6.939,32.26,LISTENING
20855.62,6967.046,225.791,718.927,-0.803,2.953,6.934,32.26,SENSING
20855.62,6967.046,225.791,718.927,-0.803,2.953,6.934,32.26,LISTENING
20870.0,6954.68,268.146,818.499,-0.918,2.949,6.921,32.26,SENSING
20870.0,6954.68,268.146,818.499,-0.918,2.949,6.921,32.26,LISTENING
20879.81,6945.29,297.004,886.316,-0.997,2.945,6.912,32.26,SENSING
20879.81,6945.29,297.004,886.316,-0.997,2.945,6.912,32.26,LISTENING
20890.0,6934.717,326.946,956.656,-1.079,2.942,6.901,32.26,SENSING
20890.0,6934.717,326.946,956.656,-1.079,2.942,6.901,32.26,LISTENING
20962.95,6834.8,539.938,1456.356,-1.661,2.905,6.799,32.26,SENSING
20962.95,6834.8,539.938,1456.356,-1.661,2.905,6.799,32.26,LISTENING
20970.0,6822.905,560.367,1504.222,-1.716,2.901,6.787,32.26,SENSING
20970.0,6822.905,560.367,1504.222,-1.716,2.901,6.787,32.26,LISTENING
20975.91,6812.631,577.468,1544.282,-1.763,2.897,6.776,32.26,SENSING
20975.91,6812.631,577.468,1544.282,-1.763,2.897,6.776,32.26,LISTENING
21020.0,6727.337,704.265,1841.055,-2.108,2.864,6.69,32.26,SENSING
21020.0,6727.337,704.265,1841.055,-2.108,2.864,6.69,32.26,LISTENING
21345.38,5648.967,1573.287,3861.389,-4.455,2.433,5.609,32.26,SENSING
21345.38,5648.967,1573.287,3861.389,-4.455,2.433,5.609,32.26,LISTENING
21360.0,5583.183,1608.598,3942.868,-4.55,2.406,5.543,32.26,SENSING
21360.0,5583.183,1608.598,3942.868,-4.55,2.406,5.543,32.26,LISTENING
21376.25,5508.455,1647.383,4032.294,-4.654,2.376,5.468,32.26,SENSING
21376.25,5508.455,1647.383,4032.294,-4.654,2.376,5.468,32.26,LISTENING
21380.0,5490.972,1656.263,4052.757,-4.677,2.369,5.451,32.26,SENSING
21380.0,5490.972,1656.263,4052.757,-4.677,2.369,5.451,32.26,LISTENING
21387.19,5457.203,1673.214,4091.81,-4.723,2.355,5.417,32.26,SENSING
21387.19,5457.203,1673.214,4091.81,-4.723,2.355,5.417,32.26,LISTENING
21390.0,5443.917,1679.812,4107.006,-4.74,2.349,5.404,32.26,SENSING
21390.0,5443.917,1679.812,4107.006,-4.74,2.349,5.404,32.26,LISTENING
21395.12,5419.582,1691.795,4134.599,-4.772,2.34,5.38,32.26,SENSING
21395.12,5419.582,1691.795,4134.599,-4.772,2.34,5.38,32.26,LISTENING
21410.0,5347.937,1726.329,4214.081,-4.864,2.31,5.308,32.26,SENSING
21410.0,5347.937,1726.329,4214.081,-4.864,2.31,5.308,32.26,LISTENING
21415.97,5318.808,1740.062,4245.67,-4.901,2.298,5.279,32.26,SENSING
21415.97,5318.808,1740.062,4245.67,-4.901,2.298,5.279,32.26,LISTENING
21420.0,5299.022,1749.293,4266.896,-4.925,2.29,5.26,32.26,SENSING
21420.0,5299.022,1749.293,4266.896,-4.925,2.29,5.26,32.26,LISTENING
21499.57,4888.617,1924.661,4669.192,-5.391,2.123,4.851,32.26,SENSING
21499.57,4888.617,1924.661,4669.192,-5.391,2.123,4.851,32.26,LISTENING
21510.0,4832.125,1946.642,4719.473,-5.449,2.1,4.795,32.26,SENSING
21510.0,4832.125,1946.642,4719.473,-5.449,2.1,4.795,32.26,LISTENING
21510.0,4832.125,1946.642,4719.473,-5.449,2.1,4.795,32.26,SENSING
21510.0,4832.125,1946.642,4719.473,-5.449,2.1,4.795,32.26,MESSAGING
21510.0,4832.125,1946.642,4719.473,-5.449,2.1,4.795,32.26,MESSAGING
21510.0,4832.125,1946.642,4719.473,-5.449,2.1,4.795,32.26,SENSING
21510.0,4832.125,1946.642,4719.473,-5.449,2.1,4.795,32.26,LISTENING
21510.0,4832.125,1946.642,4719.473,-5.449,2.1,4.795,32.26,SENSING
21510.0,4832.125,1946.642,4719.473,-5.449,2.1,4.795,32.26,LISTENING
21510.0,4832.125,1946.642,4719.473,-5.449,2.1,4.795,32.26,SENSING
21510.0,4832.125,1946.642,4719.473,-5.449,2.1,4.795,32.26,LISTENING
21510.0,4832.125,1946.642,4719.473,-5.449,2.1,4.795,32.26,SENSING
21510.0,4832.125,1946.642,4719.473,-5.449,2.1,4.795,32.26,MESSAGING
21510.0,4832.125,1946.642,4719.473,-5.449,2.1,4.795,32.26,SENSING
21510.0,4832.125,1946.642,4719.473,-5.449,2.1,4.795,32.26,MESSAGING
21510.0,4832.125,1946.642,4719.473,-5.449,2.1,4.795,32.26,SENSING
21510.0,4832.125,1946.642,4719.473,-5.449,2.1,4.795,32.26,LISTENING
21510.0,4832.125,1946.642,4719.473,-5.449,2.1,4.795,32.26,SENSING
21510.0,4832.125,1946.642,4719.473,-5.449,2.1,4.795,32.26,LISTENING
21510.0,4832.125,1946.642,4719.473,-5.449,2.1,4.795,32.26,SENSING
21510.0,4832.125,1946.642,4719.473,-5.449,2.1,4.795,32.26,LISTENING
21510.0,4832.125,1946.642,4719.473,-5.449,2.1,4.795,32.26,SENSING
21510.0,4832.125,1946.642,4719.473,-5.449,2.1,4.795,32.26,LISTENING
21510.0,4832.125,1946.642,4719.473,-5.449,2.1,4.795,32.26,SENSING
21510.0,4832.125,1946.642,4719.473,-5.449,2.1,4.795,32.26,LISTENING
21510.0,4832.125,1946.642,4719.473,-5.449,2.1,4.795,32.26,SENSING
21510.0,4832.125,1946.642,4719.473,-5.449,2.1,4.795,32.26,LISTENING
21521.27,4770.406,1970.12,4773.14,-5.511,2.074,4.734,32.26,SENSING
21521.27,4770.406,1970.12,4773.14,-5.511,2.074,4.734,32.26,LISTENING
21550.0,4609.95,2028.67,4906.792,-5.666,2.009,4.574,32.26,SENSING
21550.0,4609.95,2028.67,4906.792,-5.666,2.009,4.574,32.26,LISTENING
21586.98,4397.03,2101.211,5071.978,-5.856,1.921,4.363,32.26,SENSING
21586.98,4397.03,2101.211,5071.978,-5.856,1.921,4.363,32.26,LISTENING
21590.0,4379.333,2106.992,5085.121,-5.872,1.914,4.345,32.26,SENSING
21590.0,4379.333,2106.992,5085.121,-5.872,1.914,4.345,32.26,LISTENING
21614.46,4234.334,2152.999,5189.602,-5.992,1.854,4.202,32.26,SENSING
21614.46,4234.334,2152.999,5189.602,-5.992,1.854,4.202,32.26,LISTENING
21620.0,4201.087,2163.217,5212.776,-6.019,1.841,4.169,32.26,SENSING
21620.0,4201.087,2163.217,5212.776,-6.019,1.841,4.169,32.26,LISTENING
21684.33,3804.549,2276.229,5468.274,-6.313,1.678,3.776,32.26,SENSING
21684.33,3804.549,2276.229,5468.274,-6.313,1.678,3.776,32.26,LISTENING
21690.0,3768.709,2285.682,5489.571,-6.338,1.663,3.74,32.26,SENSING
21690.0,3768.709,2285.682,5489.571,-6.338,1.663,3.74,32.26,LISTENING
21700.0,3705.163,2302.152,5526.641,-6.38,1.637,3.677,32.26,SENSING
21700.0,3705.163,2302.152,5526.641,-6.38,1.637,3.677,32.26,LISTENING
21726.2,3536.688,2344.055,5620.765,-6.489,1.567,3.511,32.26,SENSING
21726.2,3536.688,2344.055,5620.765,-6.489,1.567,3.511,32.26,LISTENING
21730.0,3512.02,2349.982,5634.053,-6.504,1.557,3.486,32.26,SENSING
21730.0,3512.02,2349.982,5634.053,-6.504,1.557,3.486,32.26,LISTENING
21736.98,3466.558,2360.767,5658.219,-6.532,1.538,3.441,32.26,SENSING
21736.98,3466.558,2360.767,5658.219,-6.532,1.538,3.441,32.26,LISTENING
21740.0,3446.829,2365.393,5668.578,-6.544,1.53,3.422,32.26,SENSING
21740.0,3446.829,2365.393,5668.578,-6.544,1.53,3.422,32.26,LISTENING
21740.0,3446.829,2365.393,5668.578,-6.544,1.53,3.422,32.26,SENSING
21740.0,3446.829,2365.393,5668.578,-6.544,1.53,3.422,32.26,LISTENING
21753.01,3361.428,2385.04,5712.527,-6.594,1.495,3.338,32.26,SENSING
21753.01,3361.428,2385.04,5712.527,-6.594,1.495,3.338,32.26,MANEUVERING
21753.01,3361.428,2385.04,5712.527,-6.594,1.495,3.338,32.26,LISTENING
21754.43,3352.067,2387.157,5717.257,-6.599,1.491,3.328,30.84,MANEUVERING
21754.43,3352.067,2387.157,5717.257,-6.599,1.491,3.328,30.84,SENSING
21754.43,3352.067,2387.157,5717.257,-6.599,1.491,3.328,30.84,MANEUVERING
21754.43,3352.067,2387.157,5717.257,-6.599,1.491,3.328,30.84,LISTENING
21760.0,3315.275,2395.407,5735.685,-6.621,1.476,3.292,25.27,MANEUVERING
21760.0,3315.275,2395.407,5735.685,-6.621,1.476,3.292,25.27,SENSING
21760.0,3315.275,2395.407,5735.685,-6.621,1.476,3.292,25.27,MEASURING
21760.0,3315.275,2395.407,5735.685,-6.621,1.476,3.292,25.27,SENSING
21760.0,3315.275,2395.407,5735.685,-6.621,1.476,3.292,25.27,LISTENING
21767.78,3263.69,2406.789,5761.086,-6.65,1.455,3.241,25.27,SENSING
21767.78,3263.69,2406.789,5761.086,-6.65,1.455,3.241,25.27,LISTENING
21780.0,3182.213,2424.333,5800.179,-6.695,1.421,3.161,25.27,SENSING
21780.0,3182.213,2424.333,5800.179,-6.695,1.421,3.161,25.27,LISTENING
21780.0,3182.213,2424.333,5800.179,-6.695,1.421,3.161,25.27,SENSING
21780.0,3182.213,2424.333,5800.179,-6.695,1.421,3.161,25.27,LISTENING
21786.01,3141.941,2432.811,5819.045,-6.716,1.405,3.121,25.27,SENSING
21786.01,3141.941,2432.811,5819.045,-6.716,1.405,3.121,25.27,LISTENING
21790.0,3115.134,2438.384,5831.438,-6.73,1.394,3.094,25.27,SENSING
21790.0,3115.134,2438.384,5831.438,-6.73,1.394,3.094,25.27,MEASURING
21790.0,3115.134,2438.384,5831.438,-6.73,1.394,3.094,25.27,SENSING
21790.0,3115.134,2438.384,5831.438,-6.73,1.394,3.094,25.27,LISTENING
21797.33,3065.74,2448.507,5853.929,-6.756,1.373,3.046,25.27,SENSING
21797.33,3065.74,2448.507,5853.929,-6.756,1.373,3.046,25.27,MANEUVERING
21797.33,3065.74,2448.507,5853.929,-6.756,1.373,3.046,25.27,LISTENING
21800.0,3047.701,2452.158,5862.033,-6.766,1.366,3.028,27.94,MANEUVERING
21800.0,3047.701,2452.158,5862.033,-6.766,1.366,3.028,27.94,SENSING
21800.0,3047.701,2452.158,5862.033,-6.766,1.366,3.028,27.94,MEASURING
21800.0,3047.701,2452.158,5862.033,-6.766,1.366,3.028,27.94,SENSING
21800.0,3047.701,2452.158,5862.033,-6.766,1.366,3.028,27.94,LISTENING
21807.39,2997.646,2462.158,5884.214,-6.791,1.345,2.978,27.94,SENSING
21807.39,2997.646,2462.158,5884.214,-6.791,1.345,2.978,27.94,MANEUVERING
21807.39,2997.646,2462.158,5884.214,-6.791,1.345,2.978,27.94,LISTENING
21807.52,2996.763,2462.333,5884.601,-6.791,1.345,2.977,27.81,MANEUVERING
21807.52,2996.763,2462.333,5884.601,-6.791,1.345,2.977,27.81,SENSING
21807.52,2996.763,2462.333,5884.601,-6.791,1.345,2.977,27.81,MANEUVERING
21807.52,2996.763,2462.333,5884.601,-6.791,1.345,2.977,27.81,LISTENING
21810.0,2979.922,2465.654,5891.961,-6.8,1.338,2.961,25.33,MANEUVERING
21810.0,2979.922,2465.654,5891.961,-6.8,1.338,2.961,25.33,SENSING
21810.0,2979.922,2465.654,5891.961,-6.8,1.338,2.961,25.33,MEASURING
21810.0,2979.922,2465.654,5891.961,-6.8,1.338,2.961,25.33,SENSING
21810.0,2979.922,2465.654,5891.961,-6.8,1.338,2.961,25.33,LISTENING
21816.15,2938.069,2473.815,5910.034,-6.821,1.321,2.92,25.33,SENSING
21816.15,2938.069,2473.815,5910.034,-6.821,1.321,2.92,25.33,MANEUVERING
21816.15,2938.069,2473.815,5910.034,-6.821,1.321,2.92,25.33,LISTENING
21820.0,2911.804,2478.87,5921.219,-6.833,1.31,2.894,29.18,MANEUVERING
21820.0,2911.804,2478.87,5921.219,-6.833,1.31,2.894,29.18,SENSING
21820.0,2911.804,2478.87,5921.219,-6.833,1.31,2.894,29.18,MEASURING
21820.0,2911.804,2478.87,5921.219,-6.833,1.31,2.894,29.18,SENSING
21820.0,2911.804,2478.87,5921.219,-6.833,1.31,2.894,29.18,LISTENING
21830.0,2843.355,2491.805,5949.803,-6.866,1.282,2.826,29.18,SENSING
21830.0,2843.355,2491.805,5949.803,-6.866,1.282,2.826,29.18,MEASURING
21830.0,2843.355,2491.805,5949.803,-6.866,1.282,2.826,29.18,SENSING
21830.0,2843.355,2491.805,5949.803,-6.866,1.282,2.826,29.18,LISTENING
21840.0,2774.583,2504.458,5977.712,-6.898,1.253,2.758,29.18,SENSING
21840.0,2774.583,2504.458,5977.712,-6.898,1.253,2.758,29.18,LISTENING
21844.86,2741.046,2510.504,5991.03,-6.913,1.239,2.725,29.18,SENSING
21844.86,2741.046,2510.504,5991.03,-6.913,1.239,2.725,29.18,LISTENING
21850.0,2705.496,2516.826,6004.941,-6.929,1.225,2.69,29.18,SENSING
21850.0,2705.496,2516.826,6004.941,-6.929,1.225,2.69,29.18,MEASURING
21850.0,2705.496,2516.826,6004.941,-6.929,1.225,2.69,29.18,SENSING
21850.0,2705.496,2516.826,6004.941,-6.929,1.225,2.69,29.18,LISTENING
21855.15,2669.795,2523.085,6018.698,-6.945,1.21,2.655,29.18,SENSING
21855.15,2669.795,2523.085,6018.698,-6.945,1.21,2.655,29.18,LISTENING
21860.0,2636.101,2528.91,6031.488,-6.959,1.196,2.622,29.18,SENSING
21860.0,2636.101,2528.91,6031.488,-6.959,1.196,2.622,29.18,MEASURING
21860.0,2636.101,2528.91,6031.488,-6.959,1.196,2.622,29.18,SENSING
21860.0,2636.101,2528.91,6031.488,-6.959,1.196,2.622,29.18,LISTENING
21870.0,2566.408,2540.707,6057.35,-6.989,1.167,2.553,29.18,SENSING
21870.0,2566.408,2540.707,6057.35,-6.989,1.167,2.553,29.18,MEASURING
21870.0,2566.408,2540.707,6057.35,-6.989,1.167,2.553,29.18,SENSING
21870.0,2566.408,2540.707,6057.35,-6.989,1.167,2.553,29.18,LISTENING
21875.13,2530.541,2546.647,6070.35,-7.004,1.153,2.518,29.18,SENSING
21875.13,2530.541,2546.647,6070.35,-7.004,1.153,2.518,29.18,MANEUVERING
21875.13,2530.541,2546.647,6070.35,-7.004,1.153,2.518,29.18,LISTENING
21890.0,2426.155,2563.437,6107.008,-7.046,1.109,2.415,14.31,MANEUVERING
21890.0,2426.155,2563.437,6107.008,-7.046,1.109,2.415,14.31,SENSING
21890.0,2426.155,2563.437,6107.008,-7.046,1.109,2.415,14.31,MANEUVERING
21890.0,2426.155,2563.437,6107.008,-7.046,1.109,2.415,14.31,LISTENING
21900.0,2355.611,2574.368,6130.799,-7.073,1.08,2.346,4.31,MANEUVERING
21900.0,2355.611,2574.368,6130.799,-7.073,1.08,2.346,4.31,SENSING
21900.0,2355.611,2574.368,6130.799,-7.073,1.08,2.346,4.31,MEASURING
21900.0,2355.611,2574.368,6130.799,-7.073,1.08,2.346,4.31,SENSING
21900.0,2355.611,2574.368,6130.799,-7.073,1.08,2.346,4.31,LISTENING
21905.24,2318.54,2579.979,6142.988,-7.087,1.065,2.309,4.31,SENSING
21905.24,2318.54,2579.979,6142.988,-7.087,1.065,2.309,4.31,MANEUVERING
21905.24,2318.54,2579.979,6142.988,-7.087,1.065,2.309,4.31,LISTENING
21912.05,2270.253,2587.152,6158.543,-7.104,1.045,2.262,-2.5,MANEUVERING
21912.05,2270.253,2587.152,6158.543,-7.104,1.045,2.262,-2.5,SENSING
21912.05,2270.253,2587.152,6158.543,-7.104,1.045,2.262,-2.5,MANEUVERING
21912.05,2270.253,2587.152,6158.543,-7.104,1.045,2.262,-2.5,LISTENING
21920.0,2213.732,2595.354,6176.292,-7.125,1.022,2.206,-10.45,MANEUVERING
21920.0,2213.732,2595.354,6176.292,-7.125,1.022,2.206,-10.45,SENSING
21920.0,2213.732,2595.354,6176.292,-7.125,1.022,2.206,-10.45,MANEUVERING
21920.0,2213.732,2595.354,6176.292,-7.125,1.022,2.206,-10.45,LISTENING
21930.0,2142.412,2605.407,6197.99,-7.149,0.992,2.136,-20.45,MANEUVERING
21930.0,2142.412,2605.407,6197.99,-7.149,0.992,2.136,-20.45,SENSING
21930.0,2142.412,2605.407,6197.99,-7.149,0.992,2.136,-20.45,MEASURING
21930.0,2142.412,2605.407,6197.99,-7.149,0.992,2.136,-20.45,SENSING
21930.0,2142.412,2605.407,6197.99,-7.149,0.992,2.136,-20.45,LISTENING
21945.87,2028.732,2620.757,6230.981,-7.187,0.945,2.024,-20.45,SENSING
21945.87,2028.732,2620.757,6230.981,-7.187,0.945,2.024,-20.45,MANEUVERING
21945.87,2028.732,2620.757,6230.981,-7.187,0.945,2.024,-20.45,LISTENING
21950.0,1999.051,2624.629,6239.276,-7.196,0.933,1.995,-16.32,MANEUVERING
21950.0,1999.051,2624.629,6239.276,-7.196,0.933,1.995,-16.32,SENSING
21950.0,1999.051,2624.629,6239.276,-7.196,0.933,1.995,-16.32,MEASURING
21950.0,1999.051,2624.629,6239.276,-7.196,0.933,1.995,-16.32,SENSING
21950.0,1999.051,2624.629,6239.276,-7.196,0.933,1.995,-16.32,LISTENING
21960.0,1927.028,2633.796,6258.86,-7.219,0.903,1.924,-16.32,SENSING
21960.0,1927.028,2633.796,6258.86,-7.219,0.903,1.924,-16.32,MEASURING
21960.0,1927.028,2633.796,6258.86,-7.219,0.903,1.924,-16.32,SENSING
21960.0,1927.028,2633.796,6258.86,-7.219,0.903,1.924,-16.32,LISTENING
21970.0,1854.786,2642.666,6277.735,-7.24,0.874,1.853,-16.32,SENSING
21970.0,1854.786,2642.666,6277.735,-7.24,0.874,1.853,-16.32,MEASURING
21970.0,1854.786,2642.666,6277.735,-7.24,0.874,1.853,-16.32,SENSING
21970.0,1854.786,2642.666,6277.735,-7.24,0.874,1.853,-16.32,LISTENING
21975.41,1815.615,2647.34,6287.65,-7.251,0.857,1.814,-16.32,SENSING
21975.41,1815.615,2647.34,6287.65,-7.251,0.857,1.814,-16.32,MANEUVERING
21975.41,1815.615,2647.34,6287.65,-7.251,0.857,1.814,-16.32,LISTENING
21990.0,1709.681,2659.509,6313.352,-7.28,0.814,1.71,-1.73,MANEUVERING
21990.0,1709.681,2659.509,6313.352,-7.28,0.814,1.71,-1.73,SENSING
21990.0,1709.681,2659.509,6313.352,-7.28,0.814,1.71,-1.73,MEASURING
21990.0,1709.681,2659.509,6313.352,-7.28,0.814,1.71,-1.73,SENSING
21990.0,1709.681,2659.509,6313.352,-7.28,0.814,1.71,-1.73,LISTENING
21997.54,1654.773,2665.548,6326.039,-7.295,0.791,1.656,-1.73,SENSING
21997.54,1654.773,2665.548,6326.039,-7.295,0.791,1.656,-1.73,LISTENING
22006.49,1589.458,2672.494,6340.57,-7.311,0.764,1.592,-1.73,SENSING
22006.49,1589.458,2672.494,6340.57,-7.311,0.764,1.592,-1.73,MANEUVERING
22006.49,1589.458,2672.494,6340.57,-7.311,0.764,1.592,-1.73,LISTENING
22030.0,1417.218,2689.589,6376.004,-7.351,0.693,1.423,21.78,MANEUVERING
22030.0,1417.218,2689.589,6376.004,-7.351,0.693,1.423,21.78,SENSING
22030.0,1417.218,2689.589,6376.004,-7.351,0.693,1.423,21.78,MANEUVERING
22030.0,1417.218,2689.589,6376.004,-7.351,0.693,1.423,21.78,LISTENING
22040.0,1343.682,2696.353,6389.869,-7.367,0.662,1.351,31.78,MANEUVERING
22040.0,1343.682,2696.353,6389.869,-7.367,0.662,1.351,31.78,SENSING
22040.0,1343.682,2696.353,6389.869,-7.367,0.662,1.351,31.78,MEASURING
22040.0,1343.682,2696.353,6389.869,-7.367,0.662,1.351,31.78,SENSING
22040.0,1343.682,2696.353,6389.869,-7.367,0.662,1.351,31.78,LISTENING
22044.06,1313.782,2699.013,6395.293,-7.373,0.65,1.322,31.78,SENSING
22044.06,1313.782,2699.013,6395.293,-7.373,0.65,1.322,31.78,LISTENING
22045.54,1302.877,2699.97,6397.24,-7.375,0.645,1.311,31.78,SENSING
22045.54,1302.877,2699.97,6397.24,-7.375,0.645,1.311,31.78,MANEUVERING
22045.54,1302.877,2699.97,6397.24,-7.375,0.645,1.311,31.78,LISTENING
22050.0,1269.994,2702.814,6403.013,-7.381,0.632,1.279,27.32,MANEUVERING
22050.0,1269.994,2702.814,6403.013,-7.381,0.632,1.279,27.32,SENSING
22050.0,1269.994,2702.814,6403.013,-7.381,0.632,1.279,27.32,MEASURING
22050.0,1269.994,2702.814,6403.013,-7.381,0.632,1.279,27.32,SENSING
22050.0,1269.994,2702.814,6403.013,-7.381,0.632,1.279,27.32,LISTENING
22059.9,1196.901,2708.91,6415.314,-7.395,0.602,1.207,27.32,SENSING
22059.9,1196.901,2708.91,6415.314,-7.395,0.602,1.207,27.32,MANEUVERING
22059.9,1196.901,2708.91,6415.314,-7.395,0.602,1.207,27.32,LISTENING
22070.0,1122.196,2714.821,6427.131,-7.408,0.571,1.134,17.22,MANEUVERING
22070.0,1122.196,2714.821,6427.131,-7.408,0.571,1.134,17.22,SENSING
22070.0,1122.196,2714.821,6427.131,-7.408,0.571,1.134,17.22,MEASURING
22070.0,1122.196,2714.821,6427.131,-7.408,0.571,1.134,17.22,SENSING
22070.0,1122.196,2714.821,6427.131,-7.408,0.571,1.134,17.22,LISTENING
22077.05,1069.973,2718.762,6434.942,-7.417,0.549,1.083,17.22,SENSING
22077.05,1069.973,2718.762,6434.942,-7.417,0.549,1.083,17.22,MANEUVERING
22077.05,1069.973,2718.762,6434.942,-7.417,0.549,1.083,17.22,LISTENING
22080.0,1048.102,2720.366,6438.103,-7.421,0.54,1.061,14.27,MANEUVERING
22080.0,1048.102,2720.366,6438.103,-7.421,0.54,1.061,14.27,SENSING
22080.0,1048.102,2720.366,6438.103,-7.421,0.54,1.061,14.27,MEASURING
22080.0,1048.102,2720.366,6438.103,-7.421,0.54,1.061,14.27,SENSING
22080.0,1048.102,2720.366,6438.103,-7.421,0.54,1.061,14.27,LISTENING
22100.0,899.57,2730.539,6457.867,-7.443,0.479,0.916,14.27,SENSING
22100.0,899.57,2730.539,6457.867,-7.443,0.479,0.916,14.27,MEASURING
22100.0,899.57,2730.539,6457.867,-7.443,0.479,0.916,14.27,SENSING
22100.0,899.57,2730.539,6457.867,-7.443,0.479,0.916,14.27,LISTENING
22110.0,825.148,2735.165,6466.657,-7.452,0.448,0.843,14.27,SENSING
22110.0,825.148,2735.165,6466.657,-7.452,0.448,0.843,14.27,LISTENING
22112.57,806.006,2736.304,6468.799,-7.455,0.44,0.824,14.27,SENSING
22112.57,806.006,2736.304,6468.799,-7.455,0.44,0.824,14.27,MANEUVERING
22112.57,806.006,2736.304,6468.799,-7.455,0.44,0.824,14.27,LISTENING
22120.0,750.632,2739.483,6474.719,-7.461,0.417,0.77,21.7,MANEUVERING
22120.0,750.632,2739.483,6474.719,-7.461,0.417,0.77,21.7,SENSING
22120.0,750.632,2739.483,6474.719,-7.461,0.417,0.77,21.7,MEASURING
22120.0,750.632,2739.483,6474.719,-7.461,0.417,0.77,21.7,SENSING
22120.0,750.632,2739.483,6474.719,-7.461,0.417,0.77,21.7,LISTENING
22123.29,726.098,2740.837,6477.212,-7.464,0.407,0.746,21.7,SENSING
22123.29,726.098,2740.837,6477.212,-7.464,0.407,0.746,21.7,LISTENING
22133.68,648.56,2744.892,6484.566,-7.472,0.375,0.67,21.7,SENSING
22133.68,648.56,2744.892,6484.566,-7.472,0.375,0.67,21.7,MANEUVERING
22133.68,648.56,2744.892,6484.566,-7.472,0.375,0.67,21.7,LISTENING
22140.0,601.357,2747.196,6488.653,-7.476,0.355,0.624,15.38,MANEUVERING
22140.0,601.357,2747.196,6488.653,-7.476,0.355,0.624,15.38,SENSING
22140.0,601.357,2747.196,6488.653,-7.476,0.355,0.624,15.38,MEASURING
22140.0,601.357,2747.196,6488.653,-7.476,0.355,0.624,15.38,SENSING
22140.0,601.357,2747.196,6488.653,-7.476,0.355,0.624,15.38,LISTENING
22150.0,526.613,2750.591,6494.525,-7.483,0.324,0.551,15.38,SENSING
22150.0,526.613,2750.591,6494.525,-7.483,0.324,0.551,15.38,MEASURING
22150.0,526.613,2750.591,6494.525,-7.483,0.324,0.551,15.38,SENSING
22150.0,526.613,2750.591,6494.525,-7.483,0.324,0.551,15.38,LISTENING
22155.02,489.069,2752.178,6497.197,-7.486,0.309,0.514,15.38,SENSING
22155.02,489.069,2752.178,6497.197,-7.486,0.309,0.514,15.38,MANEUVERING
22155.02,489.069,2752.178,6497.197,-7.486,0.309,0.514,15.38,LISTENING
22160.0,451.81,2753.676,6499.666,-7.488,0.293,0.478,20.36,MANEUVERING
22160.0,451.81,2753.676,6499.666,-7.488,0.293,0.478,20.36,SENSING
22160.0,451.81,2753.676,6499.666,-7.488,0.293,0.478,20.36,MEASURING
22160.0,451.81,2753.676,6499.666,-7.488,0.293,0.478,20.36,SENSING
22160.0,451.81,2753.676,6499.666,-7.488,0.293,0.478,20.36,LISTENING
22165.42,411.245,2755.219,6502.146,-7.491,0.277,0.438,20.36,SENSING
22165.42,411.245,2755.219,6502.146,-7.491,0.277,0.438,20.36,LISTENING
22170.0,376.957,2756.452,6504.075,-7.493,0.263,0.405,20.36,SENSING
22170.0,376.957,2756.452,6504.075,-7.493,0.263,0.405,20.36,MEASURING
22170.0,376.957,2756.452,6504.075,-7.493,0.263,0.405,20.36,SENSING
22170.0,376.957,2756.452,6504.075,-7.493,0.263,0.405,20.36,LISTENING
22180.0,302.061,2758.919,6507.753,-7.497,0.232,0.331,20.36,SENSING
22180.0,302.061,2758.919,6507.753,-7.497,0.232,0.331,20.36,MEASURING
22180.0,302.061,2758.919,6507.753,-7.497,0.232,0.331,20.36,SENSING
22180.0,302.061,2758.919,6507.753,-7.497,0.232,0.331,20.36,LISTENING
22184.73,266.622,2759.978,6509.238,-7.498,0.217,0.297,20.36,SENSING
22184.73,266.622,2759.978,6509.238,-7.498,0.217,0.297,20.36,MANEUVERING
22184.73,266.622,2759.978,6509.238,-7.498,0.217,0.297,20.36,LISTENING
22188.85,235.749,2760.845,6510.397,-7.499,0.204,0.267,24.48,MANEUVERING
22188.85,235.749,2760.845,6510.397,-7.499,0.204,0.267,24.48,SENSING
22188.85,235.749,2760.845,6510.397,-7.499,0.204,0.267,24.48,MANEUVERING
22188.85,235.749,2760.845,6510.397,-7.499,0.204,0.267,24.48,LISTENING
22190.0,227.131,2761.077,6510.699,-7.5,0.201,0.258,25.63,MANEUVERING
22190.0,227.131,2761.077,6510.699,-7.5,0.201,0.258,25.63,SENSING
22190.0,227.131,2761.077,6510.699,-7.5,0.201,0.258,25.63,MEASURING
22190.0,227.131,2761.077,6510.699,-7.5,0.201,0.258,25.63,SENSING
22190.0,227.131,2761.077,6510.699,-7.5,0.201,0.258,25.63,LISTENING
22190.0,227.131,2761.077,6510.699,-7.5,0.201,0.258,25.63,SENSING
22190.0,227.131,2761.077,6510.699,-7.5,0.201,0.258,25.63,MESSAGING
22190.0,227.131,2761.077,6510.699,-7.5,0.201,0.258,25.63,SENSING
22190.0,227.131,2761.077,6510.699,-7.5,0.201,0.258,25.63,LISTENING
22190.0,227.131,2761.077,6510.699,-7.5,0.201,0.258,25.63,SENSING
22190.0,227.131,2761.077,6510.699,-7.5,0.201,0.258,25.63,LISTENING
22190.0,227.131,2761.077,6510.699,-7.5,0.201,0.258,25.63,SENSING
22190.0,227.131,2761.077,6510.699,-7.5,0.201,0.258,25.63,LISTENING
22190.0,227.131,2761.077,6510.699,-7.5,0.201,0.258,25.63,SENSING
22190.0,227.131,2761.077,6510.699,-7.5,0.201,0.258,25.63,MESSAGING
22190.0,227.131,2761.077,6510.699,-7.5,0.201,0.258,25.63,SENSING
22190.0,227.131,2761.077,6510.699,-7.5,0.201,0.258,25.63,LISTENING
22190.0,227.131,2761.077,6510.699,-7.5,0.201,0.258,25.63,SENSING
22190.0,227.131,2761.077,6510.699,-7.5,0.201,0.258,25.63,LISTENING
22190.0,227.131,2761.077,6510.699,-7.5,0.201,0.258,25.63,SENSING
22190.0,227.131,2761.077,6510.699,-7.5,0.201,0.258,25.63,LISTENING
22190.0,227.131,2761.077,6510.699,-7.5,0.201,0.258,25.63,SENSING
22190.0,227.131,2761.077,6510.699,-7.5,0.201,0.258,25.63,LISTENING
22195.59,185.233,2762.148,6512.027,-7.501,0.183,0.217,25.63,SENSING
22195.59,185.233,2762.148,6512.027,-7.501,0.183,0.217,25.63,MANEUVERING
22195.59,185.233,2762.148,6512.027,-7.501,0.183,0.217,25.63,LISTENING
22200.0,152.175,2762.925,6512.913,-7.502,0.169,0.185,21.22,MANEUVERING
22200.0,152.175,2762.925,6512.913,-7.502,0.169,0.185,21.22,SENSING
22200.0,152.175,2762.925,6512.913,-7.502,0.169,0.185,21.22,MEASURING
22200.0,152.175,2762.925,6512.913,-7.502,0.169,0.185,21.22,SENSING
22200.0,152.175,2762.925,6512.913,-7.502,0.169,0.185,21.22,MESSAGING
22200.0,152.175,2762.925,6512.913,-7.502,0.169,0.185,21.22,MESSAGING
22200.0,152.175,2762.925,6512.913,-7.502,0.169,0.185,21.22,SENSING
22200.0,152.175,2762.925,6512.913,-7.502,0.169,0.185,21.22,LISTENING
22200.0,152.175,2762.925,6512.913,-7.502,0.169,0.185,21.22,SENSING
22200.0,152.175,2762.925,6512.913,-7.502,0.169,0.185,21.22,LISTENING
22200.0,152.175,2762.925,6512.913,-7.502,0.169,0.185,21.22,SENSING
22200.0,152.175,2762.925,6512.913,-7.502,0.169,0.185,21.22,LISTENING
22200.0,152.175,2762.925,6512.913,-7.502,0.169,0.185,21.22,SENSING
22200.0,152.175,2762.925,6512.913,-7.502,0.169,0.185,21.22,LISTENING
22200.0,152.175,2762.925,6512.913,-7.502,0.169,0.185,21.22,SENSING
22200.0,152.175,2762.925,6512.913,-7.502,0.169,0.185,21.22,LISTENING
22200.0,152.175,2762.925,6512.913,-7.502,0.169,0.185,21.22,SENSING
22200.0,152.175,2762.925,6512.913,-7.502,0.169,0.185,21.22,LISTENING
22200.0,152.175,2762.925,6512.913,-7.502,0.169,0.185,21.22,SENSING
22200.0,152.175,2762.925,6512.913,-7.502,0.169,0.185,21.22,MEASURING
22200.0,152.175,2762.925,6512.913,-7.502,0.169,0.185,21.22,MESSAGING
22200.0,152.175,2762.925,6512.913,-7.502,0.169,0.185,21.22,SENSING
22200.0,152.175,2762.925,6512.913,-7.502,0.169,0.185,21.22,MESSAGING
22200.0,152.175,2762.925,6512.913,-7.502,0.169,0.185,21.22,SENSING
22200.0,152.175,2762.925,6512.913,-7.502,0.169,0.185,21.22,LISTENING
22200.0,152.175,2762.925,6512.913,-7.502,0.169,0.185,21.22,SENSING
22200.0,152.175,2762.925,6512.913,-7.502,0.169,0.185,21.22,LISTENING
22200.0,152.175,2762.925,6512.913,-7.502,0.169,0.185,21.22,SENSING
22200.0,152.175,2762.925,6512.913,-7.502,0.169,0.185,21.22,LISTENING
22200.0,152.175,2762.925,6512.913,-7.502,0.169,0.185,21.22,SENSING
22200.0,152.175,2762.925,6512.913,-7.502,0.169,0.185,21.22,MESSAGING
22200.0,152.175,2762.925,6512.913,-7.502,0.169,0.185,21.22,SENSING
22200.0,152.175,2762.925,6512.913,-7.502,0.169,0.185,21.22,LISTENING
22200.0,152.175,2762.925,6512.913,-7.502,0.169,0.185,21.22,SENSING
22200.0,152.175,2762.925,6512.913,-7.502,0.169,0.185,21.22,LISTENING
22200.0,152.175,2762.925,6512.913,-7.502,0.169,0.185,21.22,SENSING
22200.0,152.175,2762.925,6512.913,-7.502,0.169,0.185,21.22,LISTENING
22200.0,152.175,2762.925,6512.913,-7.502,0.169,0.185,21.22,SENSING
22200.0,152.175,2762.925,6512.913,-7.502,0.169,0.185,21.22,LISTENING
22200.0,152.175,2762.925,6512.913,-7.502,0.169,0.185,21.22,SENSING
22200.0,152.175,2762.925,6512.913,-7.502,0.169,0.185,21.22,LISTENING
22200.0,152.175,2762.925,6512.913,-7.502,0.169,0.185,21.22,SENSING
22200.0,152.175,2762.925,6512.913,-7.502,0.169,0.185,21.22,LISTENING
22200.0,152.175,2762.925,6512.913,-7.502,0.169,0.185,21.22,SENSING
22200.0,152.175,2762.925,6512.913,-7.502,0.169,0.185,21.22,LISTENING
22200.0,152.175,2762.925,6512.913,-7.502,0.169,0.185,21.22,SENSING
22200.0,152.175,2762.925,6512.913,-7.502,0.169,0.185,21.22,LISTENING
22210.0,77.203,2764.464,6514.396,-7.503,0.138,0.112,21.22,SENSING
22210.0,77.203,2764.464,6514.396,-7.503,0.138,0.112,21.22,MEASURING
22210.0,77.203,2764.464,6514.396,-7.503,0.138,0.112,21.22,SENSING
22210.0,77.203,2764.464,6514.396,-7.503,0.138,0.112,21.22,LISTENING
22214.53,43.237,2765.059,6514.826,-7.503,0.124,0.079,21.22,SENSING
22214.53,43.237,2765.059,6514.826,-7.503,0.124,0.079,21.22,MANEUVERING
22214.53,43.237,2765.059,6514.826,-7.503,0.124,0.079,21.22,LISTENING
22220.0,2.221,2765.692,6515.146,-7.504,0.107,0.038,26.69,MANEUVERING
22220.0,2.221,2765.692,6515.146,-7.504,0.107,0.038,26.69,SENSING
22220.0,2.221,2765.692,6515.146,-7.504,0.107,0.038,26.69,MEASURING
22220.0,2.221,2765.692,6515.146,-7.504,0.107,0.038,26.69,SENSING
22220.0,2.221,2765.692,6515.146,-7.504,0.107,0.038,26.69,LISTENING
22230.0,-72.76,2766.611,6515.165,-7.503,0.076,-0.035,26.69,SENSING
22230.0,-72.76,2766.611,6515.165,-7.503,0.076,-0.035,26.69,LISTENING
22240.0,-147.733,2767.22,6514.452,-7.502,0.045,-0.108,26.69,SENSING
22240.0,-147.733,2767.22,6514.452,-7.502,0.045,-0.108,26.69,LISTENING
22245.5,-188.962,2767.424,6513.749,-7.501,0.028,-0.148,26.69,SENSING
22245.5,-188.962,2767.424,6513.749,-7.501,0.028,-0.148,26.69,MANEUVERING
22245.5,-188.962,2767.424,6513.749,-7.501,0.028,-0.148,26.69,LISTENING
22250.0,-222.69,2767.52,6513.009,-7.5,0.014,-0.181,22.19,MANEUVERING
22250.0,-222.69,2767.52,6513.009,-7.5,0.014,-0.181,22.19,SENSING
22250.0,-222.69,2767.52,6513.009,-7.5,0.014,-0.181,22.19,MEASURING
22250.0,-222.69,2767.52,6513.009,-7.5,0.014,-0.181,22.19,SENSING
22250.0,-222.69,2767.52,6513.009,-7.5,0.014,-0.181,22.19,LISTENING
22255.43,-263.381,2767.553,6511.919,-7.498,-0.003,-0.221,22.19,SENSING
22255.43,-263.381,2767.553,6511.919,-7.498,-0.003,-0.221,22.19,MANEUVERING
22255.43,-263.381,2767.553,6511.919,-7.498,-0.003,-0.221,22.19,LISTENING
22260.0,-297.621,2767.51,6510.834,-7.497,-0.017,-0.254,17.62,MANEUVERING
22260.0,-297.621,2767.51,6510.834,-7.497,-0.017,-0.254,17.62,SENSING
22260.0,-297.621,2767.51,6510.834,-7.497,-0.017,-0.254,17.62,MEASURING
22260.0,-297.621,2767.51,6510.834,-7.497,-0.017,-0.254,17.62,SENSING
22260.0,-297.621,2767.51,6510.834,-7.497,-0.017,-0.254,17.62,LISTENING
22272.47,-391.014,2767.063,6507.1,-7.492,-0.055,-0.345,17.62,SENSING
22272.47,-391.014,2767.063,6507.1,-7.492,-0.055,-0.345,17.62,MANEUVERING
22272.47,-391.014,2767.063,6507.1,-7.492,-0.055,-0.345,17.62,LISTENING
22280.0,-447.376,2766.561,6504.296,-7.489,-0.079,-0.4,25.15,MANEUVERING
22280.0,-447.376,2766.561,6504.296,-7.489,-0.079,-0.4,25.15,SENSING
22280.0,-447.376,2766.561,6504.296,-7.489,-0.079,-0.4,25.15,MEASURING
22280.0,-447.376,2766.561,6504.296,-7.489,-0.079,-0.4,25.15,SENSING
22280.0,-447.376,2766.561,6504.296,-7.489,-0.079,-0.4,25.15,LISTENING
22283.94,-476.856,2766.228,6502.663,-7.487,-0.091,-0.429,25.15,SENSING
22283.94,-476.856,2766.228,6502.663,-7.487,-0.091,-0.429,25.15,LISTENING
22290.0,-522.183,2765.622,6499.932,-7.483,-0.11,-0.473,25.15,SENSING
22290.0,-522.183,2765.622,6499.932,-7.483,-0.11,-0.473,25.15,LISTENING
22290.0,-522.183,2765.622,6499.932,-7.483,-0.11,-0.473,25.15,SENSING
22290.0,-522.183,2765.622,6499.932,-7.483,-0.11,-0.473,25.15,LISTENING
22299.15,-590.579,2764.493,6495.302,-7.477,-0.138,-0.54,25.15,SENSING
22299.15,-590.579,2764.493,6495.302,-7.477,-0.138,-0.54,25.15,MANEUVERING
22299.15,-590.579,2764.493,6495.302,-7.477,-0.138,-0.54,25.15,LISTENING
22313.65,-698.852,2762.173,6486.716,-7.467,-0.183,-0.645,10.65,MANEUVERING
22313.65,-698.852,2762.173,6486.716,-7.467,-0.183,-0.645,10.65,SENSING
22313.65,-698.852,2762.173,6486.716,-7.467,-0.183,-0.645,10.65,MANEUVERING
22313.65,-698.852,2762.173,6486.716,-7.467,-0.183,-0.645,10.65,LISTENING
22320.0,-746.217,2760.953,6482.476,-7.462,-0.202,-0.691,4.3,MANEUVERING
22320.0,-746.217,2760.953,6482.476,-7.462,-0.202,-0.691,4.3,SENSING
22320.0,-746.217,2760.953,6482.476,-7.462,-0.202,-0.691,4.3,MEASURING
22320.0,-746.217,2760.953,6482.476,-7.462,-0.202,-0.691,4.3,SENSING
22320.0,-746.217,2760.953,6482.476,-7.462,-0.202,-0.691,4.3,LISTENING
22330.0,-820.739,2758.78,6475.204,-7.453,-0.233,-0.764,4.3,SENSING
22330.0,-820.739,2758.78,6475.204,-7.453,-0.233,-0.764,4.3,LISTENING
22337.29,-875.009,2757.002,6469.446,-7.446,-0.256,-0.817,4.3,SENSING
22337.29,-875.009,2757.002,6469.446,-7.446,-0.256,-0.817,4.3,LISTENING
22340.0,-895.17,2756.299,6467.208,-7.444,-0.264,-0.836,4.3,SENSING
22340.0,-895.17,2756.299,6467.208,-7.444,-0.264,-0.836,4.3,LISTENING
22407.07,-1391.382,2731.731,6394.942,-7.358,-0.47,-1.319,4.3,SENSING
22407.07,-1391.382,2731.731,6394.942,-7.358,-0.47,-1.319,4.3,MANEUVERING
22407.07,-1391.382,2731.731,6394.942,-7.358,-0.47,-1.319,4.3,LISTENING
22410.0,-1412.918,2730.345,6391.05,-7.353,-0.479,-1.34,7.23,MANEUVERING
22410.0,-1412.918,2730.345,6391.05,-7.353,-0.479,-1.34,7.23,SENSING
22410.0,-1412.918,2730.345,6391.05,-7.353,-0.479,-1.34,7.23,MEASURING
22410.0,-1412.918,2730.345,6391.05,-7.353,-0.479,-1.34,7.23,SENSING
22410.0,-1412.918,2730.345,6391.05,-7.353,-0.479,-1.34,7.23,LISTENING
22420.76,-1491.888,2725.029,6376.23,-7.336,-0.511,-1.416,7.23,SENSING
22420.76,-1491.888,2725.029,6376.23,-7.336,-0.511,-1.416,7.23,MANEUVERING
22420.76,-1491.888,2725.029,6376.23,-7.336,-0.511,-1.416,7.23,LISTENING
22430.0,-1559.55,2720.185,6362.846,-7.32,-0.539,-1.482,16.47,MANEUVERING
22430.0,-1559.55,2720.185,6362.846,-7.32,-0.539,-1.482,16.47,SENSING
22430.0,-1559.55,2720.185,6362.846,-7.32,-0.539,-1.482,16.47,MEASURING
22430.0,-1559.55,2720.185,6362.846,-7.32,-0.539,-1.482,16.47,SENSING
22430.0,-1559.55,2720.185,6362.846,-7.32,-0.539,-1.482,16.47,LISTENING
22441.52,-1643.698,2713.783,6345.311,-7.299,-0.574,-1.564,16.47,SENSING
22441.52,-1643.698,2713.783,6345.311,-7.299,-0.574,-1.564,16.47,MANEUVERING
22441.52,-1643.698,2713.783,6345.311,-7.299,-0.574,-1.564,16.47,LISTENING
22450.0,-1705.486,2708.814,6331.803,-7.284,-0.6,-1.624,24.95,MANEUVERING
22450.0,-1705.486,2708.814,6331.803,-7.284,-0.6,-1.624,24.95,SENSING
22450.0,-1705.486,2708.814,6331.803,-7.284,-0.6,-1.624,24.95,MEASURING
22450.0,-1705.486,2708.814,6331.803,-7.284,-0.6,-1.624,24.95,SENSING
22450.0,-1705.486,2708.814,6331.803,-7.284,-0.6,-1.624,24.95,LISTENING
22461.77,-1791.018,2701.559,6312.213,-7.261,-0.635,-1.707,24.95,SENSING
22461.77,-1791.018,2701.559,6312.213,-7.261,-0.635,-1.707,24.95,MANEUVERING
22461.77,-1791.018,2701.559,6312.213,-7.261,-0.635,-1.707,24.95,LISTENING
22470.0,-1850.661,2696.239,6297.936,-7.244,-0.66,-1.765,16.72,MANEUVERING
22470.0,-1850.661,2696.239,6297.936,-7.244,-0.66,-1.765,16.72,SENSING
22470.0,-1850.661,2696.239,6297.936,-7.244,-0.66,-1.765,16.72,MEASURING
22470.0,-1850.661,2696.239,6297.936,-7.244,-0.66,-1.765,16.72,SENSING
22470.0,-1850.661,2696.239,6297.936,-7.244,-0.66,-1.765,16.72,LISTENING
22477.98,-1908.36,2690.887,6283.638,-7.227,-0.684,-1.821,16.72,SENSING
22477.98,-1908.36,2690.887,6283.638,-7.227,-0.684,-1.821,16.72,MANEUVERING
22477.98,-1908.36,2690.887,6283.638,-7.227,-0.684,-1.821,16.72,LISTENING
22520.0,-2209.854,2659.573,6201.028,-7.131,-0.809,-2.113,-25.3,MANEUVERING
22520.0,-2209.854,2659.573,6201.028,-7.131,-0.809,-2.113,-25.3,SENSING
22520.0,-2209.854,2659.573,6201.028,-7.131,-0.809,-2.113,-25.3,MEASURING
22520.0,-2209.854,2659.573,6201.028,-7.131,-0.809,-2.113,-25.3,SENSING
22520.0,-2209.854,2659.573,6201.028,-7.131,-0.809,-2.113,-25.3,LISTENING
22540.0,-2351.866,2642.834,6157.419,-7.08,-0.868,-2.25,-25.3,SENSING
22540.0,-2351.866,2642.834,6157.419,-7.08,-0.868,-2.25,-25.3,MEASURING
22540.0,-2351.866,2642.834,6157.419,-7.08,-0.868,-2.25,-25.3,SENSING
22540.0,-2351.866,2642.834,6157.419,-7.08,-0.868,-2.25,-25.3,LISTENING
22543.04,-2373.362,2640.187,6150.55,-7.072,-0.877,-2.271,-25.3,SENSING
22543.04,-2373.362,2640.187,6150.55,-7.072,-0.877,-2.271,-25.3,LISTENING
22567.49,-2545.342,2617.915,6093.014,-7.005,-0.948,-2.438,-25.3,SENSING
22567.49,-2545.342,2617.915,6093.014,-7.005,-0.948,-2.438,-25.3,MANEUVERING
22567.49,-2545.342,2617.915,6093.014,-7.005,-0.948,-2.438,-25.3,LISTENING
22570.0,-2562.904,2615.53,6086.877,-6.998,-0.956,-2.455,-27.81,MANEUVERING
22570.0,-2562.904,2615.53,6086.877,-6.998,-0.956,-2.455,-27.81,SENSING
22570.0,-2562.904,2615.53,6086.877,-6.998,-0.956,-2.455,-27.81,MEASURING
22570.0,-2562.904,2615.53,6086.877,-6.998,-0.956,-2.455,-27.81,SENSING
22570.0,-2562.904,2615.53,6086.877,-6.998,-0.956,-2.455,-27.81,LISTENING
22576.22,-2606.346,2609.542,6071.487,-6.98,-0.974,-2.497,-27.81,SENSING
22576.22,-2606.346,2609.542,6071.487,-6.98,-0.974,-2.497,-27.81,MANEUVERING
22576.22,-2606.346,2609.542,6071.487,-6.98,-0.974,-2.497,-27.81,LISTENING
22580.0,-2632.691,2605.848,6062.007,-6.969,-0.985,-2.522,-31.59,MANEUVERING
22580.0,-2632.691,2605.848,6062.007,-6.969,-0.985,-2.522,-31.59,SENSING
22580.0,-2632.691,2605.848,6062.007,-6.969,-0.985,-2.522,-31.59,MEASURING
22580.0,-2632.691,2605.848,6062.007,-6.969,-0.985,-2.522,-31.59,SENSING
22580.0,-2632.691,2605.848,6062.007,-6.969,-0.985,-2.522,-31.59,LISTENING
22590.0,-2702.186,2595.877,6036.464,-6.94,-1.013,-2.589,-31.59,SENSING
22590.0,-2702.186,2595.877,6036.464,-6.94,-1.013,-2.589,-31.59,MEASURING
22590.0,-2702.186,2595.877,6036.464,-6.94,-1.013,-2.589,-31.59,SENSING
22590.0,-2702.186,2595.877,6036.464,-6.94,-1.013,-2.589,-31.59,LISTENING
22595.35,-2739.243,2590.424,6022.523,-6.923,-1.029,-2.625,-31.59,SENSING
22595.35,-2739.243,2590.424,6022.523,-6.923,-1.029,-2.625,-31.59,MANEUVERING
22595.35,-2739.243,2590.424,6022.523,-6.923,-1.029,-2.625,-31.59,LISTENING
22600.0,-2771.381,2585.618,6010.25,-6.909,-1.042,-2.656,-26.94,MANEUVERING
22600.0,-2771.381,2585.618,6010.25,-6.909,-1.042,-2.656,-26.94,SENSING
22600.0,-2771.381,2585.618,6010.25,-6.909,-1.042,-2.656,-26.94,MEASURING
22600.0,-2771.381,2585.618,6010.25,-6.909,-1.042,-2.656,-26.94,SENSING
22600.0,-2771.381,2585.618,6010.25,-6.909,-1.042,-2.656,-26.94,LISTENING
22605.95,-2812.407,2579.379,5994.337,-6.891,-1.059,-2.696,-26.94,SENSING
22605.95,-2812.407,2579.379,5994.337,-6.891,-1.059,-2.696,-26.94,MANEUVERING
22605.95,-2812.407,2579.379,5994.337,-6.891,-1.059,-2.696,-26.94,LISTENING
22610.0,-2840.268,2575.074,5983.37,-6.878,-1.071,-2.723,-30.99,MANEUVERING
22610.0,-2840.268,2575.074,5983.37,-6.878,-1.071,-2.723,-30.99,SENSING
22610.0,-2840.268,2575.074,5983.37,-6.878,-1.071,-2.723,-30.99,MEASURING
22610.0,-2840.268,2575.074,5983.37,-6.878,-1.071,-2.723,-30.99,SENSING
22610.0,-2840.268,2575.074,5983.37,-6.878,-1.071,-2.723,-30.99,LISTENING
22620.0,-2908.841,2564.244,5955.825,-6.846,-1.099,-2.789,-30.99,SENSING
22620.0,-2908.841,2564.244,5955.825,-6.846,-1.099,-2.789,-30.99,MEASURING
22620.0,-2908.841,2564.244,5955.825,-6.846,-1.099,-2.789,-30.99,SENSING
22620.0,-2908.841,2564.244,5955.825,-6.846,-1.099,-2.789,-30.99,LISTENING
22628.79,-2968.85,2554.491,5931.068,-6.817,-1.124,-2.847,-30.99,SENSING
22628.79,-2968.85,2554.491,5931.068,-6.817,-1.124,-2.847,-30.99,LISTENING
22630.0,-2977.091,2553.131,5927.62,-6.814,-1.128,-2.855,-30.99,SENSING
22630.0,-2977.091,2553.131,5927.62,-6.814,-1.128,-2.855,-30.99,MEASURING
22630.0,-2977.091,2553.131,5927.62,-6.814,-1.128,-2.855,-30.99,SENSING
22630.0,-2977.091,2553.131,5927.62,-6.814,-1.128,-2.855,-30.99,LISTENING
22640.0,-3045.01,2541.735,5898.758,-6.78,-1.156,-2.921,-30.99,SENSING
22640.0,-3045.01,2541.735,5898.758,-6.78,-1.156,-2.921,-30.99,MEASURING
22640.0,-3045.01,2541.735,5898.758,-6.78,-1.156,-2.921,-30.99,SENSING
22640.0,-3045.01,2541.735,5898.758,-6.78,-1.156,-2.921,-30.99,LISTENING
22650.0,-3112.593,2530.059,5869.241,-6.746,-1.184,-2.986,-30.99,SENSING
22650.0,-3112.593,2530.059,5869.241,-6.746,-1.184,-2.986,-30.99,MEASURING
22650.0,-3112.593,2530.059,5869.241,-6.746,-1.184,-2.986,-30.99,SENSING
22650.0,-3112.593,2530.059,5869.241,-6.746,-1.184,-2.986,-30.99,LISTENING
22670.0,-3246.715,2505.867,5808.26,-6.675,-1.24,-3.115,-30.99,SENSING
22670.0,-3246.715,2505.867,5808.26,-6.675,-1.24,-3.115,-30.99,LISTENING
22670.0,-3246.715,2505.867,5808.26,-6.675,-1.24,-3.115,-30.99,SENSING
22670.0,-3246.715,2505.867,5808.26,-6.675,-1.24,-3.115,-30.99,LISTENING
22757.21,-3813.999,2387.598,5512.672,-6.335,-1.476,-3.662,-30.99,SENSING
22757.21,-3813.999,2387.598,5512.672,-6.335,-1.476,-3.662,-30.99,LISTENING
22760.0,-3831.643,2383.478,5502.436,-6.323,-1.483,-3.679,-30.99,SENSING
22760.0,-3831.643,2383.478,5502.436,-6.323,-1.483,-3.679,-30.99,LISTENING
22766.4,-3871.993,2373.951,5478.778,-6.295,-1.5,-3.718,-30.99,SENSING
22766.4,-3871.993,2373.951,5478.778,-6.295,-1.5,-3.718,-30.99,LISTENING
22770.0,-3894.612,2368.544,5465.361,-6.28,-1.509,-3.74,-30.99,SENSING
22770.0,-3894.612,2368.544,5465.361,-6.28,-1.509,-3.74,-30.99,LISTENING
22790.0,-4019.253,2337.895,5389.404,-6.193,-1.561,-3.86,-30.99,SENSING
22790.0,-4019.253,2337.895,5389.404,-6.193,-1.561,-3.86,-30.99,LISTENING
22794.15,-4044.895,2331.406,5373.344,-6.174,-1.572,-3.884,-30.99,SENSING
22794.15,-4044.895,2331.406,5373.344,-6.174,-1.572,-3.884,-30.99,LISTENING
22800.0,-4080.911,2322.184,5350.531,-6.148,-1.587,-3.919,-30.99,SENSING
22800.0,-4080.911,2322.184,5350.531,-6.148,-1.587,-3.919,-30.99,LISTENING
22864.92,-4469.953,2214.049,5084.008,-5.842,-1.749,-4.293,-30.99,SENSING
22864.92,-4469.953,2214.049,5084.008,-5.842,-1.749,-4.293,-30.99,LISTENING
22880.0,-4557.416,2187.443,5018.671,-5.766,-1.786,-4.377,-30.99,SENSING
22880.0,-4557.416,2187.443,5018.671,-5.766,-1.786,-4.377,-30.99,LISTENING
22880.0,-4557.416,2187.443,5018.671,-5.766,-1.786,-4.377,-30.99,SENSING
22880.0,-4557.416,2187.443,5018.671,-5.766,-1.786,-4.377,-30.99,LISTENING
22904.72,-4698.312,2142.651,4908.855,-5.64,-1.845,-4.512,-30.99,SENSING
22904.72,-4698.312,2142.651,4908.855,-5.64,-1.845,-4.512,-30.99,LISTENING
22917.86,-4771.925,2118.254,4849.132,-5.572,-1.876,-4.583,-30.99,SENSING
22917.86,-4771.925,2118.254,4849.132,-5.572,-1.876,-4.583,-30.99,LISTENING
22930.0,-4839.131,2095.357,4793.136,-5.508,-1.904,-4.647,-30.99,SENSING
22930.0,-4839.131,2095.357,4793.136,-5.508,-1.904,-4.647,-30.99,LISTENING
22943.61,-4913.541,2069.284,4729.435,-5.435,-1.935,-4.718,-30.99,SENSING
22943.61,-4913.541,2069.284,4729.435,-5.435,-1.935,-4.718,-30.99,LISTENING
22950.0,-4948.133,2056.898,4699.194,-5.4,-1.949,-4.752,-30.99,SENSING
22950.0,-4948.133,2056.898,4699.194,-5.4,-1.949,-4.752,-30.99,LISTENING
22960.0,-5001.821,2037.329,4651.446,-5.345,-1.972,-4.803,-30.99,SENSING
22960.0,-5001.821,2037.329,4651.446,-5.345,-1.972,-4.803,-30.99,LISTENING
22971.3,-5061.827,2014.947,4596.874,-5.283,-1.997,-4.861,-30.99,SENSING
22971.3,-5061.827,2014.947,4596.874,-5.283,-1.997,-4.861,-30.99,LISTENING
22980.0,-5107.542,1997.523,4554.419,-5.234,-2.016,-4.904,-30.99,SENSING
22980.0,-5107.542,1997.523,4554.419,-5.234,-2.016,-4.904,-30.99,LISTENING
22986.7,-5142.459,1983.991,4521.465,-5.196,-2.031,-4.938,-30.99,SENSING
22986.7,-5142.459,1983.991,4521.465,-5.196,-2.031,-4.938,-30.99,LISTENING
22990.0,-5159.564,1977.29,4505.152,-5.178,-2.038,-4.954,-30.99,SENSING
22990.0,-5159.564,1977.29,4505.152,-5.178,-2.038,-4.954,-30.99,LISTENING
22996.98,-5195.54,1963.039,4470.47,-5.138,-2.053,-4.989,-30.99,SENSING
22996.98,-5195.54,1963.039,4470.47,-5.138,-2.053,-4.989,-30.99,LISTENING
23017.37,-5299.032,1920.812,4367.794,-5.02,-2.097,-5.088,-30.99,SENSING
23017.37,-5299.032,1920.812,4367.794,-5.02,-2.097,-5.088,-30.99,LISTENING
23020.0,-5312.206,1915.301,4354.404,-5.005,-2.102,-5.1,-30.99,SENSING
23020.0,-5312.206,1915.301,4354.404,-5.005,-2.102,-5.1,-30.99,LISTENING
23040.0,-5411.061,1872.922,4251.505,-4.887,-2.144,-5.195,-30.99,SENSING
23040.0,-5411.061,1872.922,4251.505,-4.887,-2.144,-5.195,-30.99,LISTENING
23054.05,-5479.089,1842.66,4178.099,-4.803,-2.172,-5.26,-30.99,SENSING
23054.05,-5479.089,1842.66,4178.099,-4.803,-2.172,-5.26,-30.99,LISTENING
23060.0,-5507.541,1829.723,4146.738,-4.767,-2.184,-5.287,-30.99,SENSING
23060.0,-5507.541,1829.723,4146.738,-4.767,-2.184,-5.287,-30.99,LISTENING
23069.68,-5553.373,1808.526,4095.375,-4.709,-2.204,-5.331,-30.99,SENSING
23069.68,-5553.373,1808.526,4095.375,-4.709,-2.204,-5.331,-30.99,LISTENING
23080.0,-5601.605,1785.723,4040.152,-4.645,-2.224,-5.377,-30.99,SENSING
23080.0,-5601.605,1785.723,4040.152,-4.645,-2.224,-5.377,-30.99,LISTENING
23100.0,-5693.212,1740.942,3931.794,-4.522,-2.263,-5.464,-30.99,SENSING
23100.0,-5693.212,1740.942,3931.794,-4.522,-2.263,-5.464,-30.99,LISTENING
23110.0,-5738.083,1718.265,3876.965,-4.459,-2.282,-5.507,-30.99,SENSING
23110.0,-5738.083,1718.265,3876.965,-4.459,-2.282,-5.507,-30.99,LISTENING
23123.64,-5798.271,1687.03,3801.494,-4.373,-2.307,-5.565,-30.99,SENSING
23123.64,-5798.271,1687.03,3801.494,-4.373,-2.307,-5.565,-30.99,LISTENING
23130.0,-5825.932,1672.348,3766.038,-4.332,-2.319,-5.591,-30.99,SENSING
23130.0,-5825.932,1672.348,3766.038,-4.332,-2.319,-5.591,-30.99,LISTENING
23135.31,-5848.828,1660.034,3736.308,-4.298,-2.328,-5.613,-30.99,SENSING
23135.31,-5848.828,1660.034,3736.308,-4.298,-2.328,-5.613,-30.99,LISTENING
23140.0,-5868.901,1649.115,3709.953,-4.268,-2.337,-5.632,-30.99,SENSING
23140.0,-5868.901,1649.115,3709.953,-4.268,-2.337,-5.632,-30.99,LISTENING
23158.53,-5946.822,1605.589,3604.957,-4.148,-2.37,-5.706,-30.99,SENSING
23158.53,-5946.822,1605.589,3604.957,-4.148,-2.37,-5.706,-30.99,LISTENING
23180.0,-6034.307,1554.405,3481.609,-4.007,-2.407,-5.79,-30.99,SENSING
23180.0,-6034.307,1554.405,3481.609,-4.007,-2.407,-5.79,-30.99,LISTENING
23180.0,-6034.307,1554.405,3481.609,-4.007,-2.407,-5.79,-30.99,SENSING
23180.0,-6034.307,1554.405,3481.609,-4.007,-2.407,-5.79,-30.99,LISTENING
23187.28,-6063.283,1536.871,3439.383,-3.959,-2.419,-5.817,-30.99,SENSING
23187.28,-6063.283,1536.871,3439.383,-3.959,-2.419,-5.817,-30.99,LISTENING
23190.0,-6074.019,1530.296,3423.554,-3.941,-2.424,-5.827,-30.99,SENSING
23190.0,-6074.019,1530.296,3423.554,-3.941,-2.424,-5.827,-30.99,LISTENING
23220.92,-6192.583,1454.708,3241.707,-3.733,-2.474,-5.94,-30.99,SENSING
23220.92,-6192.583,1454.708,3241.707,-3.733,-2.474,-5.94,-30.99,LISTENING
23250.0,-6298.186,1382.231,3067.583,-3.534,-2.519,-6.041,-30.99,SENSING
23250.0,-6298.186,1382.231,3067.583,-3.534,-2.519,-6.041,-30.99,LISTENING
23260.0,-6333.16,1357.009,3007.041,-3.465,-2.534,-6.074,-30.99,SENSING
23260.0,-6333.16,1357.009,3007.041,-3.465,-2.534,-6.074,-30.99,LISTENING
23270.0,-6367.442,1331.64,2946.171,-3.396,-2.549,-6.106,-30.99,SENSING
23270.0,-6367.442,1331.64,2946.171,-3.396,-2.549,-6.106,-30.99,LISTENING
23276.61,-6389.72,1314.791,2905.759,-3.35,-2.559,-6.128,-30.99,SENSING
23276.61,-6389.72,1314.791,2905.759,-3.35,-2.559,-6.128,-30.99,LISTENING
23290.0,-6433.914,1280.468,2823.471,-3.256,-2.578,-6.17,-30.99,SENSING
23290.0,-6433.914,1280.468,2823.471,-3.256,-2.578,-6.17,-30.99,LISTENING
23910.0,-7010.869,-464.431,-1309.808,1.457,-2.864,-6.701,-30.99,SENSING
23910.0,-7010.869,-464.431,-1309.808,1.457,-2.864,-6.701,-30.99,LISTENING
23930.0,-6980.22,-521.491,-1443.459,1.61,-2.853,-6.671,-30.99,SENSING
23930.0,-6980.22,-521.491,-1443.459,1.61,-2.853,-6.671,-30.99,LISTENING
23946.08,-6953.371,-567.205,-1550.46,1.732,-2.843,-6.644,-30.99,SENSING
23946.08,-6953.371,-567.205,-1550.46,1.732,-2.843,-6.644,-30.99,LISTENING
23990.0,-6870.069,-691.213,-1840.4,2.063,-2.813,-6.563,-30.99,SENSING
23990.0,-6870.069,-691.213,-1840.4,2.063,-2.813,-6.563,-30.99,LISTENING
24281.15,-5963.437,-1464.556,-3636.358,4.122,-2.468,-5.684,-30.99,SENSING
24281.15,-5963.437,-1464.556,-3636.358,4.122,-2.468,-5.684,-30.99,LISTENING
24290.0,-5926.727,-1486.292,-3686.48,4.18,-2.453,-5.649,-30.99,SENSING
24290.0,-5926.727,-1486.292,-3686.48,4.18,-2.453,-5.649,-30.99,LISTENING
24319.27,-5801.71,-1557.264,-3849.974,4.368,-2.405,-5.528,-30.99,SENSING
24319.27,-5801.71,-1557.264,-3849.974,4.368,-2.405,-5.528,-30.99,LISTENING
24330.0,-5754.51,-1582.92,-3909.011,4.436,-2.386,-5.482,-30.99,SENSING
24330.0,-5754.51,-1582.92,-3909.011,4.436,-2.386,-5.482,-30.99,LISTENING
24330.0,-5754.51,-1582.92,-3909.011,4.436,-2.386,-5.482,-30.99,SENSING
24330.0,-5754.51,-1582.92,-3909.011,4.436,-2.386,-5.482,-30.99,MESSAGING
24330.0,-5754.51,-1582.92,-3909.011,4.436,-2.386,-5.482,-30.99,MESSAGING
24330.0,-5754.51,-1582.92,-3909.011,4.436,-2.386,-5.482,-30.99,SENSING
24330.0,-5754.51,-1582.92,-3909.011,4.436,-2.386,-5.482,-30.99,LISTENING
24330.0,-5754.51,-1582.92,-3909.011,4.436,-2.386,-5.482,-30.99,SENSING
24330.0,-5754.51,-1582.92,-3909.011,4.436,-2.386,-5.482,-30.99,LISTENING
24330.0,-5754.51,-1582.92,-3909.011,4.436,-2.386,-5.482,-30.99,SENSING
24330.0,-5754.51,-1582.92,-3909.011,4.436,-2.386,-5.482,-30.99,LISTENING
24330.0,-5754.51,-1582.92,-3909.011,4.436,-2.386,-5.482,-30.99,SENSING
24330.0,-5754.51,-1582.92,-3909.011,4.436,-2.386,-5.482,-30.99,MESSAGING
24330.0,-5754.51,-1582.92,-3909.011,4.436,-2.386,-5.482,-30.99,SENSING
24330.0,-5754.51,-1582.92,-3909.011,4.436,-2.386,-5.482,-30.99,LISTENING
24330.0,-5754.51,-1582.92,-3909.011,4.436,-2.386,-5.482,-30.99,SENSING
24330.0,-5754.51,-1582.92,-3909.011,4.436,-2.386,-5.482,-30.99,MESSAGING
24330.0,-5754.51,-1582.92,-3909.011,4.436,-2.386,-5.482,-30.99,SENSING
24330.0,-5754.51,-1582.92,-3909.011,4.436,-2.386,-5.482,-30.99,LISTENING
24330.0,-5754.51,-1582.92,-3909.011,4.436,-2.386,-5.482,-30.99,SENSING
24330.0,-5754.51,-1582.92,-3909.011,4.436,-2.386,-5.482,-30.99,LISTENING
24330.0,-5754.51,-1582.92,-3909.011,4.436,-2.386,-5.482,-30.99,SENSING
24330.0,-5754.51,-1582.92,-3909.011,4.436,-2.386,-5.482,-30.99,LISTENING
24330.0,-5754.51,-1582.92,-3909.011,4.436,-2.386,-5.482,-30.99,SENSING
24330.0,-5754.51,-1582.92,-3909.011,4.436,-2.386,-5.482,-30.99,LISTENING
24330.0,-5754.51,-1582.92,-3909.011,4.436,-2.386,-5.482,-30.99,SENSING
24330.0,-5754.51,-1582.92,-3909.011,4.436,-2.386,-5.482,-30.99,LISTENING
24330.0,-5754.51,-1582.92,-3909.011,4.436,-2.386,-5.482,-30.99,SENSING
24330.0,-5754.51,-1582.92,-3909.011,4.436,-2.386,-5.482,-30.99,LISTENING
24339.51,-5712.069,-1605.492,-3960.923,4.496,-2.37,-5.441,-30.99,SENSING
24339.51,-5712.069,-1605.492,-3960.923,4.496,-2.37,-5.441,-30.99,LISTENING
24370.0,-5572.202,-1676.779,-4124.685,4.685,-2.315,-5.306,-30.99,SENSING
24370.0,-5572.202,-1676.779,-4124.685,4.685,-2.315,-5.306,-30.99,LISTENING
24391.23,-5471.45,-1725.412,-4236.237,4.813,-2.275,-5.208,-30.99,SENSING
24391.23,-5471.45,-1725.412,-4236.237,4.813,-2.275,-5.208,-30.99,LISTENING
24400.0,-5429.037,-1745.255,-4281.71,4.866,-2.258,-5.167,-30.99,SENSING
24400.0,-5429.037,-1745.255,-4281.71,4.866,-2.258,-5.167,-30.99,LISTENING
24400.0,-5429.037,-1745.255,-4281.71,4.866,-2.258,-5.167,-30.99,SENSING
24400.0,-5429.037,-1745.255,-4281.71,4.866,-2.258,-5.167,-30.99,LISTENING
24400.23,-5427.919,-1745.774,-4282.897,4.867,-2.258,-5.166,-30.99,SENSING
24400.23,-5427.919,-1745.774,-4282.897,4.867,-2.258,-5.166,-30.99,LISTENING
24406.68,-5396.424,-1760.271,-4316.103,4.905,-2.246,-5.136,-30.99,SENSING
24406.68,-5396.424,-1760.271,-4316.103,4.905,-2.246,-5.136,-30.99,LISTENING
24410.0,-5380.117,-1767.702,-4333.119,4.925,-2.239,-5.12,-30.99,SENSING
24410.0,-5380.117,-1767.702,-4333.119,4.925,-2.239,-5.12,-30.99,LISTENING
24410.0,-5380.117,-1767.702,-4333.119,4.925,-2.239,-5.12,-30.99,SENSING
24410.0,-5380.117,-1767.702,-4333.119,4.925,-2.239,-5.12,-30.99,LISTENING
24420.0,-5330.606,-1789.955,-4384.052,4.984,-2.22,-5.072,-30.99,SENSING
24420.0,-5330.606,-1789.955,-4384.052,4.984,-2.22,-5.072,-30.99,LISTENING
24421.35,-5323.877,-1792.945,-4390.891,4.992,-2.217,-5.065,-30.99,SENSING
24421.35,-5323.877,-1792.945,-4390.891,4.992,-2.217,-5.065,-30.99,LISTENING
24430.0,-5280.509,-1812.012,-4434.503,5.042,-2.2,-5.023,-30.99,SENSING
24430.0,-5280.509,-1812.012,-4434.503,5.042,-2.2,-5.023,-30.99,LISTENING
24433.39,-5263.395,-1819.445,-4451.496,5.062,-2.193,-5.007,-30.99,SENSING
24433.39,-5263.395,-1819.445,-4451.496,5.062,-2.193,-5.007,-30.99,LISTENING
24440.0,-5229.833,-1833.871,-4484.468,5.1,-2.18,-4.974,-30.99,SENSING
24440.0,-5229.833,-1833.871,-4484.468,5.1,-2.18,-4.974,-30.99,LISTENING
24454.42,-5155.748,-1865.036,-4555.647,5.182,-2.151,-4.903,-30.99,SENSING
24454.42,-5155.748,-1865.036,-4555.647,5.182,-2.151,-4.903,-30.99,LISTENING
24460.0,-5126.763,-1876.983,-4582.912,5.214,-2.139,-4.875,-30.99,SENSING
24460.0,-5126.763,-1876.983,-4582.912,5.214,-2.139,-4.875,-30.99,LISTENING
24460.0,-5126.763,-1876.983,-4582.912,5.214,-2.139,-4.875,-30.99,SENSING
24460.0,-5126.763,-1876.983,-4582.912,5.214,-2.139,-4.875,-30.99,LISTENING
24490.1,-4967.408,-1940.308,-4727.258,5.381,-2.076,-4.721,-30.99,SENSING
24490.1,-4967.408,-1940.308,-4727.258,5.381,-2.076,-4.721,-30.99,LISTENING
24500.0,-4913.907,-1960.717,-4773.712,5.435,-2.055,-4.669,-30.99,SENSING
24500.0,-4913.907,-1960.717,-4773.712,5.435,-2.055,-4.669,-30.99,LISTENING
24510.0,-4859.327,-1981.119,-4820.112,5.489,-2.033,-4.616,-30.99,SENSING
24510.0,-4859.327,-1981.119,-4820.112,5.489,-2.033,-4.616,-30.99,LISTENING
24536.92,-4709.758,-2034.953,-4942.369,5.631,-1.974,-4.471,-30.99,SENSING
24536.92,-4709.758,-2034.953,-4942.369,5.631,-1.974,-4.471,-30.99,LISTENING
24570.0,-4520.831,-2098.884,-5087.191,5.799,-1.898,-4.288,-30.99,SENSING
24570.0,-4520.831,-2098.884,-5087.191,5.799,-1.898,-4.288,-30.99,LISTENING
24570.0,-4520.831,-2098.884,-5087.191,5.799,-1.898,-4.288,-30.99,SENSING
24570.0,-4520.831,-2098.884,-5087.191,5.799,-1.898,-4.288,-30.99,LISTENING
24580.0,-4462.636,-2117.716,-5129.77,5.848,-1.875,-4.232,-30.99,SENSING
24580.0,-4462.636,-2117.716,-5129.77,5.848,-1.875,-4.232,-30.99,LISTENING
24590.0,-4403.948,-2136.316,-5171.784,5.897,-1.852,-4.175,-30.99,SENSING
24590.0,-4403.948,-2136.316,-5171.784,5.897,-1.852,-4.175,-30.99,LISTENING
24600.0,-4344.776,-2154.681,-5213.228,5.946,-1.828,-4.118,-30.99,SENSING
24600.0,-4344.776,-2154.681,-5213.228,5.946,-1.828,-4.118,-30.99,LISTENING
24605.02,-4314.89,-2163.811,-5233.816,5.97,-1.816,-4.089,-30.99,SENSING
24605.02,-4314.89,-2163.811,-5233.816,5.97,-1.816,-4.089,-30.99,LISTENING
24610.0,-4285.124,-2172.809,-5254.096,5.993,-1.804,-4.06,-30.99,SENSING
24610.0,-4285.124,-2172.809,-5254.096,5.993,-1.804,-4.06,-30.99,LISTENING
24633.09,-4145.593,-2213.749,-5346.239,6.101,-1.748,-3.925,-30.99,SENSING
24633.09,-4145.593,-2213.749,-5346.239,6.101,-1.748,-3.925,-30.99,LISTENING
24640.0,-4103.359,-2225.75,-5373.205,6.132,-1.731,-3.884,-30.99,SENSING
24640.0,-4103.359,-2225.75,-5373.205,6.132,-1.731,-3.884,-30.99,LISTENING
24685.89,-3817.496,-2302.446,-5545.031,6.333,-1.617,-3.607,-30.99,SENSING
24685.89,-3817.496,-2302.446,-5545.031,6.333,-1.617,-3.607,-30.99,LISTENING
24710.0,-3663.705,-2340.611,-5630.159,6.433,-1.555,-3.458,-30.99,SENSING
24710.0,-3663.705,-2340.611,-5630.159,6.433,-1.555,-3.458,-30.99,LISTENING
24710.0,-3663.705,-2340.611,-5630.159,6.433,-1.555,-3.458,-30.99,SENSING
24710.0,-3663.705,-2340.611,-5630.159,6.433,-1.555,-3.458,-30.99,LISTENING
24747.07,-3422.687,-2396.353,-5753.965,6.578,-1.458,-3.224,-30.99,SENSING
24747.07,-3422.687,-2396.353,-5753.965,6.578,-1.458,-3.224,-30.99,LISTENING
24760.0,-3337.377,-2414.945,-5795.098,6.627,-1.423,-3.141,-30.99,SENSING
24760.0,-3337.377,-2414.945,-5795.098,6.627,-1.423,-3.141,-30.99,LISTENING
24766.98,-3291.066,-2424.797,-5816.858,6.652,-1.405,-3.097,-30.99,SENSING
24766.98,-3291.066,-2424.797,-5816.858,6.652,-1.405,-3.097,-30.99,LISTENING
24770.0,-3270.974,-2429.019,-5826.175,6.663,-1.396,-3.077,-30.99,SENSING
24770.0,-3270.974,-2429.019,-5826.175,6.663,-1.396,-3.077,-30.99,LISTENING
24785.25,-3169.014,-2449.963,-5872.323,6.718,-1.355,-2.978,-30.99,SENSING
24785.25,-3169.014,-2449.963,-5872.323,6.718,-1.355,-2.978,-30.99,LISTENING
24790.0,-3137.088,-2456.358,-5886.388,6.734,-1.342,-2.947,-30.99,SENSING
24790.0,-3137.088,-2456.358,-5886.388,6.734,-1.342,-2.947,-30.99,LISTENING
24797.19,-3088.614,-2465.922,-5907.399,6.759,-1.323,-2.9,-30.99,SENSING
24797.19,-3088.614,-2465.922,-5907.399,6.759,-1.323,-2.9,-30.99,LISTENING
24800.0,-3069.62,-2469.621,-5915.518,6.769,-1.315,-2.882,-30.99,SENSING
24800.0,-3069.62,-2469.621,-5915.518,6.769,-1.315,-2.882,-30.99,LISTENING
24801.3,-3060.824,-2471.326,-5919.257,6.773,-1.311,-2.873,-30.99,SENSING
24801.3,-3060.824,-2471.326,-5919.257,6.773,-1.311,-2.873,-30.99,LISTENING
24810.0,-3001.812,-2482.611,-5943.991,6.802,-1.288,-2.816,-30.99,SENSING
24810.0,-3001.812,-2482.611,-5943.991,6.802,-1.288,-2.816,-30.99,LISTENING
24820.0,-2933.671,-2495.327,-5971.805,6.835,-1.26,-2.75,-30.99,SENSING
24820.0,-2933.671,-2495.327,-5971.805,6.835,-1.26,-2.75,-30.99,LISTENING
24829.44,-2869.047,-2507.077,-5997.454,6.866,-1.234,-2.687,-30.99,SENSING
24829.44,-2869.047,-2507.077,-5997.454,6.866,-1.234,-2.687,-30.99,LISTENING
24830.0,-2865.204,-2507.766,-5998.956,6.868,-1.232,-2.683,-30.99,SENSING
24830.0,-2865.204,-2507.766,-5998.956,6.868,-1.232,-2.683,-30.99,LISTENING
24835.71,-2825.967,-2514.744,-6014.161,6.886,-1.216,-2.645,-30.99,SENSING
24835.71,-2825.967,-2514.744,-6014.161,6.886,-1.216,-2.645,-30.99,LISTENING
24840.0,-2796.419,-2519.928,-6025.442,6.899,-1.204,-2.616,-30.99,SENSING
24840.0,-2796.419,-2519.928,-6025.442,6.899,-1.204,-2.616,-30.99,LISTENING
24846.81,-2749.399,-2528.05,-6043.096,6.92,-1.185,-2.571,-30.99,SENSING
24846.81,-2749.399,-2528.05,-6043.096,6.92,-1.185,-2.571,-30.99,LISTENING
24850.0,-2727.325,-2531.81,-6051.258,6.93,-1.176,-2.549,-30.99,SENSING
24850.0,-2727.325,-2531.81,-6051.258,6.93,-1.176,-2.549,-30.99,LISTENING
24855.53,-2688.985,-2538.261,-6065.246,6.946,-1.161,-2.512,-30.99,SENSING
24855.53,-2688.985,-2538.261,-6065.246,6.946,-1.161,-2.512,-30.99,LISTENING
24858.29,-2669.815,-2541.448,-6072.15,6.955,-1.153,-2.494,-30.99,SENSING
24858.29,-2669.815,-2541.448,-6072.15,6.955,-1.153,-2.494,-30.99,LISTENING
24860.0,-2657.927,-2543.412,-6076.402,6.96,-1.148,-2.482,-30.99,SENSING
24860.0,-2657.927,-2543.412,-6076.402,6.96,-1.148,-2.482,-30.99,LISTENING
24876.18,-2545.02,-2561.587,-6115.655,7.006,-1.102,-2.372,-30.99,SENSING
24876.18,-2545.02,-2561.587,-6115.655,7.006,-1.102,-2.372,-30.99,LISTENING
24880.0,-2518.254,-2565.769,-6124.663,7.017,-1.091,-2.346,-30.99,SENSING
24880.0,-2518.254,-2565.769,-6124.663,7.017,-1.091,-2.346,-30.99,LISTENING
24890.0,-2447.993,-2576.522,-6147.773,7.045,-1.063,-2.278,-30.99,SENSING
24890.0,-2447.993,-2576.522,-6147.773,7.045,-1.063,-2.278,-30.99,LISTENING
24896.26,-2403.872,-2583.108,-6161.892,7.062,-1.045,-2.235,-30.99,SENSING
24896.26,-2403.872,-2583.108,-6161.892,7.062,-1.045,-2.235,-30.99,LISTENING
24900.0,-2377.461,-2586.989,-6170.2,7.072,-1.034,-2.21,-30.99,SENSING
24900.0,-2377.461,-2586.989,-6170.2,7.072,-1.034,-2.21,-30.99,LISTENING
24900.0,-2377.461,-2586.989,-6170.2,7.072,-1.034,-2.21,-30.99,SENSING
24900.0,-2377.461,-2586.989,-6170.2,7.072,-1.034,-2.21,-30.99,LISTENING
24906.81,-2329.277,-2593.953,-6185.079,7.089,-1.015,-2.163,-30.99,SENSING
24906.81,-2329.277,-2593.953,-6185.079,7.089,-1.015,-2.163,-30.99,LISTENING
24907.1,-2327.222,-2594.246,-6185.706,7.09,-1.014,-2.161,-30.99,SENSING
24907.1,-2327.222,-2594.246,-6185.706,7.09,-1.014,-2.161,-30.99,LISTENING
24910.0,-2306.665,-2597.169,-6191.94,7.098,-1.005,-2.141,-30.99,SENSING
24910.0,-2306.665,-2597.169,-6191.94,7.098,-1.005,-2.141,-30.99,LISTENING
24910.0,-2306.665,-2597.169,-6191.94,7.098,-1.005,-2.141,-30.99,SENSING
24910.0,-2306.665,-2597.169,-6191.94,7.098,-1.005,-2.141,-30.99,LISTENING
24920.0,-2235.611,-2607.061,-6212.991,7.123,-0.976,-2.072,-30.99,SENSING
24920.0,-2235.611,-2607.061,-6212.991,7.123,-0.976,-2.072,-30.99,LISTENING
24925.47,-2196.64,-2612.349,-6224.214,7.136,-0.961,-2.034,-30.99,SENSING
24925.47,-2196.64,-2612.349,-6224.214,7.136,-0.961,-2.034,-30.99,LISTENING
24930.0,-2164.309,-2616.663,-6233.351,7.147,-0.947,-2.002,-30.99,SENSING
24930.0,-2164.309,-2616.663,-6233.351,7.147,-0.947,-2.002,-30.99,LISTENING
24930.0,-2164.309,-2616.663,-6233.351,7.147,-0.947,-2.002,-30.99,SENSING
24930.0,-2164.309,-2616.663,-6233.351,7.147,-0.947,-2.002,-30.99,LISTENING
24936.1,-2120.697,-2622.378,-6245.43,7.162,-0.93,-1.96,-30.99,SENSING
24936.1,-2120.697,-2622.378,-6245.43,7.162,-0.93,-1.96,-30.99,LISTENING
24940.0,-2092.767,-2625.975,-6253.017,7.171,-0.918,-1.933,-30.99,SENSING
24940.0,-2092.767,-2625.975,-6253.017,7.171,-0.918,-1.933,-30.99,LISTENING
24940.0,-2092.767,-2625.975,-6253.017,7.171,-0.918,-1.933,-30.99,SENSING
24940.0,-2092.767,-2625.975,-6253.017,7.171,-0.918,-1.933,-30.99,LISTENING
24942.92,-2071.832,-2628.639,-6258.628,7.178,-0.91,-1.912,-30.99,SENSING
24942.92,-2071.832,-2628.639,-6258.628,7.178,-0.91,-1.912,-30.99,LISTENING
24945.79,-2051.236,-2631.233,-6264.085,7.185,-0.901,-1.892,-30.99,SENSING
24945.79,-2051.236,-2631.233,-6264.085,7.185,-0.901,-1.892,-30.99,LISTENING
24950.0,-2020.991,-2634.995,-6271.986,7.194,-0.889,-1.863,-30.99,SENSING
24950.0,-2020.991,-2634.995,-6271.986,7.194,-0.889,-1.863,-30.99,LISTENING
24955.72,-1979.833,-2640.023,-6282.523,7.207,-0.872,-1.823,-30.99,SENSING
24955.72,-1979.833,-2640.023,-6282.523,7.207,-0.872,-1.823,-30.99,LISTENING
24960.0,-1948.99,-2643.722,-6290.257,7.216,-0.86,-1.793,-30.99,SENSING
24960.0,-1948.99,-2643.722,-6290.257,7.216,-0.86,-1.793,-30.99,LISTENING
24970.0,-1876.772,-2652.156,-6307.827,7.238,-0.83,-1.723,-30.99,SENSING
24970.0,-1876.772,-2652.156,-6307.827,7.238,-0.83,-1.723,-30.99,LISTENING
24980.0,-1804.345,-2660.295,-6324.694,7.258,-0.8,-1.652,-30.99,SENSING
24980.0,-1804.345,-2660.295,-6324.694,7.258,-0.8,-1.652,-30.99,LISTENING
24986.24,-1759.048,-2665.223,-6334.861,7.27,-0.782,-1.608,-30.99,SENSING
24986.24,-1759.048,-2665.223,-6334.861,7.27,-0.782,-1.608,-30.99,LISTENING
24990.0,-1731.717,-2668.137,-6340.855,7.278,-0.771,-1.582,-30.99,SENSING
24990.0,-1731.717,-2668.137,-6340.855,7.278,-0.771,-1.582,-30.99,LISTENING
24990.0,-1731.717,-2668.137,-6340.855,7.278,-0.771,-1.582,-30.99,SENSING
24990.0,-1731.717,-2668.137,-6340.855,7.278,-0.771,-1.582,-30.99,LISTENING
24991.32,-1722.116,-2669.15,-6342.936,7.28,-0.767,-1.572,-30.99,SENSING
24991.32,-1722.116,-2669.15,-6342.936,7.28,-0.767,-1.572,-30.99,LISTENING
24995.05,-1694.966,-2671.985,-6348.748,7.287,-0.756,-1.546,-30.99,SENSING
24995.05,-1694.966,-2671.985,-6348.748,7.287,-0.756,-1.546,-30.99,LISTENING
25000.0,-1658.896,-2675.683,-6356.309,7.297,-0.741,-1.511,-30.99,SENSING
25000.0,-1658.896,-2675.683,-6356.309,7.297,-0.741,-1.511,-30.99,LISTENING
25000.0,-1658.896,-2675.683,-6356.309,7.297,-0.741,-1.511,-30.99,SENSING
25000.0,-1658.896,-2675.683,-6356.309,7.297,-0.741,-1.511,-30.99,LISTENING
25010.0,-1585.89,-2682.932,-6371.055,7.315,-0.711,-1.44,-30.99,SENSING
25010.0,-1585.89,-2682.932,-6371.055,7.315,-0.711,-1.44,-30.99,LISTENING
25020.0,-1512.707,-2689.881,-6385.089,7.332,-0.681,-1.369,-30.99,SENSING
25020.0,-1512.707,-2689.881,-6385.089,7.332,-0.681,-1.369,-30.99,LISTENING
25027.47,-1457.928,-2694.878,-6395.107,7.345,-0.659,-1.315,-30.99,SENSING
25027.47,-1457.928,-2694.878,-6395.107,7.345,-0.659,-1.315,-30.99,LISTENING
25030.0,-1439.355,-2696.532,-6398.41,7.349,-0.651,-1.297,-30.99,SENSING
25030.0,-1439.355,-2696.532,-6398.41,7.349,-0.651,-1.297,-30.99,LISTENING
25039.24,-1371.435,-2702.41,-6410.083,7.363,-0.623,-1.231,-30.99,SENSING
25039.24,-1371.435,-2702.41,-6410.083,7.363,-0.623,-1.231,-30.99,LISTENING
25047.94,-1307.364,-2707.709,-6420.516,7.376,-0.597,-1.169,-30.99,SENSING
25047.94,-1307.364,-2707.709,-6420.516,7.376,-0.597,-1.169,-30.99,LISTENING
25070.0,-1144.422,-2720.121,-6444.533,7.406,-0.53,-1.01,-30.99,SENSING
25070.0,-1144.422,-2720.121,-6444.533,7.406,-0.53,-1.01,-30.99,LISTENING
25080.0,-1070.349,-2725.262,-6454.266,7.419,-0.5,-0.938,-30.99,SENSING
25080.0,-1070.349,-2725.262,-6454.266,7.419,-0.5,-0.938,-30.99,LISTENING
25080.0,-1070.349,-2725.262,-6454.266,7.419,-0.5,-0.938,-30.99,SENSING
25080.0,-1070.349,-2725.262,-6454.266,7.419,-0.5,-0.938,-30.99,LISTENING
25080.22,-1068.718,-2725.372,-6454.472,7.419,-0.499,-0.936,-30.99,SENSING
25080.22,-1068.718,-2725.372,-6454.472,7.419,-0.499,-0.936,-30.99,LISTENING
25090.0,-996.155,-2730.099,-6463.277,7.43,-0.469,-0.865,-30.99,SENSING
25090.0,-996.155,-2730.099,-6463.277,7.43,-0.469,-0.865,-30.99,LISTENING
25099.83,-923.115,-2734.557,-6471.43,7.441,-0.439,-0.794,-30.99,SENSING
25099.83,-923.115,-2734.557,-6471.43,7.441,-0.439,-0.794,-30.99,LISTENING
25110.0,-847.443,-2738.858,-6479.128,7.451,-0.408,-0.72,-30.99,SENSING
25110.0,-847.443,-2738.858,-6479.128,7.451,-0.408,-0.72,-30.99,LISTENING
25110.0,-847.443,-2738.858,-6479.128,7.451,-0.408,-0.72,-30.99,SENSING
25110.0,-847.443,-2738.858,-6479.128,7.451,-0.408,-0.72,-30.99,MESSAGING
25110.0,-847.443,-2738.858,-6479.128,7.451,-0.408,-0.72,-30.99,SENSING
25110.0,-847.443,-2738.858,-6479.128,7.451,-0.408,-0.72,-30.99,LISTENING
25110.0,-847.443,-2738.858,-6479.128,7.451,-0.408,-0.72,-30.99,SENSING
25110.0,-847.443,-2738.858,-6479.128,7.451,-0.408,-0.72,-30.99,MESSAGING
25110.0,-847.443,-2738.858,-6479.128,7.451,-0.408,-0.72,-30.99,SENSING
25110.0,-847.443,-2738.858,-6479.128,7.451,-0.408,-0.72,-30.99,LISTENING
25110.0,-847.443,-2738.858,-6479.128,7.451,-0.408,-0.72,-30.99,SENSING
25110.0,-847.443,-2738.858,-6479.128,7.451,-0.408,-0.72,-30.99,LISTENING
25120.0,-772.941,-2742.779,-6485.966,7.46,-0.377,-0.648,-30.99,SENSING
25120.0,-772.941,-2742.779,-6485.966,7.46,-0.377,-0.648,-30.99,LISTENING
25124.02,-742.966,-2744.269,-6488.511,7.463,-0.365,-0.619,-30.99,SENSING
25124.02,-742.966,-2744.269,-6488.511,7.463,-0.365,-0.619,-30.99,LISTENING
25130.0,-698.352,-2746.394,-6492.078,7.468,-0.347,-0.575,-30.99,SENSING
25130.0,-698.352,-2746.394,-6492.078,7.468,-0.347,-0.575,-30.99,LISTENING
25137.54,-642.059,-2748.917,-6496.206,7.474,-0.324,-0.52,-30.99,SENSING
25137.54,-642.059,-2748.917,-6496.206,7.474,-0.324,-0.52,-30.99,LISTENING
25150.0,-548.947,-2752.702,-6502.119,7.482,-0.285,-0.429,-30.99,SENSING
25150.0,-548.947,-2752.702,-6502.119,7.482,-0.285,-0.429,-30.99,LISTENING
25160.0,-474.149,-2755.395,-6506.047,7.488,-0.254,-0.356,-30.99,SENSING
25160.0,-474.149,-2755.395,-6506.047,7.488,-0.254,-0.356,-30.99,LISTENING
25161.55,-462.55,-2755.785,-6506.59,7.489,-0.249,-0.345,-30.99,SENSING
25161.55,-462.55,-2755.785,-6506.59,7.489,-0.249,-0.345,-30.99,LISTENING
25170.0,-399.297,-2757.78,-6509.244,7.493,-0.223,-0.283,-30.99,SENSING
25170.0,-399.297,-2757.78,-6509.244,7.493,-0.223,-0.283,-30.99,LISTENING
25175.71,-356.536,-2759.003,-6510.743,7.495,-0.206,-0.242,-30.99,SENSING
25175.71,-356.536,-2759.003,-6510.743,7.495,-0.206,-0.242,-30.99,LISTENING
25178.8,-333.391,-2759.623,-6511.455,7.497,-0.196,-0.219,-30.99,SENSING
25178.8,-333.391,-2759.623,-6511.455,7.497,-0.196,-0.219,-30.99,LISTENING
25180.0,-324.401,-2759.856,-6511.712,7.497,-0.192,-0.21,-30.99,SENSING
25180.0,-324.401,-2759.856,-6511.712,7.497,-0.192,-0.21,-30.99,LISTENING
25190.0,-249.468,-2761.623,-6513.449,7.5,-0.162,-0.137,-30.99,SENSING
25190.0,-249.468,-2761.623,-6513.449,7.5,-0.162,-0.137,-30.99,LISTENING
25198.79,-183.578,-2762.922,-6514.373,7.502,-0.134,-0.073,-30.99,SENSING
25198.79,-183.578,-2762.922,-6514.373,7.502,-0.134,-0.073,-30.99,LISTENING
25200.0,-174.507,-2763.081,-6514.455,7.503,-0.131,-0.064,-30.99,SENSING
25200.0,-174.507,-2763.081,-6514.455,7.503,-0.131,-0.064,-30.99,LISTENING
25200.0,-174.507,-2763.081,-6514.455,7.503,-0.131,-0.064,-30.99,SENSING
25200.0,-174.507,-2763.081,-6514.455,7.503,-0.131,-0.064,-30.99,LISTENING
25205.49,-133.345,-2763.75,-6514.697,7.504,-0.113,-0.024,-30.99,SENSING
25205.49,-133.345,-2763.75,-6514.697,7.504,-0.113,-0.024,-30.99,LISTENING
25210.0,-99.527,-2764.23,-6514.73,7.504,-0.1,0.009,-30.99,SENSING
25210.0,-99.527,-2764.23,-6514.73,7.504,-0.1,0.009,-30.99,LISTENING
25215.68,-56.932,-2764.745,-6514.56,7.505,-0.082,0.051,-30.99,SENSING
25215.68,-56.932,-2764.745,-6514.56,7.505,-0.082,0.051,-30.99,LISTENING
25216.78,-48.683,-2764.833,-6514.5,7.505,-0.078,0.059,-30.99,SENSING
25216.78,-48.683,-2764.833,-6514.5,7.505,-0.078,0.059,-30.99,LISTENING
25217.21,-45.458,-2764.866,-6514.474,7.505,-0.077,0.062,-30.99,SENSING
25217.21,-45.458,-2764.866,-6514.474,7.505,-0.077,0.062,-30.99,LISTENING
25220.0,-24.535,-2765.069,-6514.273,7.505,-0.068,0.082,-30.99,SENSING
25220.0,-24.535,-2765.069,-6514.273,7.505,-0.068,0.082,-30.99,LISTENING
25220.0,-24.535,-2765.069,-6514.273,7.505,-0.068,0.082,-30.99,SENSING
25220.0,-24.535,-2765.069,-6514.273,7.505,-0.068,0.082,-30.99,LISTENING
25225.42,16.112,-2765.395,-6513.72,7.505,-0.052,0.122,-30.99,SENSING
25225.42,16.112,-2765.395,-6513.72,7.505,-0.052,0.122,-30.99,LISTENING
25225.85,19.337,-2765.417,-6513.666,7.505,-0.05,0.125,-30.99,SENSING
25225.85,19.337,-2765.417,-6513.666,7.505,-0.05,0.125,-30.99,LISTENING
25230.0,50.459,-2765.599,-6513.084,7.505,-0.037,0.156,-30.99,SENSING
25230.0,50.459,-2765.599,-6513.084,7.505,-0.037,0.156,-30.99,LISTENING
25240.0,125.448,-2765.818,-6511.163,7.504,-0.006,0.229,-30.99,SENSING
25240.0,125.448,-2765.818,-6511.163,7.504,-0.006,0.229,-30.99,LISTENING
25247.05,178.307,-2765.786,-6509.369,7.502,0.016,0.28,-30.99,SENSING
25247.05,178.307,-2765.786,-6509.369,7.502,0.016,0.28,-30.99,LISTENING
25250.0,200.423,-2765.727,-6508.51,7.502,0.025,0.302,-30.99,SENSING
25250.0,200.423,-2765.727,-6508.51,7.502,0.025,0.302,-30.99,LISTENING
25250.0,200.423,-2765.727,-6508.51,7.502,0.025,0.302,-30.99,SENSING
25250.0,200.423,-2765.727,-6508.51,7.502,0.025,0.302,-30.99,LISTENING
25256.53,249.369,-2765.5,-6506.383,7.5,0.045,0.35,-30.99,SENSING
25256.53,249.369,-2765.5,-6506.383,7.5,0.045,0.35,-30.99,LISTENING
25280.0,425.177,-2763.593,-6496.161,7.491,0.118,0.522,-30.99,SENSING
25280.0,425.177,-2763.593,-6496.161,7.491,0.118,0.522,-30.99,LISTENING
25285.7,467.839,-2762.872,-6493.071,7.488,0.136,0.563,-30.99,SENSING
25285.7,467.839,-2762.872,-6493.071,7.488,0.136,0.563,-30.99,LISTENING
25290.0,500.011,-2762.261,-6490.582,7.486,0.149,0.595,-30.99,SENSING
25290.0,500.011,-2762.261,-6490.582,7.486,0.149,0.595,-30.99,LISTENING
25297.24,554.156,-2761.103,-6486.086,7.482,0.172,0.648,-30.99,SENSING
25297.24,554.156,-2761.103,-6486.086,7.482,0.172,0.648,-30.99,LISTENING
25300.0,574.789,-2760.619,-6484.272,7.48,0.18,0.668,-30.99,SENSING
25300.0,574.789,-2760.619,-6484.272,7.48,0.18,0.668,-30.99,LISTENING
25310.0,649.502,-2758.667,-6477.231,7.473,0.211,0.741,-30.99,SENSING
25310.0,649.502,-2758.667,-6477.231,7.473,0.211,0.741,-30.99,LISTENING
25313.97,679.143,-2757.806,-6474.234,7.47,0.224,0.77,-30.99,SENSING
25313.97,679.143,-2757.806,-6474.234,7.47,0.224,0.77,-30.99,LISTENING
25330.0,798.699,-2753.833,-6460.962,7.457,0.273,0.887,-30.99,SENSING
25330.0,798.699,-2753.833,-6460.962,7.457,0.273,0.887,-30.99,LISTENING
25333.36,823.731,-2752.899,-6457.942,7.454,0.284,0.911,-30.99,SENSING
25333.36,823.731,-2752.899,-6457.942,7.454,0.284,0.911,-30.99,LISTENING
25336.11,844.211,-2752.109,-6455.41,7.451,0.292,0.931,-30.99,SENSING
25336.11,844.211,-2752.109,-6455.41,7.451,0.292,0.931,-30.99,LISTENING
25340.0,873.167,-2750.951,-6451.734,7.447,0.304,0.96,-30.99,SENSING
25340.0,873.167,-2750.951,-6451.734,7.447,0.304,0.96,-30.99,LISTENING
25360.0,1021.8,-2744.26,-6431.096,7.426,0.366,1.105,-30.99,SENSING
25360.0,1021.8,-2744.26,-6431.096,7.426,0.366,1.105,-30.99,LISTENING
25370.0,1095.947,-2740.451,-6419.688,7.414,0.397,1.178,-30.99,SENSING
25370.0,1095.947,-2740.451,-6419.688,7.414,0.397,1.178,-30.99,LISTENING
25438.97,1603.526,-2705.799,-6321.34,7.309,0.609,1.675,-30.99,SENSING
25438.97,1603.526,-2705.799,-6321.34,7.309,0.609,1.675,-30.99,LISTENING
25450.0,1683.972,-2698.905,-6302.443,7.288,0.643,1.753,-30.99,SENSING
25450.0,1683.972,-2698.905,-6302.443,7.288,0.643,1.753,-30.99,LISTENING
25466.77,1805.833,-2687.715,-6272.052,7.255,0.694,1.873,-30.99,SENSING
25466.77,1805.833,-2687.715,-6272.052,7.255,0.694,1.873,-30.99,LISTENING
25470.0,1829.24,-2685.462,-6265.968,7.248,0.704,1.896,-30.99,SENSING
25470.0,1829.24,-2685.462,-6265.968,7.248,0.704,1.896,-30.99,LISTENING
25479.16,1895.5,-2678.899,-6248.314,7.229,0.732,1.961,-30.99,SENSING
25479.16,1895.5,-2678.899,-6248.314,7.229,0.732,1.961,-30.99,LISTENING
25500.0,2045.568,-2663.023,-6205.939,7.183,0.795,2.108,-30.99,SENSING
25500.0,2045.568,-2663.023,-6205.939,7.183,0.795,2.108,-30.99,LISTENING
25514.57,2149.892,-2651.147,-6174.498,7.148,0.839,2.21,-30.99,SENSING
25514.57,2149.892,-2651.147,-6174.498,7.148,0.839,2.21,-30.99,LISTENING
25520.0,2188.641,-2646.558,-6162.4,7.135,0.855,2.248,-30.99,SENSING
25520.0,2188.641,-2646.558,-6162.4,7.135,0.855,2.248,-30.99,LISTENING
25526.72,2236.494,-2640.757,-6147.142,7.118,0.875,2.295,-30.99,SENSING
25526.72,2236.494,-2640.757,-6147.142,7.118,0.875,2.295,-30.99,LISTENING
25530.0,2259.81,-2637.876,-6139.58,7.109,0.885,2.318,-30.99,SENSING
25530.0,2259.81,-2637.876,-6139.58,7.109,0.885,2.318,-30.99,LISTENING
25537.44,2312.594,-2631.223,-6122.151,7.09,0.907,2.37,-30.99,SENSING
25537.44,2312.594,-2631.223,-6122.151,7.09,0.907,2.37,-30.99,LISTENING
25540.0,2330.722,-2628.895,-6116.065,7.083,0.915,2.388,-30.99,SENSING
25540.0,2330.722,-2628.895,-6116.065,7.083,0.915,2.388,-30.99,LISTENING
25545.42,2369.047,-2623.903,-6103.029,7.069,0.931,2.425,-30.99,SENSING
25545.42,2369.047,-2623.903,-6103.029,7.069,0.931,2.425,-30.99,LISTENING
25550.0,2401.371,-2619.617,-6091.855,7.056,0.944,2.457,-30.99,SENSING
25550.0,2401.371,-2619.617,-6091.855,7.056,0.944,2.457,-30.99,LISTENING
25550.0,2401.371,-2619.617,-6091.855,7.056,0.944,2.457,-30.99,SENSING
25550.0,2401.371,-2619.617,-6091.855,7.056,0.944,2.457,-30.99,LISTENING
25557.23,2452.28,-2612.724,-6073.92,7.036,0.966,2.507,-30.99,SENSING
25557.23,2452.28,-2612.724,-6073.92,7.036,0.966,2.507,-30.99,LISTENING
25560.0,2471.746,-2610.042,-6066.954,7.029,0.974,2.526,-30.99,SENSING
25560.0,2471.746,-2610.042,-6066.954,7.029,0.974,2.526,-30.99,LISTENING
25570.0,2541.841,-2600.172,-6041.363,7.0,1.004,2.595,-30.99,SENSING
25570.0,2541.841,-2600.172,-6041.363,7.0,1.004,2.595,-30.99,LISTENING
25575.58,2580.829,-2594.536,-6026.786,6.984,1.02,2.633,-30.99,SENSING
25575.58,2580.829,-2594.536,-6026.786,6.984,1.02,2.633,-30.99,LISTENING
25580.0,2611.648,-2590.007,-6015.087,6.971,1.033,2.663,-30.99,SENSING
25580.0,2611.648,-2590.007,-6015.087,6.971,1.033,2.663,-30.99,LISTENING
25586.89,2659.572,-2582.833,-5996.585,6.95,1.053,2.71,-30.99,SENSING
25586.89,2659.572,-2582.833,-5996.585,6.95,1.053,2.71,-30.99,LISTENING
25590.0,2681.158,-2579.549,-5988.127,6.941,1.062,2.731,-30.99,SENSING
25590.0,2681.158,-2579.549,-5988.127,6.941,1.062,2.731,-30.99,LISTENING
25603.31,2773.202,-2565.175,-5951.189,6.9,1.101,2.822,-30.99,SENSING
25603.31,2773.202,-2565.175,-5951.189,6.9,1.101,2.822,-30.99,LISTENING
25610.0,2819.256,-2557.756,-5932.169,6.878,1.121,2.867,-30.99,SENSING
25610.0,2819.256,-2557.756,-5932.169,6.878,1.121,2.867,-30.99,LISTENING
25610.0,2819.256,-2557.756,-5932.169,6.878,1.121,2.867,-30.99,SENSING
25610.0,2819.256,-2557.756,-5932.169,6.878,1.121,2.867,-30.99,MESSAGING
25610.0,2819.256,-2557.756,-5932.169,6.878,1.121,2.867,-30.99,MESSAGING
25610.0,2819.256,-2557.756,-5932.169,6.878,1.121,2.867,-30.99,SENSING
25610.0,2819.256,-2557.756,-5932.169,6.878,1.121,2.867,-30.99,LISTENING
25610.0,2819.256,-2557.756,-5932.169,6.878,1.121,2.867,-30.99,SENSING
25610.0,2819.256,-2557.756,-5932.169,6.878,1.121,2.867,-30.99,LISTENING
25610.0,2819.256,-2557.756,-5932.169,6.878,1.121,2.867,-30.99,SENSING
25610.0,2819.256,-2557.756,-5932.169,6.878,1.121,2.867,-30.99,LISTENING
25610.0,2819.256,-2557.756,-5932.169,6.878,1.121,2.867,-30.99,SENSING
25610.0,2819.256,-2557.756,-5932.169,6.878,1.121,2.867,-30.99,LISTENING
25610.0,2819.256,-2557.756,-5932.169,6.878,1.121,2.867,-30.99,SENSING
25610.0,2819.256,-2557.756,-5932.169,6.878,1.121,2.867,-30.99,LISTENING
25610.0,2819.256,-2557.756,-5932.169,6.878,1.121,2.867,-30.99,SENSING
25610.0,2819.256,-2557.756,-5932.169,6.878,1.121,2.867,-30.99,LISTENING
25610.0,2819.256,-2557.756,-5932.169,6.878,1.121,2.867,-30.99,SENSING
25610.0,2819.256,-2557.756,-5932.169,6.878,1.121,2.867,-30.99,LISTENING
25610.0,2819.256,-2557.756,-5932.169,6.878,1.121,2.867,-30.99,SENSING
25610.0,2819.256,-2557.756,-5932.169,6.878,1.121,2.867,-30.99,LISTENING
25610.0,2819.256,-2557.756,-5932.169,6.878,1.121,2.867,-30.99,SENSING
25610.0,2819.256,-2557.756,-5932.169,6.878,1.121,2.867,-30.99,LISTENING
25610.0,2819.256,-2557.756,-5932.169,6.878,1.121,2.867,-30.99,SENSING
25610.0,2819.256,-2557.756,-5932.169,6.878,1.121,2.867,-30.99,MESSAGING
25610.0,2819.256,-2557.756,-5932.169,6.878,1.121,2.867,-30.99,SENSING
25610.0,2819.256,-2557.756,-5932.169,6.878,1.121,2.867,-30.99,MESSAGING
25610.0,2819.256,-2557.756,-5932.169,6.878,1.121,2.867,-30.99,SENSING
25610.0,2819.256,-2557.756,-5932.169,6.878,1.121,2.867,-30.99,LISTENING
25610.0,2819.256,-2557.756,-5932.169,6.878,1.121,2.867,-30.99,SENSING
25610.0,2819.256,-2557.756,-5932.169,6.878,1.121,2.867,-30.99,LISTENING
25610.0,2819.256,-2557.756,-5932.169,6.878,1.121,2.867,-30.99,SENSING
25610.0,2819.256,-2557.756,-5932.169,6.878,1.121,2.867,-30.99,LISTENING
25617.3,2869.346,-2549.512,-5911.071,6.855,1.142,2.916,-30.99,SENSING
25617.3,2869.346,-2549.512,-5911.071,6.855,1.142,2.916,-30.99,LISTENING
25620.0,2887.828,-2546.424,-5903.177,6.846,1.15,2.934,-30.99,SENSING
25620.0,2887.828,-2546.424,-5903.177,6.846,1.15,2.934,-30.99,LISTENING
25630.0,2956.072,-2534.803,-5873.513,6.813,1.179,3.001,-30.99,SENSING
25630.0,2956.072,-2534.803,-5873.513,6.813,1.179,3.001,-30.99,LISTENING
25635.77,2995.296,-2527.966,-5856.093,6.793,1.195,3.04,-30.99,SENSING
25635.77,2995.296,-2527.966,-5856.093,6.793,1.195,3.04,-30.99,LISTENING
25638.7,3015.171,-2524.458,-5847.162,6.783,1.204,3.059,-30.99,SENSING
25638.7,3015.171,-2524.458,-5847.162,6.783,1.204,3.059,-30.99,LISTENING
25640.0,3023.98,-2522.894,-5843.181,6.779,1.207,3.068,-30.99,SENSING
25640.0,3023.98,-2522.894,-5843.181,6.779,1.207,3.068,-30.99,LISTENING
25650.0,3091.544,-2510.699,-5812.184,6.744,1.236,3.134,-30.99,SENSING
25650.0,3091.544,-2510.699,-5812.184,6.744,1.236,3.134,-30.99,LISTENING
25650.0,3091.544,-2510.699,-5812.184,6.744,1.236,3.134,-30.99,SENSING
25650.0,3091.544,-2510.699,-5812.184,6.744,1.236,3.134,-30.99,MESSAGING
25650.0,3091.544,-2510.699,-5812.184,6.744,1.236,3.134,-30.99,SENSING
25650.0,3091.544,-2510.699,-5812.184,6.744,1.236,3.134,-30.99,LISTENING
25650.0,3091.544,-2510.699,-5812.184,6.744,1.236,3.134,-30.99,SENSING
25650.0,3091.544,-2510.699,-5812.184,6.744,1.236,3.134,-30.99,LISTENING
25650.0,3091.544,-2510.699,-5812.184,6.744,1.236,3.134,-30.99,SENSING
25650.0,3091.544,-2510.699,-5812.184,6.744,1.236,3.134,-30.99,LISTENING
25650.0,3091.544,-2510.699,-5812.184,6.744,1.236,3.134,-30.99,SENSING
25650.0,3091.544,-2510.699,-5812.184,6.744,1.236,3.134,-30.99,LISTENING
25650.0,3091.544,-2510.699,-5812.184,6.744,1.236,3.134,-30.99,SENSING
25650.0,3091.544,-2510.699,-5812.184,6.744,1.236,3.134,-30.99,LISTENING
25652.89,3111.004,-2507.121,-5803.103,6.734,1.244,3.154,-30.99,SENSING
25652.89,3111.004,-2507.121,-5803.103,6.734,1.244,3.154,-30.99,LISTENING
25655.99,3131.846,-2503.257,-5793.3,6.723,1.253,3.174,-30.99,SENSING
25655.99,3131.846,-2503.257,-5793.3,6.723,1.253,3.174,-30.99,LISTENING
25660.0,3158.756,-2498.219,-5780.526,6.708,1.265,3.2,-30.99,SENSING
25660.0,3158.756,-2498.219,-5780.526,6.708,1.265,3.2,-30.99,LISTENING
25665.15,3193.23,-2491.681,-5763.964,6.69,1.279,3.234,-30.99,SENSING
25665.15,3193.23,-2491.681,-5763.964,6.69,1.279,3.234,-30.99,LISTENING
25670.0,3225.608,-2485.455,-5748.208,6.672,1.293,3.266,-30.99,SENSING
25670.0,3225.608,-2485.455,-5748.208,6.672,1.293,3.266,-30.99,LISTENING
25680.0,3292.093,-2472.408,-5715.237,6.635,1.321,3.331,-30.99,SENSING
25680.0,3292.093,-2472.408,-5715.237,6.635,1.321,3.331,-30.99,LISTENING
25693.05,3378.291,-2454.961,-5671.23,6.585,1.358,3.416,-30.99,SENSING
25693.05,3378.291,-2454.961,-5671.23,6.585,1.358,3.416,-30.99,LISTENING
25700.0,3423.931,-2445.474,-5647.343,6.558,1.377,3.461,-30.99,SENSING
25700.0,3423.931,-2445.474,-5647.343,6.558,1.377,3.461,-30.99,LISTENING
25700.0,3423.931,-2445.474,-5647.343,6.558,1.377,3.461,-30.99,SENSING
25700.0,3423.931,-2445.474,-5647.343,6.558,1.377,3.461,-30.99,LISTENING
25712.21,3503.654,-2428.483,-5604.626,6.51,1.411,3.539,-30.99,SENSING
25712.21,3503.654,-2428.483,-5604.626,6.51,1.411,3.539,-30.99,LISTENING
25715.05,3522.113,-2424.472,-5594.554,6.498,1.419,3.558,-30.99,SENSING
25715.05,3522.113,-2424.472,-5594.554,6.498,1.419,3.558,-30.99,LISTENING
25720.0,3554.208,-2417.428,-5576.875,6.478,1.433,3.589,-30.99,SENSING
25720.0,3554.208,-2417.428,-5576.875,6.478,1.433,3.589,-30.99,LISTENING
25720.0,3554.208,-2417.428,-5576.875,6.478,1.433,3.589,-30.99,SENSING
25720.0,3554.208,-2417.428,-5576.875,6.478,1.433,3.589,-30.99,LISTENING
25729.53,3615.718,-2403.676,-5542.399,6.439,1.459,3.65,-30.99,SENSING
25729.53,3615.718,-2403.676,-5542.399,6.439,1.459,3.65,-30.99,LISTENING
25730.0,3618.742,-2402.991,-5540.684,6.438,1.46,3.653,-30.99,SENSING
25730.0,3618.742,-2402.991,-5540.684,6.438,1.46,3.653,-30.99,LISTENING
25740.0,3682.864,-2388.281,-5503.862,6.396,1.487,3.716,-30.99,SENSING
25740.0,3682.864,-2388.281,-5503.862,6.396,1.487,3.716,-30.99,LISTENING
25740.0,3682.864,-2388.281,-5503.862,6.396,1.487,3.716,-30.99,SENSING
25740.0,3682.864,-2388.281,-5503.862,6.396,1.487,3.716,-30.99,LISTENING
25748.14,3734.749,-2376.107,-5473.424,6.361,1.51,3.767,-30.99,SENSING
25748.14,3734.749,-2376.107,-5473.424,6.361,1.51,3.767,-30.99,LISTENING
25748.8,3738.944,-2375.112,-5470.938,6.359,1.511,3.771,-30.99,SENSING
25748.8,3738.944,-2375.112,-5470.938,6.359,1.511,3.771,-30.99,LISTENING
25760.0,3809.84,-2358.047,-5428.336,6.31,1.542,3.841,-30.99,SENSING
25760.0,3809.84,-2358.047,-5428.336,6.31,1.542,3.841,-30.99,LISTENING
25765.33,3843.387,-2349.808,-5407.789,6.287,1.556,3.873,-30.99,SENSING
25765.33,3843.387,-2349.808,-5407.789,6.287,1.556,3.873,-30.99,LISTENING
25770.0,3872.679,-2342.527,-5389.641,6.266,1.568,3.902,-30.99,SENSING
25770.0,3872.679,-2342.527,-5389.641,6.266,1.568,3.902,-30.99,LISTENING
25774.5,3900.812,-2335.455,-5372.028,6.246,1.58,3.93,-30.99,SENSING
25774.5,3900.812,-2335.455,-5372.028,6.246,1.58,3.93,-30.99,LISTENING
25777.22,3917.774,-2331.155,-5361.321,6.234,1.588,3.947,-30.99,SENSING
25777.22,3917.774,-2331.155,-5361.321,6.234,1.588,3.947,-30.99,LISTENING
25780.0,3935.076,-2326.739,-5350.331,6.222,1.595,3.964,-30.99,SENSING
25780.0,3935.076,-2326.739,-5350.331,6.222,1.595,3.964,-30.99,LISTENING
25787.49,3981.517,-2314.741,-5320.487,6.188,1.615,4.009,-30.99,SENSING
25787.49,3981.517,-2314.741,-5320.487,6.188,1.615,4.009,-30.99,LISTENING
25790.0,3997.023,-2310.687,-5310.41,6.176,1.621,4.025,-30.99,SENSING
25790.0,3997.023,-2310.687,-5310.41,6.176,1.621,4.025,-30.99,LISTENING
25798.43,4048.89,-2296.949,-5276.284,6.138,1.644,4.076,-30.99,SENSING
25798.43,4048.89,-2296.949,-5276.284,6.138,1.644,4.076,-30.99,LISTENING
25810.0,4119.541,-2277.793,-5228.75,6.084,1.674,4.145,-30.99,SENSING
25810.0,4119.541,-2277.793,-5228.75,6.084,1.674,4.145,-30.99,LISTENING
25820.0,4180.097,-2260.955,-5187.022,6.036,1.7,4.205,-30.99,SENSING
25820.0,4180.097,-2260.955,-5187.022,6.036,1.7,4.205,-30.99,LISTENING
25825.81,4215.062,-2251.054,-5162.504,6.008,1.715,4.239,-30.99,SENSING
25825.81,4215.062,-2251.054,-5162.504,6.008,1.715,4.239,-30.99,LISTENING
25830.0,4240.176,-2243.86,-5144.7,5.988,1.726,4.264,-30.99,SENSING
25830.0,4240.176,-2243.86,-5144.7,5.988,1.726,4.264,-30.99,LISTENING
25840.0,4299.769,-2226.508,-5101.789,5.939,1.751,4.323,-30.99,SENSING
25840.0,4299.769,-2226.508,-5101.789,5.939,1.751,4.323,-30.99,LISTENING
25850.0,4358.871,-2208.903,-5058.295,5.89,1.776,4.381,-30.99,SENSING
25850.0,4358.871,-2208.903,-5058.295,5.89,1.776,4.381,-30.99,LISTENING
25860.0,4417.474,-2191.045,-5014.222,5.839,1.802,4.438,-30.99,SENSING
25860.0,4417.474,-2191.045,-5014.222,5.839,1.802,4.438,-30.99,LISTENING
25876.41,4512.543,-2161.199,-4940.656,5.755,1.843,4.532,-30.99,SENSING
25876.41,4512.543,-2161.199,-4940.656,5.755,1.843,4.532,-30.99,LISTENING
25880.0,4533.157,-2154.581,-4924.358,5.737,1.851,4.552,-30.99,SENSING
25880.0,4533.157,-2154.581,-4924.358,5.737,1.851,4.552,-30.99,LISTENING
25890.67,4594.028,-2134.724,-4875.491,5.681,1.878,4.612,-30.99,SENSING
25890.67,4594.028,-2134.724,-4875.491,5.681,1.878,4.612,-30.99,LISTENING
25900.0,4646.764,-2117.132,-4832.238,5.632,1.9,4.664,-30.99,SENSING
25900.0,4646.764,-2117.132,-4832.238,5.632,1.9,4.664,-30.99,LISTENING
25900.0,4646.764,-2117.132,-4832.238,5.632,1.9,4.664,-30.99,SENSING
25900.0,4646.764,-2117.132,-4832.238,5.632,1.9,4.664,-30.99,LISTENING
25943.39,4885.843,-2032.582,-4624.826,5.394,2.003,4.899,-30.99,SENSING
25943.39,4885.843,-2032.582,-4624.826,5.394,2.003,4.899,-30.99,LISTENING
25950.0,4921.352,-2019.313,-4592.342,5.357,2.019,4.934,-30.99,SENSING
25950.0,4921.352,-2019.313,-4592.342,5.357,2.019,4.934,-30.99,LISTENING
25956.17,4954.274,-2006.836,-4561.811,5.322,2.033,4.967,-30.99,SENSING
25956.17,4954.274,-2006.836,-4561.811,5.322,2.033,4.967,-30.99,LISTENING
25960.0,4974.602,-1999.047,-4542.76,5.3,2.042,4.987,-30.99,SENSING
25960.0,4974.602,-1999.047,-4542.76,5.3,2.042,4.987,-30.99,LISTENING
25960.0,4974.602,-1999.047,-4542.76,5.3,2.042,4.987,-30.99,SENSING
25960.0,4974.602,-1999.047,-4542.76,5.3,2.042,4.987,-30.99,MESSAGING
25960.0,4974.602,-1999.047,-4542.76,5.3,2.042,4.987,-30.99,SENSING
25960.0,4974.602,-1999.047,-4542.76,5.3,2.042,4.987,-30.99,LISTENING
25970.0,5027.281,-1978.553,-4492.657,5.243,2.065,5.039,-30.99,SENSING
25970.0,5027.281,-1978.553,-4492.657,5.243,2.065,5.039,-30.99,LISTENING
25977.49,5066.36,-1963.053,-4454.791,5.2,2.082,5.077,-30.99,SENSING
25977.49,5066.36,-1963.053,-4454.791,5.2,2.082,5.077,-30.99,LISTENING
25980.0,5079.383,-1957.831,-4442.038,5.185,2.087,5.09,-30.99,SENSING
25980.0,5079.383,-1957.831,-4442.038,5.185,2.087,5.09,-30.99,LISTENING
25980.0,5079.383,-1957.831,-4442.038,5.185,2.087,5.09,-30.99,SENSING
25980.0,5079.383,-1957.831,-4442.038,5.185,2.087,5.09,-30.99,LISTENING
26002.06,5192.251,-1911.331,-4328.578,5.055,2.136,5.201,-30.99,SENSING
26002.06,5192.251,-1911.331,-4328.578,5.055,2.136,5.201,-30.99,LISTENING
26030.0,5331.032,-1850.909,-4181.411,4.886,2.197,5.338,-30.99,SENSING
26030.0,5331.032,-1850.909,-4181.411,4.886,2.197,5.338,-30.99,LISTENING
26044.35,5400.459,-1819.23,-4104.359,4.797,2.227,5.406,-30.99,SENSING
26044.35,5400.459,-1819.23,-4104.359,4.797,2.227,5.406,-30.99,LISTENING
26060.0,5474.719,-1784.19,-4019.22,4.699,2.259,5.479,-30.99,SENSING
26060.0,5474.719,-1784.19,-4019.22,4.699,2.259,5.479,-30.99,LISTENING
26060.0,5474.719,-1784.19,-4019.22,4.699,2.259,5.479,-30.99,SENSING
26060.0,5474.719,-1784.19,-4019.22,4.699,2.259,5.479,-30.99,LISTENING
26085.99,5594.626,-1724.898,-3875.341,4.534,2.312,5.597,-30.99,SENSING
26085.99,5594.626,-1724.898,-3875.341,4.534,2.312,5.597,-30.99,MANEUVERING
26085.99,5594.626,-1724.898,-3875.341,4.534,2.312,5.597,-30.99,LISTENING
26110.0,5701.539,-1668.934,-3739.744,4.378,2.358,5.703,-6.98,MANEUVERING
26110.0,5701.539,-1668.934,-3739.744,4.378,2.358,5.703,-6.98,SENSING
26110.0,5701.539,-1668.934,-3739.744,4.378,2.358,5.703,-6.98,MEASURING
26110.0,5701.539,-1668.934,-3739.744,4.378,2.358,5.703,-6.98,SENSING
26110.0,5701.539,-1668.934,-3739.744,4.378,2.358,5.703,-6.98,LISTENING
26120.0,5744.956,-1645.297,-3682.531,4.312,2.378,5.745,-6.98,SENSING
26120.0,5744.956,-1645.297,-3682.531,4.312,2.378,5.745,-6.98,MEASURING
26120.0,5744.956,-1645.297,-3682.531,4.312,2.378,5.745,-6.98,SENSING
26120.0,5744.956,-1645.297,-3682.531,4.312,2.378,5.745,-6.98,LISTENING
26126.6,5773.249,-1629.593,-3644.538,4.268,2.39,5.773,-6.98,SENSING
26126.6,5773.249,-1629.593,-3644.538,4.268,2.39,5.773,-6.98,MANEUVERING
26126.6,5773.249,-1629.593,-3644.538,4.268,2.39,5.773,-6.98,LISTENING
26130.0,5787.712,-1621.471,-3624.895,4.245,2.396,5.788,-10.38,MANEUVERING
26130.0,5787.712,-1621.471,-3624.895,4.245,2.396,5.788,-10.38,SENSING
26130.0,5787.712,-1621.471,-3624.895,4.245,2.396,5.788,-10.38,MEASURING
26130.0,5787.712,-1621.471,-3624.895,4.245,2.396,5.788,-10.38,SENSING
26130.0,5787.712,-1621.471,-3624.895,4.245,2.396,5.788,-10.38,LISTENING
26140.0,5829.801,-1597.46,-3566.841,4.179,2.415,5.829,-10.38,SENSING
26140.0,5829.801,-1597.46,-3566.841,4.179,2.415,5.829,-10.38,MEASURING
26140.0,5829.801,-1597.46,-3566.841,4.179,2.415,5.829,-10.38,SENSING
26140.0,5829.801,-1597.46,-3566.841,4.179,2.415,5.829,-10.38,LISTENING
26154.4,5889.23,-1562.561,-3482.524,4.081,2.441,5.887,-10.38,SENSING
26154.4,5889.23,-1562.561,-3482.524,4.081,2.441,5.887,-10.38,MANEUVERING
26154.4,5889.23,-1562.561,-3482.524,4.081,2.441,5.887,-10.38,LISTENING
26170.0,5952.024,-1524.334,-3390.242,3.975,2.469,5.949,5.22,MANEUVERING
26170.0,5952.024,-1524.334,-3390.242,3.975,2.469,5.949,5.22,SENSING
26170.0,5952.024,-1524.334,-3390.242,3.975,2.469,5.949,5.22,MEASURING
26170.0,5952.024,-1524.334,-3390.242,3.975,2.469,5.949,5.22,SENSING
26170.0,5952.024,-1524.334,-3390.242,3.975,2.469,5.949,5.22,LISTENING
26182.53,6001.253,-1493.32,-3315.431,3.888,2.491,5.998,5.22,SENSING
26182.53,6001.253,-1493.32,-3315.431,3.888,2.491,5.998,5.22,MANEUVERING
26182.53,6001.253,-1493.32,-3315.431,3.888,2.491,5.998,5.22,LISTENING
26190.0,6030.086,-1474.702,-3270.544,3.837,2.503,6.026,-2.25,MANEUVERING
26190.0,6030.086,-1474.702,-3270.544,3.837,2.503,6.026,-2.25,SENSING
26190.0,6030.086,-1474.702,-3270.544,3.837,2.503,6.026,-2.25,MEASURING
26190.0,6030.086,-1474.702,-3270.544,3.837,2.503,6.026,-2.25,SENSING
26190.0,6030.086,-1474.702,-3270.544,3.837,2.503,6.026,-2.25,LISTENING
26200.0,6068.077,-1449.631,-3210.127,3.767,2.52,6.063,-2.25,SENSING
26200.0,6068.077,-1449.631,-3210.127,3.767,2.52,6.063,-2.25,MEASURING
26200.0,6068.077,-1449.631,-3210.127,3.767,2.52,6.063,-2.25,SENSING
26200.0,6068.077,-1449.631,-3210.127,3.767,2.52,6.063,-2.25,LISTENING
26210.0,6105.368,-1424.393,-3149.339,3.697,2.537,6.1,-2.25,SENSING
26210.0,6105.368,-1424.393,-3149.339,3.697,2.537,6.1,-2.25,MEASURING
26210.0,6105.368,-1424.393,-3149.339,3.697,2.537,6.1,-2.25,SENSING
26210.0,6105.368,-1424.393,-3149.339,3.697,2.537,6.1,-2.25,LISTENING
26220.0,6141.956,-1398.991,-3088.188,3.626,2.553,6.136,-2.25,SENSING
26220.0,6141.956,-1398.991,-3088.188,3.626,2.553,6.136,-2.25,MEASURING
26220.0,6141.956,-1398.991,-3088.188,3.626,2.553,6.136,-2.25,SENSING
26220.0,6141.956,-1398.991,-3088.188,3.626,2.553,6.136,-2.25,LISTENING
26220.34,6143.188,-1398.124,-3086.103,3.624,2.553,6.137,-2.25,SENSING
26220.34,6143.188,-1398.124,-3086.103,3.624,2.553,6.137,-2.25,LISTENING
26240.0,6213.004,-1347.707,-2964.825,3.484,2.585,6.206,-2.25,SENSING
26240.0,6213.004,-1347.707,-2964.825,3.484,2.585,6.206,-2.25,LISTENING
26246.61,6235.857,-1330.62,-2923.75,3.436,2.595,6.228,-2.25,SENSING
26246.61,6235.857,-1330.62,-2923.75,3.436,2.595,6.228,-2.25,LISTENING
26270.0,6314.193,-1269.626,-2777.234,3.267,2.63,6.305,-2.25,SENSING
26270.0,6314.193,-1269.626,-2777.234,3.267,2.63,6.305,-2.25,LISTENING
26285.74,6364.668,-1228.128,-2677.645,3.151,2.653,6.355,-2.25,SENSING
26285.74,6364.668,-1228.128,-2677.645,3.151,2.653,6.355,-2.25,LISTENING
26290.0,6378.017,-1216.836,-2650.558,3.12,2.659,6.368,-2.25,SENSING
26290.0,6378.017,-1216.836,-2650.558,3.12,2.659,6.368,-2.25,LISTENING
26340.0,6524.634,-1082.462,-2328.644,2.747,2.725,6.512,-2.25,SENSING
26340.0,6524.634,-1082.462,-2328.644,2.747,2.725,6.512,-2.25,LISTENING
26345.7,6540.161,-1066.938,-2291.501,2.704,2.732,6.527,-2.25,SENSING
26345.7,6540.161,-1066.938,-2291.501,2.704,2.732,6.527,-2.25,MANEUVERING
26345.7,6540.161,-1066.938,-2291.501,2.704,2.732,6.527,-2.25,LISTENING
26360.0,6578.032,-1027.818,-2197.943,2.596,2.749,6.564,12.05,MANEUVERING
26360.0,6578.032,-1027.818,-2197.943,2.596,2.749,6.564,12.05,SENSING
26360.0,6578.032,-1027.818,-2197.943,2.596,2.749,6.564,12.05,MEASURING
26360.0,6578.032,-1027.818,-2197.943,2.596,2.749,6.564,12.05,SENSING
26360.0,6578.032,-1027.818,-2197.943,2.596,2.749,6.564,12.05,LISTENING
26382.58,6634.665,-965.556,-2049.165,2.424,2.775,6.62,12.05,SENSING
26382.58,6634.665,-965.556,-2049.165,2.424,2.775,6.62,12.05,LISTENING
26390.0,6652.423,-944.971,-2000.007,2.367,2.783,6.637,12.05,SENSING
26390.0,6652.423,-944.971,-2000.007,2.367,2.783,6.637,12.05,LISTENING
26408.21,6694.211,-894.199,-1878.832,2.226,2.803,6.678,12.05,SENSING
26408.21,6694.211,-894.199,-1878.832,2.226,2.803,6.678,12.05,LISTENING
26420.0,6719.899,-861.143,-1799.99,2.135,2.815,6.703,12.05,SENSING
26420.0,6719.899,-861.143,-1799.99,2.135,2.815,6.703,12.05,LISTENING
26430.0,6740.841,-832.998,-1732.892,2.057,2.825,6.723,12.05,SENSING
26430.0,6740.841,-832.998,-1732.892,2.057,2.825,6.723,12.05,MEASURING
26430.0,6740.841,-832.998,-1732.892,2.057,2.825,6.723,12.05,SENSING
26430.0,6740.841,-832.998,-1732.892,2.057,2.825,6.723,12.05,LISTENING
26444.23,6769.298,-792.782,-1637.067,1.946,2.838,6.751,12.05,SENSING
26444.23,6769.298,-792.782,-1637.067,1.946,2.838,6.751,12.05,LISTENING
26450.0,6780.386,-776.422,-1598.102,1.9,2.843,6.762,12.05,SENSING
26450.0,6780.386,-776.422,-1598.102,1.9,2.843,6.762,12.05,LISTENING
26500.0,6865.497,-633.473,-1258.029,1.506,2.884,6.845,12.05,SENSING
26500.0,6865.497,-633.473,-1258.029,1.506,2.884,6.845,12.05,LISTENING
26511.89,6882.825,-599.195,-1176.588,1.411,2.892,6.861,12.05,SENSING
26511.89,6882.825,-599.195,-1176.588,1.411,2.892,6.861,12.05,MANEUVERING
26511.89,6882.825,-599.195,-1176.588,1.411,2.892,6.861,12.05,LISTENING
26530.0,6907.055,-546.799,-1052.176,1.267,2.904,6.885,30.16,MANEUVERING
26530.0,6907.055,-546.799,-1052.176,1.267,2.904,6.885,30.16,SENSING
26530.0,6907.055,-546.799,-1052.176,1.267,2.904,6.885,30.16,MEASURING
26530.0,6907.055,-546.799,-1052.176,1.267,2.904,6.885,30.16,SENSING
26530.0,6907.055,-546.799,-1052.176,1.267,2.904,6.885,30.16,LISTENING
26548.55,6929.157,-492.917,-924.329,1.118,2.915,6.906,30.16,SENSING
26548.55,6929.157,-492.917,-924.329,1.118,2.915,6.906,30.16,MANEUVERING
26548.55,6929.157,-492.917,-924.329,1.118,2.915,6.906,30.16,LISTENING
26560.0,6941.424,-459.558,-845.228,1.026,2.922,6.918,18.71,MANEUVERING
26560.0,6941.424,-459.558,-845.228,1.026,2.922,6.918,18.71,SENSING
26560.0,6941.424,-459.558,-845.228,1.026,2.922,6.918,18.71,MEASURING
26560.0,6941.424,-459.558,-845.228,1.026,2.922,6.918,18.71,SENSING
26560.0,6941.424,-459.558,-845.228,1.026,2.922,6.918,18.71,LISTENING
26565.61,6947.05,-443.188,-806.425,0.981,2.925,6.923,18.71,SENSING
26565.61,6947.05,-443.188,-806.425,0.981,2.925,6.923,18.71,LISTENING
26570.0,6951.276,-430.367,-776.039,0.946,2.927,6.927,18.71,SENSING
26570.0,6951.276,-430.367,-776.039,0.946,2.927,6.927,18.71,LISTENING
26580.0,6960.324,-401.126,-706.761,0.865,2.932,6.936,18.71,SENSING
26580.0,6960.324,-401.126,-706.761,0.865,2.932,6.936,18.71,LISTENING
26583.12,6962.983,-391.994,-685.129,0.84,2.933,6.938,18.71,SENSING
26583.12,6962.983,-391.994,-685.129,0.84,2.933,6.938,18.71,MANEUVERING
26583.12,6962.983,-391.994,-685.129,0.84,2.933,6.938,18.71,LISTENING
26590.0,6968.568,-371.839,-637.4,0.785,2.936,6.943,25.59,MANEUVERING
26590.0,6968.568,-371.839,-637.4,0.785,2.936,6.943,25.59,SENSING
26590.0,6968.568,-371.839,-637.4,0.785,2.936,6.943,25.59,MEASURING
26590.0,6968.568,-371.839,-637.4,0.785,2.936,6.943,25.59,SENSING
26590.0,6968.568,-371.839,-637.4,0.785,2.936,6.943,25.59,LISTENING
26724.61,7000.832,25.201,300.186,-0.306,2.963,6.97,25.59,SENSING
26724.61,7000.832,25.201,300.186,-0.306,2.963,6.97,25.59,LISTENING
26760.0,6984.951,129.838,546.442,-0.592,2.96,6.952,25.59,SENSING
26760.0,6984.951,129.838,546.442,-0.592,2.96,6.952,25.59,LISTENING
26760.0,6984.951,129.838,546.442,-0.592,2.96,6.952,25.59,SENSING
26760.0,6984.951,129.838,546.442,-0.592,2.96,6.952,25.59,LISTENING
27085.55,6372.647,1064.447,2729.579,-3.132,2.733,6.329,25.59,SENSING
27085.55,6372.647,1064.447,2729.579,-3.132,2.733,6.329,25.59,LISTENING
27100.0,6326.65,1103.744,2820.661,-3.238,2.715,6.283,25.59,SENSING
27100.0,6326.65,1103.744,2820.661,-3.238,2.715,6.283,25.59,LISTENING
27127.32,6235.532,1177.309,2990.991,-3.436,2.679,6.192,25.59,SENSING
27127.32,6235.532,1177.309,2990.991,-3.436,2.679,6.192,25.59,LISTENING
27130.0,6226.303,1184.472,3007.563,-3.456,2.676,6.182,25.59,SENSING
27130.0,6226.303,1184.472,3007.563,-3.456,2.676,6.182,25.59,LISTENING
27130.0,6226.303,1184.472,3007.563,-3.456,2.676,6.182,25.59,SENSING
27130.0,6226.303,1184.472,3007.563,-3.456,2.676,6.182,25.59,LISTENING
27448.88,4785.751,1951.264,4765.46,-5.495,2.096,4.743,25.59,SENSING
27448.88,4785.751,1951.264,4765.46,-5.495,2.096,4.743,25.59,LISTENING
27500.0,4498.001,2055.246,5000.526,-5.767,1.979,4.456,25.59,SENSING
27500.0,4498.001,2055.246,5000.526,-5.767,1.979,4.456,25.59,LISTENING
27507.32,4455.676,2069.64,5032.977,-5.805,1.961,4.414,25.59,SENSING
27507.32,4455.676,2069.64,5032.977,-5.805,1.961,4.414,25.59,LISTENING
27510.0,4440.112,2074.879,5044.781,-5.819,1.955,4.399,25.59,SENSING
27510.0,4440.112,2074.879,5044.781,-5.819,1.955,4.399,25.59,LISTENING
27510.0,4440.112,2074.879,5044.781,-5.819,1.955,4.399,25.59,SENSING
27510.0,4440.112,2074.879,5044.781,-5.819,1.955,4.399,25.59,LISTENING
27530.0,4322.815,2113.433,5131.554,-5.919,1.907,4.282,25.59,SENSING
27530.0,4322.815,2113.433,5131.554,-5.919,1.907,4.282,25.59,LISTENING
27606.79,3854.58,2252.355,5442.583,-6.278,1.716,3.818,25.59,SENSING
27606.79,3854.58,2252.355,5442.583,-6.278,1.716,3.818,25.59,LISTENING
27610.0,3834.42,2257.839,5454.801,-6.292,1.707,3.798,25.59,SENSING
27610.0,3834.42,2257.839,5454.801,-6.292,1.707,3.798,25.59,LISTENING
27615.89,3797.31,2267.833,5477.052,-6.318,1.692,3.761,25.59,SENSING
27615.89,3797.31,2267.833,5477.052,-6.318,1.692,3.761,25.59,LISTENING
27620.0,3771.326,2274.754,5492.45,-6.335,1.681,3.736,25.59,SENSING
27620.0,3771.326,2274.754,5492.45,-6.335,1.681,3.736,25.59,LISTENING
27626.51,3730.02,2285.626,5516.623,-6.363,1.665,3.695,25.59,SENSING
27626.51,3730.02,2285.626,5516.623,-6.363,1.665,3.695,25.59,LISTENING
27630.0,3707.802,2291.409,5529.473,-6.378,1.655,3.673,25.59,SENSING
27630.0,3707.802,2291.409,5529.473,-6.378,1.655,3.673,25.59,LISTENING
27630.0,3707.802,2291.409,5529.473,-6.378,1.655,3.673,25.59,SENSING
27630.0,3707.802,2291.409,5529.473,-6.378,1.655,3.673,25.59,LISTENING
27635.68,3671.532,2300.754,5550.221,-6.402,1.641,3.637,25.59,SENSING
27635.68,3671.532,2300.754,5550.221,-6.402,1.641,3.637,25.59,LISTENING
27640.0,3643.855,2307.804,5565.864,-6.42,1.629,3.609,25.59,SENSING
27640.0,3643.855,2307.804,5565.864,-6.42,1.629,3.609,25.59,LISTENING
27645.94,3605.674,2317.418,5587.181,-6.445,1.614,3.572,25.59,SENSING
27645.94,3605.674,2317.418,5587.181,-6.445,1.614,3.572,25.59,LISTENING
27650.0,3579.493,2323.936,5601.621,-6.461,1.603,3.546,25.59,SENSING
27650.0,3579.493,2323.936,5601.621,-6.461,1.603,3.546,25.59,LISTENING
27680.0,3383.989,2370.741,5705.045,-6.58,1.523,3.352,25.59,SENSING
27680.0,3383.989,2370.741,5705.045,-6.58,1.523,3.352,25.59,LISTENING
27695.96,3278.555,2394.656,5757.689,-6.641,1.479,3.248,25.59,SENSING
27695.96,3278.555,2394.656,5757.689,-6.641,1.479,3.248,25.59,LISTENING
27700.0,3251.714,2400.6,5770.75,-6.656,1.468,3.221,25.59,SENSING
27700.0,3251.714,2400.6,5770.75,-6.656,1.468,3.221,25.59,LISTENING
27708.13,3197.517,2412.427,5796.71,-6.686,1.446,3.168,25.59,SENSING
27708.13,3197.517,2412.427,5796.71,-6.686,1.446,3.168,25.59,LISTENING
27760.0,2846.254,2483.586,5951.99,-6.864,1.302,2.821,25.59,SENSING
27760.0,2846.254,2483.586,5951.99,-6.864,1.302,2.821,25.59,LISTENING
27770.0,2777.5,2496.44,5979.847,-6.896,1.273,2.753,25.59,SENSING
27770.0,2777.5,2496.44,5979.847,-6.896,1.273,2.753,25.59,LISTENING
27779.68,2710.645,2508.613,6006.166,-6.926,1.246,2.687,25.59,SENSING
27779.68,2710.645,2508.613,6006.166,-6.926,1.246,2.687,25.59,LISTENING
27790.0,2639.053,2521.298,6033.52,-6.958,1.216,2.617,25.59,SENSING
27790.0,2639.053,2521.298,6033.52,-6.958,1.216,2.617,25.59,LISTENING
27800.22,2567.84,2533.56,6059.891,-6.988,1.187,2.546,25.59,SENSING
27800.22,2567.84,2533.56,6059.891,-6.988,1.187,2.546,25.59,LISTENING
27810.0,2499.408,2545.013,6084.453,-7.016,1.159,2.479,25.59,SENSING
27810.0,2499.408,2545.013,6084.453,-7.016,1.159,2.479,25.59,LISTENING
27816.57,2453.284,2552.553,6100.582,-7.035,1.14,2.434,25.59,SENSING
27816.57,2453.284,2552.553,6100.582,-7.035,1.14,2.434,25.59,LISTENING
27820.0,2429.156,2556.44,6108.884,-7.044,1.13,2.41,25.59,SENSING
27820.0,2429.156,2556.44,6108.884,-7.044,1.13,2.41,25.59,LISTENING
27820.21,2427.678,2556.676,6109.39,-7.045,1.129,2.408,25.59,SENSING
27820.21,2427.678,2556.676,6109.39,-7.045,1.129,2.408,25.59,MANEUVERING
27820.21,2427.678,2556.676,6109.39,-7.045,1.129,2.408,25.59,LISTENING
27834.0,2330.343,2571.95,6141.924,-7.082,1.089,2.312,11.8,MANEUVERING
27834.0,2330.343,2571.95,6141.924,-7.082,1.089,2.312,11.8,SENSING
27834.0,2330.343,2571.95,6141.924,-7.082,1.089,2.312,11.8,MANEUVERING
27834.0,2330.343,2571.95,6141.924,-7.082,1.089,2.312,11.8,LISTENING
27840.0,2287.835,2578.423,6155.666,-7.098,1.072,2.271,5.8,MANEUVERING
27840.0,2287.835,2578.423,6155.666,-7.098,1.072,2.271,5.8,SENSING
27840.0,2287.835,2578.423,6155.666,-7.098,1.072,2.271,5.8,MANEUVERING
27840.0,2287.835,2578.423,6155.666,-7.098,1.072,2.271,5.8,LISTENING
27853.8,2189.714,2592.912,6186.318,-7.133,1.031,2.174,-8.0,MANEUVERING
27853.8,2189.714,2592.912,6186.318,-7.133,1.031,2.174,-8.0,SENSING
27853.8,2189.714,2592.912,6186.318,-7.133,1.031,2.174,-8.0,MANEUVERING
27853.8,2189.714,2592.912,6186.318,-7.133,1.031,2.174,-8.0,LISTENING
27860.0,2145.475,2599.241,6199.656,-7.148,1.013,2.13,-14.2,MANEUVERING
27860.0,2145.475,2599.241,6199.656,-7.148,1.013,2.13,-14.2,SENSING
27860.0,2145.475,2599.241,6199.656,-7.148,1.013,2.13,-14.2,MEASURING
27860.0,2145.475,2599.241,6199.656,-7.148,1.013,2.13,-14.2,SENSING
27860.0,2145.475,2599.241,6199.656,-7.148,1.013,2.13,-14.2,LISTENING
27865.59,2105.509,2604.849,6211.449,-7.161,0.997,2.091,-14.2,SENSING
27865.59,2105.509,2604.849,6211.449,-7.161,0.997,2.091,-14.2,MANEUVERING
27865.59,2105.509,2604.849,6211.449,-7.161,0.997,2.091,-14.2,LISTENING
27870.0,2073.927,2609.209,6220.598,-7.172,0.984,2.06,-18.61,MANEUVERING
27870.0,2073.927,2609.209,6220.598,-7.172,0.984,2.06,-18.61,SENSING
27870.0,2073.927,2609.209,6220.598,-7.172,0.984,2.06,-18.61,MEASURING
27870.0,2073.927,2609.209,6220.598,-7.172,0.984,2.06,-18.61,SENSING
27870.0,2073.927,2609.209,6220.598,-7.172,0.984,2.06,-18.61,LISTENING
27875.71,2032.967,2614.769,6232.24,-7.185,0.967,2.02,-18.61,SENSING
27875.71,2032.967,2614.769,6232.24,-7.185,0.967,2.02,-18.61,MANEUVERING
27875.71,2032.967,2614.769,6232.24,-7.185,0.967,2.02,-18.61,LISTENING
27880.0,2002.144,2618.883,6240.835,-7.195,0.954,1.989,-14.32,MANEUVERING
27880.0,2002.144,2618.883,6240.835,-7.195,0.954,1.989,-14.32,SENSING
27880.0,2002.144,2618.883,6240.835,-7.195,0.954,1.989,-14.32,MEASURING
27880.0,2002.144,2618.883,6240.835,-7.195,0.954,1.989,-14.32,SENSING
27880.0,2002.144,2618.883,6240.835,-7.195,0.954,1.989,-14.32,LISTENING
27884.24,1971.639,2622.895,6249.202,-7.204,0.942,1.959,-14.32,SENSING
27884.24,1971.639,2622.895,6249.202,-7.204,0.942,1.959,-14.32,LISTENING
27886.12,1958.101,2624.657,6252.872,-7.209,0.936,1.946,-14.32,SENSING
27886.12,1958.101,2624.657,6252.872,-7.209,0.936,1.946,-14.32,MANEUVERING
27886.12,1958.101,2624.657,6252.872,-7.209,0.936,1.946,-14.32,LISTENING
27900.0,1857.907,2637.342,6279.188,-7.239,0.895,1.848,-28.2,MANEUVERING
27900.0,1857.907,2637.342,6279.188,-7.239,0.895,1.848,-28.2,SENSING
27900.0,1857.907,2637.342,6279.188,-7.239,0.895,1.848,-28.2,MEASURING
27900.0,1857.907,2637.342,6279.188,-7.239,0.895,1.848,-28.2,SENSING
27900.0,1857.907,2637.342,6279.188,-7.239,0.895,1.848,-28.2,LISTENING
27909.24,1790.981,2645.468,6295.947,-7.258,0.867,1.782,-28.2,SENSING
27909.24,1790.981,2645.468,6295.947,-7.258,0.867,1.782,-28.2,LISTENING
27920.0,1712.828,2654.61,6314.697,-7.279,0.835,1.705,-28.2,SENSING
27920.0,1712.828,2654.61,6314.697,-7.279,0.835,1.705,-28.2,LISTENING
27927.49,1658.293,2660.769,6327.261,-7.293,0.812,1.651,-28.2,SENSING
27927.49,1658.293,2660.769,6327.261,-7.293,0.812,1.651,-28.2,LISTENING
27930.0,1639.994,2662.796,6331.382,-7.298,0.805,1.633,-28.2,SENSING
27930.0,1639.994,2662.796,6331.382,-7.298,0.805,1.633,-28.2,MEASURING
27930.0,1639.994,2662.796,6331.382,-7.298,0.805,1.633,-28.2,SENSING
27930.0,1639.994,2662.796,6331.382,-7.298,0.805,1.633,-28.2,LISTENING
27936.51,1592.479,2667.963,6341.859,-7.31,0.785,1.587,-28.2,SENSING
27936.51,1592.479,2667.963,6341.859,-7.31,0.785,1.587,-28.2,LISTENING
27940.0,1566.975,2670.681,6347.35,-7.316,0.775,1.562,-28.2,SENSING
27940.0,1566.975,2670.681,6347.35,-7.316,0.775,1.562,-28.2,LISTENING
27950.0,1493.779,2678.265,6362.601,-7.333,0.745,1.49,-28.2,SENSING
27950.0,1493.779,2678.265,6362.601,-7.333,0.745,1.49,-28.2,LISTENING
27960.79,1414.611,2686.109,6378.25,-7.351,0.712,1.412,-28.2,SENSING
27960.79,1414.611,2686.109,6378.25,-7.351,0.712,1.412,-28.2,LISTENING
27970.0,1346.889,2692.526,6390.944,-7.366,0.684,1.346,-28.2,SENSING
27970.0,1346.889,2692.526,6390.944,-7.366,0.684,1.346,-28.2,LISTENING
27970.0,1346.889,2692.526,6390.944,-7.366,0.684,1.346,-28.2,SENSING
27970.0,1346.889,2692.526,6390.944,-7.366,0.684,1.346,-28.2,LISTENING
27981.61,1261.336,2700.249,6406.074,-7.383,0.649,1.262,-28.2,SENSING
27981.61,1261.336,2700.249,6406.074,-7.383,0.649,1.262,-28.2,LISTENING
27990.0,1199.39,2705.575,6416.401,-7.394,0.623,1.201,-28.2,SENSING
27990.0,1199.39,2705.575,6416.401,-7.394,0.623,1.201,-28.2,LISTENING
27996.77,1149.336,2709.716,6424.362,-7.403,0.602,1.152,-28.2,SENSING
27996.77,1149.336,2709.716,6424.362,-7.403,0.602,1.152,-28.2,LISTENING
28000.0,1125.434,2711.642,6428.043,-7.407,0.592,1.129,-28.2,SENSING
28000.0,1125.434,2711.642,6428.043,-7.407,0.592,1.129,-28.2,MEASURING
28000.0,1125.434,2711.642,6428.043,-7.407,0.592,1.129,-28.2,SENSING
28000.0,1125.434,2711.642,6428.043,-7.407,0.592,1.129,-28.2,LISTENING
28006.54,1076.997,2715.446,6435.265,-7.416,0.572,1.081,-28.2,SENSING
28006.54,1076.997,2715.446,6435.265,-7.416,0.572,1.081,-28.2,LISTENING
28010.0,1051.351,2717.405,6438.96,-7.42,0.562,1.056,-28.2,SENSING
28010.0,1051.351,2717.405,6438.96,-7.42,0.562,1.056,-28.2,MEASURING
28010.0,1051.351,2717.405,6438.96,-7.42,0.562,1.056,-28.2,SENSING
28010.0,1051.351,2717.405,6438.96,-7.42,0.562,1.056,-28.2,LISTENING
28020.0,977.149,2722.862,6449.151,-7.431,0.531,0.983,-28.2,SENSING
28020.0,977.149,2722.862,6449.151,-7.431,0.531,0.983,-28.2,LISTENING
28030.0,902.837,2728.013,6458.615,-7.442,0.5,0.91,-28.2,SENSING
28030.0,902.837,2728.013,6458.615,-7.442,0.5,0.91,-28.2,LISTENING
28033.66,875.613,2729.821,6461.897,-7.445,0.489,0.884,-28.2,SENSING
28033.66,875.613,2729.821,6461.897,-7.445,0.489,0.884,-28.2,LISTENING
28040.0,828.423,2732.857,6467.351,-7.451,0.47,0.838,-28.2,SENSING
28040.0,828.423,2732.857,6467.351,-7.451,0.47,0.838,-28.2,MEASURING
28040.0,828.423,2732.857,6467.351,-7.451,0.47,0.838,-28.2,SENSING
28040.0,828.423,2732.857,6467.351,-7.451,0.47,0.838,-28.2,LISTENING
28050.0,753.916,2737.393,6475.358,-7.46,0.439,0.765,-28.2,SENSING
28050.0,753.916,2737.393,6475.358,-7.46,0.439,0.765,-28.2,LISTENING
28060.0,679.325,2741.623,6482.635,-7.468,0.408,0.692,-28.2,SENSING
28060.0,679.325,2741.623,6482.635,-7.468,0.408,0.692,-28.2,LISTENING
28090.0,455.124,2752.462,6500.085,-7.488,0.315,0.472,-28.2,SENSING
28090.0,455.124,2752.462,6500.085,-7.488,0.315,0.472,-28.2,MEASURING
28090.0,455.124,2752.462,6500.085,-7.488,0.315,0.472,-28.2,SENSING
28090.0,455.124,2752.462,6500.085,-7.488,0.315,0.472,-28.2,LISTENING
28114.07,274.897,2759.149,6509.328,-7.498,0.241,0.296,-28.2,SENSING
28114.07,274.897,2759.149,6509.328,-7.498,0.241,0.296,-28.2,MANEUVERING
28114.07,274.897,2759.149,6509.328,-7.498,0.241,0.296,-28.2,LISTENING
28140.0,80.546,2764.347,6514.541,-7.503,0.16,0.106,-2.27,MANEUVERING
28140.0,80.546,2764.347,6514.541,-7.503,0.16,0.106,-2.27,SENSING
28140.0,80.546,2764.347,6514.541,-7.503,0.16,0.106,-2.27,MEASURING
28140.0,80.546,2764.347,6514.541,-7.503,0.16,0.106,-2.27,SENSING
28140.0,80.546,2764.347,6514.541,-7.503,0.16,0.106,-2.27,LISTENING
28150.0,5.57,2765.795,6515.237,-7.503,0.129,0.033,-2.27,SENSING
28150.0,5.57,2765.795,6515.237,-7.503,0.129,0.033,-2.27,MEASURING
28150.0,5.57,2765.795,6515.237,-7.503,0.129,0.033,-2.27,SENSING
28150.0,5.57,2765.795,6515.237,-7.503,0.129,0.033,-2.27,LISTENING
28150.0,5.57,2765.795,6515.237,-7.503,0.129,0.033,-2.27,SENSING
28150.0,5.57,2765.795,6515.237,-7.503,0.129,0.033,-2.27,LISTENING
28154.55,-28.545,2766.352,6515.311,-7.503,0.115,-0.0,-2.27,SENSING
28154.55,-28.545,2766.352,6515.311,-7.503,0.115,-0.0,-2.27,MANEUVERING
28154.55,-28.545,2766.352,6515.311,-7.503,0.115,-0.0,-2.27,LISTENING
28160.0,-69.407,2766.934,6515.201,-7.503,0.098,-0.04,3.18,MANEUVERING
28160.0,-69.407,2766.934,6515.201,-7.503,0.098,-0.04,3.18,SENSING
28160.0,-69.407,2766.934,6515.201,-7.503,0.098,-0.04,3.18,MEASURING
28160.0,-69.407,2766.934,6515.201,-7.503,0.098,-0.04,3.18,SENSING
28160.0,-69.407,2766.934,6515.201,-7.503,0.098,-0.04,3.18,LISTENING
28176.76,-195.047,2768.148,6513.501,-7.5,0.046,-0.163,3.18,SENSING
28176.76,-195.047,2768.148,6513.501,-7.5,0.046,-0.163,3.18,MANEUVERING
28176.76,-195.047,2768.148,6513.501,-7.5,0.046,-0.163,3.18,LISTENING
28190.0,-294.258,2768.491,6510.706,-7.497,0.005,-0.26,16.42,MANEUVERING
28190.0,-294.258,2768.491,6510.706,-7.497,0.005,-0.26,16.42,SENSING
28190.0,-294.258,2768.491,6510.706,-7.497,0.005,-0.26,16.42,MEASURING
28190.0,-294.258,2768.491,6510.706,-7.497,0.005,-0.26,16.42,SENSING
28190.0,-294.258,2768.491,6510.706,-7.497,0.005,-0.26,16.42,LISTENING
28206.96,-421.257,2768.139,6505.257,-7.49,-0.047,-0.383,16.42,SENSING
28206.96,-421.257,2768.139,6505.257,-7.49,-0.047,-0.383,16.42,LISTENING
28210.0,-444.008,2767.981,6504.058,-7.488,-0.057,-0.406,16.42,SENSING
28210.0,-444.008,2767.981,6504.058,-7.488,-0.057,-0.406,16.42,LISTENING
28211.63,-456.204,2767.885,6503.388,-7.488,-0.062,-0.417,16.42,SENSING
28211.63,-456.204,2767.885,6503.388,-7.488,-0.062,-0.417,16.42,MANEUVERING
28211.63,-456.204,2767.885,6503.388,-7.488,-0.062,-0.417,16.42,LISTENING
28220.0,-518.812,2767.262,6499.641,-7.483,-0.088,-0.478,24.79,MANEUVERING
28220.0,-518.812,2767.262,6499.641,-7.483,-0.088,-0.478,24.79,SENSING
28220.0,-518.812,2767.262,6499.641,-7.483,-0.088,-0.478,24.79,MEASURING
28220.0,-518.812,2767.262,6499.641,-7.483,-0.088,-0.478,24.79,SENSING
28220.0,-518.812,2767.262,6499.641,-7.483,-0.088,-0.478,24.79,LISTENING
28223.99,-548.643,2766.889,6497.675,-7.481,-0.1,-0.508,24.79,SENSING
28223.99,-548.643,2766.889,6497.675,-7.481,-0.1,-0.508,24.79,LISTENING
28230.0,-593.558,2766.234,6494.495,-7.477,-0.119,-0.551,24.79,SENSING
28230.0,-593.558,2766.234,6494.495,-7.477,-0.119,-0.551,24.79,MEASURING
28230.0,-593.558,2766.234,6494.495,-7.477,-0.119,-0.551,24.79,SENSING
28230.0,-593.558,2766.234,6494.495,-7.477,-0.119,-0.551,24.79,LISTENING
28235.07,-631.429,2765.594,6491.608,-7.473,-0.134,-0.588,24.79,SENSING
28235.07,-631.429,2765.594,6491.608,-7.473,-0.134,-0.588,24.79,MANEUVERING
28235.07,-631.429,2765.594,6491.608,-7.473,-0.134,-0.588,24.79,LISTENING
28240.0,-668.238,2764.896,6488.621,-7.47,-0.15,-0.624,29.72,MANEUVERING
28240.0,-668.238,2764.896,6488.621,-7.47,-0.15,-0.624,29.72,SENSING
28240.0,-668.238,2764.896,6488.621,-7.47,-0.15,-0.624,29.72,MEASURING
28240.0,-668.238,2764.896,6488.621,-7.47,-0.15,-0.624,29.72,SENSING
28240.0,-668.238,2764.896,6488.621,-7.47,-0.15,-0.624,29.72,LISTENING
28245.92,-712.414,2763.959,6484.802,-7.465,-0.168,-0.667,29.72,SENSING
28245.92,-712.414,2763.959,6484.802,-7.465,-0.168,-0.667,29.72,LISTENING
28250.0,-742.843,2763.25,6482.021,-7.462,-0.181,-0.697,29.72,SENSING
28250.0,-742.843,2763.25,6482.021,-7.462,-0.181,-0.697,29.72,MEASURING
28250.0,-742.843,2763.25,6482.021,-7.462,-0.181,-0.697,29.72,SENSING
28250.0,-742.843,2763.25,6482.021,-7.462,-0.181,-0.697,29.72,LISTENING
28270.0,-891.795,2759.032,6466.645,-7.444,-0.242,-0.842,29.72,SENSING
28270.0,-891.795,2759.032,6466.645,-7.444,-0.242,-0.842,29.72,MEASURING
28270.0,-891.795,2759.032,6466.645,-7.444,-0.242,-0.842,29.72,SENSING
28270.0,-891.795,2759.032,6466.645,-7.444,-0.242,-0.842,29.72,LISTENING
28280.86,-972.513,2756.225,6457.083,-7.432,-0.276,-0.92,29.72,SENSING
28280.86,-972.513,2756.225,6457.083,-7.432,-0.276,-0.92,29.72,LISTENING
28290.0,-1040.348,2753.583,6448.376,-7.422,-0.304,-0.986,29.72,SENSING
28290.0,-1040.348,2753.583,6448.376,-7.422,-0.304,-0.986,29.72,LISTENING
28291.99,-1055.105,2752.973,6446.4,-7.42,-0.31,-1.001,29.72,SENSING
28291.99,-1055.105,2752.973,6446.4,-7.42,-0.31,-1.001,29.72,MANEUVERING
28291.99,-1055.105,2752.973,6446.4,-7.42,-0.31,-1.001,29.72,LISTENING
28298.47,-1103.124,2750.905,6439.769,-7.412,-0.33,-1.047,23.24,MANEUVERING
28298.47,-1103.124,2750.905,6439.769,-7.412,-0.33,-1.047,23.24,SENSING
28298.47,-1103.124,2750.905,6439.769,-7.412,-0.33,-1.047,23.24,MANEUVERING
28298.47,-1103.124,2750.905,6439.769,-7.412,-0.33,-1.047,23.24,LISTENING
28300.0,-1114.454,2750.397,6438.159,-7.41,-0.335,-1.058,21.71,MANEUVERING
28300.0,-1114.454,2750.397,6438.159,-7.41,-0.335,-1.058,21.71,SENSING
28300.0,-1114.454,2750.397,6438.159,-7.41,-0.335,-1.058,21.71,MEASURING
28300.0,-1114.454,2750.397,6438.159,-7.41,-0.335,-1.058,21.71,SENSING
28300.0,-1114.454,2750.397,6438.159,-7.41,-0.335,-1.058,21.71,LISTENING
28310.0,-1188.436,2746.905,6427.223,-7.397,-0.365,-1.13,21.71,SENSING
28310.0,-1188.436,2746.905,6427.223,-7.397,-0.365,-1.13,21.71,MEASURING
28310.0,-1188.436,2746.905,6427.223,-7.397,-0.365,-1.13,21.71,SENSING
28310.0,-1188.436,2746.905,6427.223,-7.397,-0.365,-1.13,21.71,LISTENING
28324.63,-1296.43,2741.245,6409.93,-7.377,-0.41,-1.235,21.71,SENSING
28324.63,-1296.43,2741.245,6409.93,-7.377,-0.41,-1.235,21.71,MANEUVERING
28324.63,-1296.43,2741.245,6409.93,-7.377,-0.41,-1.235,21.71,LISTENING
28326.96,-1313.601,2740.284,6407.034,-7.373,-0.417,-1.252,24.04,MANEUVERING
28326.96,-1313.601,2740.284,6407.034,-7.373,-0.417,-1.252,24.04,SENSING
28326.96,-1313.601,2740.284,6407.034,-7.373,-0.417,-1.252,24.04,MANEUVERING
28326.96,-1313.601,2740.284,6407.034,-7.373,-0.417,-1.252,24.04,LISTENING
28330.0,-1335.993,2739.004,6403.198,-7.369,-0.427,-1.274,27.08,MANEUVERING
28330.0,-1335.993,2739.004,6403.198,-7.369,-0.427,-1.274,27.08,SENSING
28330.0,-1335.993,2739.004,6403.198,-7.369,-0.427,-1.274,27.08,MEASURING
28330.0,-1335.993,2739.004,6403.198,-7.369,-0.427,-1.274,27.08,SENSING
28330.0,-1335.993,2739.004,6403.198,-7.369,-0.427,-1.274,27.08,LISTENING
28340.0,-1409.552,2734.595,6390.112,-7.353,-0.457,-1.345,27.08,SENSING
28340.0,-1409.552,2734.595,6390.112,-7.353,-0.457,-1.345,27.08,MEASURING
28340.0,-1409.552,2734.595,6390.112,-7.353,-0.457,-1.345,27.08,SENSING
28340.0,-1409.552,2734.595,6390.112,-7.353,-0.457,-1.345,27.08,LISTENING
28345.27,-1448.254,2732.149,6382.929,-7.345,-0.473,-1.383,27.08,SENSING
28345.27,-1448.254,2732.149,6382.929,-7.345,-0.473,-1.383,27.08,LISTENING
28350.0,-1482.953,2729.882,6376.313,-7.337,-0.488,-1.416,27.08,SENSING
28350.0,-1482.953,2729.882,6376.313,-7.337,-0.488,-1.416,27.08,MEASURING
28350.0,-1482.953,2729.882,6376.313,-7.337,-0.488,-1.416,27.08,SENSING
28350.0,-1482.953,2729.882,6376.313,-7.337,-0.488,-1.416,27.08,LISTENING
28361.26,-1565.405,2724.211,6359.923,-7.318,-0.522,-1.496,27.08,SENSING
28361.26,-1565.405,2724.211,6359.923,-7.318,-0.522,-1.496,27.08,MANEUVERING
28361.26,-1565.405,2724.211,6359.923,-7.318,-0.522,-1.496,27.08,LISTENING
28370.0,-1629.252,2719.545,6346.582,-7.303,-0.548,-1.558,18.34,MANEUVERING
28370.0,-1629.252,2719.545,6346.582,-7.303,-0.548,-1.558,18.34,SENSING
28370.0,-1629.252,2719.545,6346.582,-7.303,-0.548,-1.558,18.34,MEASURING
28370.0,-1629.252,2719.545,6346.582,-7.303,-0.548,-1.558,18.34,SENSING
28370.0,-1629.252,2719.545,6346.582,-7.303,-0.548,-1.558,18.34,LISTENING
28373.74,-1656.531,2717.478,6340.707,-7.296,-0.56,-1.585,18.34,SENSING
28373.74,-1656.531,2717.478,6340.707,-7.296,-0.56,-1.585,18.34,LISTENING
28380.0,-1702.133,2713.923,6330.653,-7.284,-0.579,-1.629,18.34,SENSING
28380.0,-1702.133,2713.923,6330.653,-7.284,-0.579,-1.629,18.34,LISTENING
28504.19,-2588.909,2619.216,6074.752,-6.987,-0.947,-2.488,18.34,SENSING
28504.19,-2588.909,2619.216,6074.752,-6.987,-0.947,-2.488,18.34,LISTENING
28510.0,-2629.425,2613.674,6060.191,-6.97,-0.964,-2.527,18.34,SENSING
28510.0,-2629.425,2613.674,6060.191,-6.97,-0.964,-2.527,18.34,LISTENING
28510.0,-2629.425,2613.674,6060.191,-6.97,-0.964,-2.527,18.34,SENSING
28510.0,-2629.425,2613.674,6060.191,-6.97,-0.964,-2.527,18.34,LISTENING
28517.11,-2678.873,2606.759,6042.063,-6.949,-0.985,-2.575,18.34,SENSING
28517.11,-2678.873,2606.759,6042.063,-6.949,-0.985,-2.575,18.34,MANEUVERING
28517.11,-2678.873,2606.759,6042.063,-6.949,-0.985,-2.575,18.34,LISTENING
28530.0,-2768.134,2593.852,6008.335,-6.91,-1.022,-2.661,31.23,MANEUVERING
28530.0,-2768.134,2593.852,6008.335,-6.91,-1.022,-2.661,31.23,SENSING
28530.0,-2768.134,2593.852,6008.335,-6.91,-1.022,-2.661,31.23,MEASURING
28530.0,-2768.134,2593.852,6008.335,-6.91,-1.022,-2.661,31.23,SENSING
28530.0,-2768.134,2593.852,6008.335,-6.91,-1.022,-2.661,31.23,LISTENING
28540.0,-2837.032,2583.509,5981.405,-6.879,-1.051,-2.728,31.23,SENSING
28540.0,-2837.032,2583.509,5981.405,-6.879,-1.051,-2.728,31.23,MEASURING
28540.0,-2837.032,2583.509,5981.405,-6.879,-1.051,-2.728,31.23,SENSING
28540.0,-2837.032,2583.509,5981.405,-6.879,-1.051,-2.728,31.23,LISTENING
28540.0,-2837.032,2583.509,5981.405,-6.879,-1.051,-2.728,31.23,SENSING
28540.0,-2837.032,2583.509,5981.405,-6.879,-1.051,-2.728,31.23,MESSAGING
28540.0,-2837.032,2583.509,5981.405,-6.879,-1.051,-2.728,31.23,SENSING
28540.0,-2837.032,2583.509,5981.405,-6.879,-1.051,-2.728,31.23,LISTENING
28540.0,-2837.032,2583.509,5981.405,-6.879,-1.051,-2.728,31.23,SENSING
28540.0,-2837.032,2583.509,5981.405,-6.879,-1.051,-2.728,31.23,LISTENING
28540.0,-2837.032,2583.509,5981.405,-6.879,-1.051,-2.728,31.23,SENSING
28540.0,-2837.032,2583.509,5981.405,-6.879,-1.051,-2.728,31.23,LISTENING
28540.0,-2837.032,2583.509,5981.405,-6.879,-1.051,-2.728,31.23,SENSING
28540.0,-2837.032,2583.509,5981.405,-6.879,-1.051,-2.728,31.23,LISTENING
28540.0,-2837.032,2583.509,5981.405,-6.879,-1.051,-2.728,31.23,SENSING
28540.0,-2837.032,2583.509,5981.405,-6.879,-1.051,-2.728,31.23,LISTENING
28547.35,-2887.471,2575.725,5961.188,-6.856,-1.072,-2.776,31.23,SENSING
28547.35,-2887.471,2575.725,5961.188,-6.856,-1.072,-2.776,31.23,LISTENING
28550.0,-2905.614,2572.88,5953.812,-6.847,-1.079,-2.794,31.23,SENSING
28550.0,-2905.614,2572.88,5953.812,-6.847,-1.079,-2.794,31.23,MEASURING
28550.0,-2905.614,2572.88,5953.812,-6.847,-1.079,-2.794,31.23,SENSING
28550.0,-2905.614,2572.88,5953.812,-6.847,-1.079,-2.794,31.23,LISTENING
28560.0,-2973.875,2561.967,5925.558,-6.815,-1.108,-2.86,31.23,SENSING
28560.0,-2973.875,2561.967,5925.558,-6.815,-1.108,-2.86,31.23,MEASURING
28560.0,-2973.875,2561.967,5925.558,-6.815,-1.108,-2.86,31.23,SENSING
28560.0,-2973.875,2561.967,5925.558,-6.815,-1.108,-2.86,31.23,LISTENING
28570.0,-3041.806,2550.771,5896.646,-6.781,-1.136,-2.925,31.23,SENSING
28570.0,-3041.806,2550.771,5896.646,-6.781,-1.136,-2.925,31.23,MEASURING
28570.0,-3041.806,2550.771,5896.646,-6.781,-1.136,-2.925,31.23,SENSING
28570.0,-3041.806,2550.771,5896.646,-6.781,-1.136,-2.925,31.23,LISTENING
28580.0,-3109.4,2539.292,5867.082,-6.747,-1.164,-2.991,31.23,SENSING
28580.0,-3109.4,2539.292,5867.082,-6.747,-1.164,-2.991,31.23,MEASURING
28580.0,-3109.4,2539.292,5867.082,-6.747,-1.164,-2.991,31.23,SENSING
28580.0,-3109.4,2539.292,5867.082,-6.747,-1.164,-2.991,31.23,LISTENING
28586.89,-3155.772,2531.22,5846.333,-6.723,-1.184,-3.035,31.23,SENSING
28586.89,-3155.772,2531.22,5846.333,-6.723,-1.184,-3.035,31.23,MANEUVERING
28586.89,-3155.772,2531.22,5846.333,-6.723,-1.184,-3.035,31.23,LISTENING
28590.0,-3176.649,2527.533,5836.867,-6.712,-1.192,-3.055,28.12,MANEUVERING
28590.0,-3176.649,2527.533,5836.867,-6.712,-1.192,-3.055,28.12,SENSING
28590.0,-3176.649,2527.533,5836.867,-6.712,-1.192,-3.055,28.12,MEASURING
28590.0,-3176.649,2527.533,5836.867,-6.712,-1.192,-3.055,28.12,SENSING
28590.0,-3176.649,2527.533,5836.867,-6.712,-1.192,-3.055,28.12,LISTENING
28596.49,-3220.106,2519.752,5816.911,-6.689,-1.21,-3.097,28.12,SENSING
28596.49,-3220.106,2519.752,5816.911,-6.689,-1.21,-3.097,28.12,MANEUVERING
28596.49,-3220.106,2519.752,5816.911,-6.689,-1.21,-3.097,28.12,LISTENING
28600.0,-3243.547,2515.494,5806.005,-6.677,-1.22,-3.12,31.63,MANEUVERING
28600.0,-3243.547,2515.494,5806.005,-6.677,-1.22,-3.12,31.63,SENSING
28600.0,-3243.547,2515.494,5806.005,-6.677,-1.22,-3.12,31.63,MEASURING
28600.0,-3243.547,2515.494,5806.005,-6.677,-1.22,-3.12,31.63,SENSING
28600.0,-3243.547,2515.494,5806.005,-6.677,-1.22,-3.12,31.63,LISTENING
28611.24,-3318.31,2501.631,5770.549,-6.636,-1.251,-3.192,31.63,SENSING
28611.24,-3318.31,2501.631,5770.549,-6.636,-1.251,-3.192,31.63,MANEUVERING
28611.24,-3318.31,2501.631,5770.549,-6.636,-1.251,-3.192,31.63,LISTENING
28620.0,-3376.257,2490.585,5742.356,-6.603,-1.276,-3.248,22.87,MANEUVERING
28620.0,-3376.257,2490.585,5742.356,-6.603,-1.276,-3.248,22.87,SENSING
28620.0,-3376.257,2490.585,5742.356,-6.603,-1.276,-3.248,22.87,MEASURING
28620.0,-3376.257,2490.585,5742.356,-6.603,-1.276,-3.248,22.87,SENSING
28620.0,-3376.257,2490.585,5742.356,-6.603,-1.276,-3.248,22.87,LISTENING
28640.0,-3507.473,2464.576,5676.164,-6.527,-1.33,-3.374,22.87,SENSING
28640.0,-3507.473,2464.576,5676.164,-6.527,-1.33,-3.374,22.87,MEASURING
28640.0,-3507.473,2464.576,5676.164,-6.527,-1.33,-3.374,22.87,SENSING
28640.0,-3507.473,2464.576,5676.164,-6.527,-1.33,-3.374,22.87,LISTENING
28641.8,-3519.207,2462.181,5670.083,-6.52,-1.335,-3.386,22.87,SENSING
28641.8,-3519.207,2462.181,5670.083,-6.52,-1.335,-3.386,22.87,LISTENING
28644.93,-3539.582,2457.997,5659.461,-6.508,-1.344,-3.405,22.87,SENSING
28644.93,-3539.582,2457.997,5659.461,-6.508,-1.344,-3.405,22.87,MANEUVERING
28644.93,-3539.582,2457.997,5659.461,-6.508,-1.344,-3.405,22.87,LISTENING
28650.0,-3572.503,2451.162,5642.124,-6.488,-1.358,-3.437,27.94,MANEUVERING
28650.0,-3572.503,2451.162,5642.124,-6.488,-1.358,-3.437,27.94,SENSING
28650.0,-3572.503,2451.162,5642.124,-6.488,-1.358,-3.437,27.94,MEASURING
28650.0,-3572.503,2451.162,5642.124,-6.488,-1.358,-3.437,27.94,SENSING
28650.0,-3572.503,2451.162,5642.124,-6.488,-1.358,-3.437,27.94,LISTENING
28655.72,-3609.523,2443.368,5622.373,-6.465,-1.373,-3.473,27.94,SENSING
28655.72,-3609.523,2443.368,5622.373,-6.465,-1.373,-3.473,27.94,MANEUVERING
28655.72,-3609.523,2443.368,5622.373,-6.465,-1.373,-3.473,27.94,LISTENING
28658.79,-3629.338,2439.148,5611.688,-6.453,-1.381,-3.492,24.87,MANEUVERING
28658.79,-3629.338,2439.148,5611.688,-6.453,-1.381,-3.492,24.87,SENSING
28658.79,-3629.338,2439.148,5611.688,-6.453,-1.381,-3.492,24.87,MANEUVERING
28658.79,-3629.338,2439.148,5611.688,-6.453,-1.381,-3.492,24.87,LISTENING
28660.0,-3637.137,2437.478,5607.46,-6.448,-1.385,-3.499,23.66,MANEUVERING
28660.0,-3637.137,2437.478,5607.46,-6.448,-1.385,-3.499,23.66,SENSING
28660.0,-3637.137,2437.478,5607.46,-6.448,-1.385,-3.499,23.66,MEASURING
28660.0,-3637.137,2437.478,5607.46,-6.448,-1.385,-3.499,23.66,SENSING
28660.0,-3637.137,2437.478,5607.46,-6.448,-1.385,-3.499,23.66,LISTENING
28666.45,-3678.614,2428.51,5584.773,-6.422,-1.402,-3.539,23.66,SENSING
28666.45,-3678.614,2428.51,5584.773,-6.422,-1.402,-3.539,23.66,MANEUVERING
28666.45,-3678.614,2428.51,5584.773,-6.422,-1.402,-3.539,23.66,LISTENING
28670.0,-3701.37,2423.526,5572.176,-6.408,-1.411,-3.561,27.21,MANEUVERING
28670.0,-3701.37,2423.526,5572.176,-6.408,-1.411,-3.561,27.21,SENSING
28670.0,-3701.37,2423.526,5572.176,-6.408,-1.411,-3.561,27.21,MEASURING
28670.0,-3701.37,2423.526,5572.176,-6.408,-1.411,-3.561,27.21,SENSING
28670.0,-3701.37,2423.526,5572.176,-6.408,-1.411,-3.561,27.21,MESSAGING
28670.0,-3701.37,2423.526,5572.176,-6.408,-1.411,-3.561,27.21,MESSAGING
28670.0,-3701.37,2423.526,5572.176,-6.408,-1.411,-3.561,27.21,SENSING
28670.0,-3701.37,2423.526,5572.176,-6.408,-1.411,-3.561,27.21,LISTENING
28670.0,-3701.37,2423.526,5572.176,-6.408,-1.411,-3.561,27.21,SENSING
28670.0,-3701.37,2423.526,5572.176,-6.408,-1.411,-3.561,27.21,LISTENING
28670.0,-3701.37,2423.526,5572.176,-6.408,-1.411,-3.561,27.21,SENSING
28670.0,-3701.37,2423.526,5572.176,-6.408,-1.411,-3.561,27.21,LISTENING
28670.0,-3701.37,2423.526,5572.176,-6.408,-1.411,-3.561,27.21,SENSING
28670.0,-3701.37,2423.526,5572.176,-6.408,-1.411,-3.561,27.21,LISTENING
28670.0,-3701.37,2423.526,5572.176,-6.408,-1.411,-3.561,27.21,SENSING
28670.0,-3701.37,2423.526,5572.176,-6.408,-1.411,-3.561,27.21,LISTENING
28670.0,-3701.37,2423.526,5572.176,-6.408,-1.411,-3.561,27.21,SENSING
28670.0,-3701.37,2423.526,5572.176,-6.408,-1.411,-3.561,27.21,LISTENING
28676.28,-3741.499,2414.627,5549.703,-6.382,-1.428,-3.6,27.21,SENSING
28676.28,-3741.499,2414.627,5549.703,-6.382,-1.428,-3.6,27.21,MANEUVERING
28676.28,-3741.499,2414.627,5549.703,-6.382,-1.428,-3.6,27.21,LISTENING
28680.0,-3765.193,2409.306,5536.276,-6.366,-1.438,-3.623,23.49,MANEUVERING
28680.0,-3765.193,2409.306,5536.276,-6.366,-1.438,-3.623,23.49,SENSING
28680.0,-3765.193,2409.306,5536.276,-6.366,-1.438,-3.623,23.49,MEASURING
28680.0,-3765.193,2409.306,5536.276,-6.366,-1.438,-3.623,23.49,SENSING
28680.0,-3765.193,2409.306,5536.276,-6.366,-1.438,-3.623,23.49,LISTENING
28687.09,-3810.193,2399.063,5510.452,-6.337,-1.457,-3.666,23.49,SENSING
28687.09,-3810.193,2399.063,5510.452,-6.337,-1.457,-3.666,23.49,MANEUVERING
28687.09,-3810.193,2399.063,5510.452,-6.337,-1.457,-3.666,23.49,LISTENING
28690.0,-3828.601,2394.82,5499.764,-6.324,-1.465,-3.684,26.4,MANEUVERING
28690.0,-3828.601,2394.82,5499.764,-6.324,-1.465,-3.684,26.4,SENSING
28690.0,-3828.601,2394.82,5499.764,-6.324,-1.465,-3.684,26.4,MEASURING
28690.0,-3828.601,2394.82,5499.764,-6.324,-1.465,-3.684,26.4,SENSING
28690.0,-3828.601,2394.82,5499.764,-6.324,-1.465,-3.684,26.4,MESSAGING
28690.0,-3828.601,2394.82,5499.764,-6.324,-1.465,-3.684,26.4,MESSAGING
28690.0,-3828.601,2394.82,5499.764,-6.324,-1.465,-3.684,26.4,SENSING
28690.0,-3828.601,2394.82,5499.764,-6.324,-1.465,-3.684,26.4,MEASURING
28690.0,-3828.601,2394.82,5499.764,-6.324,-1.465,-3.684,26.4,MESSAGING
28690.0,-3828.601,2394.82,5499.764,-6.324,-1.465,-3.684,26.4,SENSING
28690.0,-3828.601,2394.82,5499.764,-6.324,-1.465,-3.684,26.4,MESSAGING
28690.0,-3828.601,2394.82,5499.764,-6.324,-1.465,-3.684,26.4,MESSAGING
28690.0,-3828.601,2394.82,5499.764,-6.324,-1.465,-3.684,26.4,SENSING
28690.0,-3828.601,2394.82,5499.764,-6.324,-1.465,-3.684,26.4,LISTENING
28695.23,-3861.595,2387.139,5480.426,-6.302,-1.478,-3.715,26.4,SENSING
28695.23,-3861.595,2387.139,5480.426,-6.302,-1.478,-3.715,26.4,MANEUVERING
28695.23,-3861.595,2387.139,5480.426,-6.302,-1.478,-3.715,26.4,LISTENING
28700.0,-3891.586,2380.071,5462.645,-6.282,-1.491,-3.744,31.17,MANEUVERING
28700.0,-3891.586,2380.071,5462.645,-6.282,-1.491,-3.744,31.17,SENSING
28700.0,-3891.586,2380.071,5462.645,-6.282,-1.491,-3.744,31.17,MEASURING
28700.0,-3891.586,2380.071,5462.645,-6.282,-1.491,-3.744,31.17,SENSING
28700.0,-3891.586,2380.071,5462.645,-6.282,-1.491,-3.744,31.17,LISTENING
28706.32,-3931.171,2370.614,5438.874,-6.254,-1.508,-3.782,31.17,SENSING
28706.32,-3931.171,2370.614,5438.874,-6.254,-1.508,-3.782,31.17,LISTENING
28710.0,-3954.141,2365.059,5424.922,-6.238,-1.517,-3.804,31.17,SENSING
28710.0,-3954.141,2365.059,5424.922,-6.238,-1.517,-3.804,31.17,MEASURING
28710.0,-3954.141,2365.059,5424.922,-6.238,-1.517,-3.804,31.17,SENSING
28710.0,-3954.141,2365.059,5424.922,-6.238,-1.517,-3.804,31.17,MESSAGING
28710.0,-3954.141,2365.059,5424.922,-6.238,-1.517,-3.804,31.17,MESSAGING
28710.0,-3954.141,2365.059,5424.922,-6.238,-1.517,-3.804,31.17,SENSING
28710.0,-3954.141,2365.059,5424.922,-6.238,-1.517,-3.804,31.17,LISTENING
28710.0,-3954.141,2365.059,5424.922,-6.238,-1.517,-3.804,31.17,SENSING
28710.0,-3954.141,2365.059,5424.922,-6.238,-1.517,-3.804,31.17,LISTENING
28710.0,-3954.141,2365.059,5424.922,-6.238,-1.517,-3.804,31.17,SENSING
28710.0,-3954.141,2365.059,5424.922,-6.238,-1.517,-3.804,31.17,LISTENING
28710.0,-3954.141,2365.059,5424.922,-6.238,-1.517,-3.804,31.17,SENSING
28710.0,-3954.141,2365.059,5424.922,-6.238,-1.517,-3.804,31.17,LISTENING
28710.0,-3954.141,2365.059,5424.922,-6.238,-1.517,-3.804,31.17,SENSING
28710.0,-3954.141,2365.059,5424.922,-6.238,-1.517,-3.804,31.17,LISTENING
28716.29,-3993.265,2355.484,5400.887,-6.211,-1.534,-3.842,31.17,SENSING
28716.29,-3993.265,2355.484,5400.887,-6.211,-1.534,-3.842,31.17,LISTENING
28720.0,-4016.259,2349.787,5386.6,-6.194,-1.543,-3.864,31.17,SENSING
28720.0,-4016.259,2349.787,5386.6,-6.194,-1.543,-3.864,31.17,MEASURING
28720.0,-4016.259,2349.787,5386.6,-6.194,-1.543,-3.864,31.17,SENSING
28720.0,-4016.259,2349.787,5386.6,-6.194,-1.543,-3.864,31.17,LISTENING
28727.33,-4061.511,2338.428,5358.131,-6.162,-1.562,-3.908,31.17,SENSING
28727.33,-4061.511,2338.428,5358.131,-6.162,-1.562,-3.908,31.17,MANEUVERING
28727.33,-4061.511,2338.428,5358.131,-6.162,-1.562,-3.908,31.17,LISTENING
28730.0,-4077.934,2334.256,5347.683,-6.15,-1.569,-3.923,28.5,MANEUVERING
28730.0,-4077.934,2334.256,5347.683,-6.15,-1.569,-3.923,28.5,SENSING
28730.0,-4077.934,2334.256,5347.683,-6.15,-1.569,-3.923,28.5,MEASURING
28730.0,-4077.934,2334.256,5347.683,-6.15,-1.569,-3.923,28.5,SENSING
28730.0,-4077.934,2334.256,5347.683,-6.15,-1.569,-3.923,28.5,LISTENING
28740.0,-4139.16,2318.469,5308.176,-6.104,-1.595,-3.982,28.5,SENSING
28740.0,-4139.16,2318.469,5308.176,-6.104,-1.595,-3.982,28.5,LISTENING
28741.65,-4149.218,2315.839,5301.6,-6.097,-1.599,-3.992,28.5,SENSING
28741.65,-4149.218,2315.839,5301.6,-6.097,-1.599,-3.992,28.5,MANEUVERING
28741.65,-4149.218,2315.839,5301.6,-6.097,-1.599,-3.992,28.5,LISTENING
28750.0,-4199.928,2302.426,5268.083,-6.058,-1.62,-4.041,20.15,MANEUVERING
28750.0,-4199.928,2302.426,5268.083,-6.058,-1.62,-4.041,20.15,SENSING
28750.0,-4199.928,2302.426,5268.083,-6.058,-1.62,-4.041,20.15,MANEUVERING
28750.0,-4199.928,2302.426,5268.083,-6.058,-1.62,-4.041,20.15,LISTENING
28750.0,-4199.928,2302.426,5268.083,-6.058,-1.62,-4.041,20.15,MANEUVERING
28750.0,-4199.928,2302.426,5268.083,-6.058,-1.62,-4.041,20.15,SENSING
28750.0,-4199.928,2302.426,5268.083,-6.058,-1.62,-4.041,20.15,MANEUVERING
28750.0,-4199.928,2302.426,5268.083,-6.058,-1.62,-4.041,20.15,LISTENING
28757.29,-4243.937,2290.57,5238.488,-6.024,-1.639,-4.083,12.86,MANEUVERING
28757.29,-4243.937,2290.57,5238.488,-6.024,-1.639,-4.083,12.86,SENSING
28757.29,-4243.937,2290.57,5238.488,-6.024,-1.639,-4.083,12.86,MANEUVERING
28757.29,-4243.937,2290.57,5238.488,-6.024,-1.639,-4.083,12.86,LISTENING
28760.0,-4260.234,2286.129,5227.409,-6.012,-1.645,-4.098,10.15,MANEUVERING
28760.0,-4260.234,2286.129,5227.409,-6.012,-1.645,-4.098,10.15,SENSING
28760.0,-4260.234,2286.129,5227.409,-6.012,-1.645,-4.098,10.15,MANEUVERING
28760.0,-4260.234,2286.129,5227.409,-6.012,-1.645,-4.098,10.15,LISTENING
28766.04,-4296.431,2276.164,5202.562,-5.983,-1.661,-4.133,4.11,MANEUVERING
28766.04,-4296.431,2276.164,5202.562,-5.983,-1.661,-4.133,4.11,SENSING
28766.04,-4296.431,2276.164,5202.562,-5.983,-1.661,-4.133,4.11,MANEUVERING
28766.04,-4296.431,2276.164,5202.562,-5.983,-1.661,-4.133,4.11,LISTENING
28780.0,-4379.429,2252.784,5144.336,-5.916,-1.695,-4.213,-9.85,MANEUVERING
28780.0,-4379.429,2252.784,5144.336,-5.916,-1.695,-4.213,-9.85,SENSING
28780.0,-4379.429,2252.784,5144.336,-5.916,-1.695,-4.213,-9.85,MEASURING
28780.0,-4379.429,2252.784,5144.336,-5.916,-1.695,-4.213,-9.85,SENSING
28780.0,-4379.429,2252.784,5144.336,-5.916,-1.695,-4.213,-9.85,LISTENING
28786.33,-4416.755,2242.023,5117.569,-5.886,-1.711,-4.249,-9.85,SENSING
28786.33,-4416.755,2242.023,5117.569,-5.886,-1.711,-4.249,-9.85,MANEUVERING
28786.33,-4416.755,2242.023,5117.569,-5.886,-1.711,-4.249,-9.85,LISTENING
28790.0,-4438.306,2235.739,5101.946,-5.868,-1.72,-4.269,-6.18,MANEUVERING
28790.0,-4438.306,2235.739,5101.946,-5.868,-1.72,-4.269,-6.18,SENSING
28790.0,-4438.306,2235.739,5101.946,-5.868,-1.72,-4.269,-6.18,MEASURING
28790.0,-4438.306,2235.739,5101.946,-5.868,-1.72,-4.269,-6.18,SENSING
28790.0,-4438.306,2235.739,5101.946,-5.868,-1.72,-4.269,-6.18,LISTENING
28795.1,-4468.146,2226.951,5080.11,-5.843,-1.733,-4.298,-6.18,SENSING
28795.1,-4468.146,2226.951,5080.11,-5.843,-1.733,-4.298,-6.18,MANEUVERING
28795.1,-4468.146,2226.951,5080.11,-5.843,-1.733,-4.298,-6.18,LISTENING
28795.96,-4473.165,2225.463,5076.414,-5.838,-1.735,-4.303,-5.32,MANEUVERING
28795.96,-4473.165,2225.463,5076.414,-5.838,-1.735,-4.303,-5.32,SENSING
28795.96,-4473.165,2225.463,5076.414,-5.838,-1.735,-4.303,-5.32,MANEUVERING
28795.96,-4473.165,2225.463,5076.414,-5.838,-1.735,-4.303,-5.32,LISTENING
28800.0,-4496.694,2218.448,5058.994,-5.818,-1.745,-4.325,-1.28,MANEUVERING
28800.0,-4496.694,2218.448,5058.994,-5.818,-1.745,-4.325,-1.28,SENSING
28800.0,-4496.694,2218.448,5058.994,-5.818,-1.745,-4.325,-1.28,MANEUVERING
28800.0,-4496.694,2218.448,5058.994,-5.818,-1.745,-4.325,-1.28,LISTENING
28800.0,-4496.694,2218.448,5058.994,-5.818,-1.745,-4.325,-1.28,MANEUVERING
28800.0,-4496.694,2218.448,5058.994,-5.818,-1.745,-4.325,-1.28,SENSING
28800.0,-4496.694,2218.448,5058.994,-5.818,-1.745,-4.325,-1.28,MANEUVERING
28800.0,-4496.694,2218.448,5058.994,-5.818,-1.745,-4.325,-1.28,LISTENING
28807.28,-4538.89,2205.706,5027.374,-5.782,-1.762,-4.366,6.0,MANEUVERING
28807.28,-4538.89,2205.706,5027.374,-5.782,-1.762,-4.366,6.0,SENSING
28807.28,-4538.89,2205.706,5027.374,-5.782,-1.762,-4.366,6.0,MANEUVERING
28807.28,-4538.89,2205.706,5027.374,-5.782,-1.762,-4.366,6.0,LISTENING
28810.0,-4554.587,2200.913,5015.485,-5.768,-1.769,-4.381,8.72,MANEUVERING
28810.0,-4554.587,2200.913,5015.485,-5.768,-1.769,-4.381,8.72,SENSING
28810.0,-4554.587,2200.913,5015.485,-5.768,-1.769,-4.381,8.72,MANEUVERING
28810.0,-4554.587,2200.913,5015.485,-5.768,-1.769,-4.381,8.72,LISTENING
28810.0,-4554.587,2200.913,5015.485,-5.768,-1.769,-4.381,8.72,MANEUVERING
28810.0,-4554.587,2200.913,5015.485,-5.768,-1.769,-4.381,8.72,SENSING
28810.0,-4554.587,2200.913,5015.485,-5.768,-1.769,-4.381,8.72,MANEUVERING
28810.0,-4554.587,2200.913,5015.485,-5.768,-1.769,-4.381,8.72,LISTENING
28816.89,-4594.184,2188.691,4985.185,-5.734,-1.786,-4.419,15.61,MANEUVERING
28816.89,-4594.184,2188.691,4985.185,-5.734,-1.786,-4.419,15.61,SENSING
28816.89,-4594.184,2188.691,4985.185,-5.734,-1.786,-4.419,15.61,MANEUVERING
28816.89,-4594.184,2188.691,4985.185,-5.734,-1.786,-4.419,15.61,LISTENING
28817.18,-4595.845,2188.174,4983.904,-5.732,-1.786,-4.42,15.9,MANEUVERING
28817.18,-4595.845,2188.174,4983.904,-5.732,-1.786,-4.42,15.9,SENSING
28817.18,-4595.845,2188.174,4983.904,-5.732,-1.786,-4.42,15.9,MANEUVERING
28817.18,-4595.845,2188.174,4983.904,-5.732,-1.786,-4.42,15.9,LISTENING
28820.0,-4611.978,2183.136,4971.423,-5.718,-1.793,-4.436,18.72,MANEUVERING
28820.0,-4611.978,2183.136,4971.423,-5.718,-1.793,-4.436,18.72,SENSING
28820.0,-4611.978,2183.136,4971.423,-5.718,-1.793,-4.436,18.72,MANEUVERING
28820.0,-4611.978,2183.136,4971.423,-5.718,-1.793,-4.436,18.72,LISTENING
28830.0,-4668.862,2165.12,4926.814,-5.667,-1.817,-4.49,28.72,MANEUVERING
28830.0,-4668.862,2165.12,4926.814,-5.667,-1.817,-4.49,28.72,SENSING
28830.0,-4668.862,2165.12,4926.814,-5.667,-1.817,-4.49,28.72,MEASURING
28830.0,-4668.862,2165.12,4926.814,-5.667,-1.817,-4.49,28.72,SENSING
28830.0,-4668.862,2165.12,4926.814,-5.667,-1.817,-4.49,28.72,LISTENING
28836.54,-4705.786,2153.209,4897.346,-5.633,-1.833,-4.526,28.72,SENSING
28836.54,-4705.786,2153.209,4897.346,-5.633,-1.833,-4.526,28.72,LISTENING
28850.0,-4781.081,2128.376,4835.973,-5.563,-1.864,-4.598,28.72,SENSING
28850.0,-4781.081,2128.376,4835.973,-5.563,-1.864,-4.598,28.72,LISTENING
28866.9,-4874.268,2096.598,4757.551,-5.473,-1.904,-4.687,28.72,SENSING
28866.9,-4874.268,2096.598,4757.551,-5.473,-1.904,-4.687,28.72,LISTENING
28880.0,-4945.451,2071.513,4695.733,-5.402,-1.934,-4.755,28.72,SENSING
28880.0,-4945.451,2071.513,4695.733,-5.402,-1.934,-4.755,28.72,LISTENING
28886.9,-4982.569,2058.143,4662.815,-5.365,-1.949,-4.791,28.72,SENSING
28886.9,-4982.569,2058.143,4662.815,-5.365,-1.949,-4.791,28.72,LISTENING
28895.0,-5025.81,2042.311,4623.861,-5.32,-1.967,-4.832,28.72,SENSING
28895.0,-5025.81,2042.311,4623.861,-5.32,-1.967,-4.832,28.72,LISTENING
28900.0,-5052.322,2032.465,4599.649,-5.292,-1.979,-4.858,28.72,SENSING
28900.0,-5052.322,2032.465,4599.649,-5.292,-1.979,-4.858,28.72,LISTENING
28919.37,-5153.71,1993.797,4504.663,-5.184,-2.021,-4.955,28.72,SENSING
28919.37,-5153.71,1993.797,4504.663,-5.184,-2.021,-4.955,28.72,LISTENING
28920.0,-5156.972,1992.525,4501.542,-5.18,-2.023,-4.958,28.72,SENSING
28920.0,-5156.972,1992.525,4501.542,-5.18,-2.023,-4.958,28.72,LISTENING
28930.0,-5208.45,1972.227,4451.744,-5.123,-2.045,-5.007,28.72,SENSING
28930.0,-5208.45,1972.227,4451.744,-5.123,-2.045,-5.007,28.72,LISTENING
28930.0,-5208.45,1972.227,4451.744,-5.123,-2.045,-5.007,28.72,SENSING
28930.0,-5208.45,1972.227,4451.744,-5.123,-2.045,-5.007,28.72,LISTENING
28940.0,-5259.357,1951.712,4401.457,-5.066,-2.066,-5.056,28.72,SENSING
28940.0,-5259.357,1951.712,4401.457,-5.066,-2.066,-5.056,28.72,LISTENING
28940.0,-5259.357,1951.712,4401.457,-5.066,-2.066,-5.056,28.72,SENSING
28940.0,-5259.357,1951.712,4401.457,-5.066,-2.066,-5.056,28.72,MESSAGING
28940.0,-5259.357,1951.712,4401.457,-5.066,-2.066,-5.056,28.72,MESSAGING
28940.0,-5259.357,1951.712,4401.457,-5.066,-2.066,-5.056,28.72,SENSING
28940.0,-5259.357,1951.712,4401.457,-5.066,-2.066,-5.056,28.72,LISTENING
28940.0,-5259.357,1951.712,4401.457,-5.066,-2.066,-5.056,28.72,SENSING
28940.0,-5259.357,1951.712,4401.457,-5.066,-2.066,-5.056,28.72,LISTENING
28940.0,-5259.357,1951.712,4401.457,-5.066,-2.066,-5.056,28.72,SENSING
28940.0,-5259.357,1951.712,4401.457,-5.066,-2.066,-5.056,28.72,LISTENING
28940.0,-5259.357,1951.712,4401.457,-5.066,-2.066,-5.056,28.72,SENSING
28940.0,-5259.357,1951.712,4401.457,-5.066,-2.066,-5.056,28.72,LISTENING
28950.0,-5309.686,1930.984,4350.686,-5.007,-2.087,-5.104,28.72,SENSING
28950.0,-5309.686,1930.984,4350.686,-5.007,-2.087,-5.104,28.72,LISTENING
28950.0,-5309.686,1930.984,4350.686,-5.007,-2.087,-5.104,28.72,SENSING
28950.0,-5309.686,1930.984,4350.686,-5.007,-2.087,-5.104,28.72,MESSAGING
28950.0,-5309.686,1930.984,4350.686,-5.007,-2.087,-5.104,28.72,SENSING
28950.0,-5309.686,1930.984,4350.686,-5.007,-2.087,-5.104,28.72,LISTENING
28950.0,-5309.686,1930.984,4350.686,-5.007,-2.087,-5.104,28.72,SENSING
28950.0,-5309.686,1930.984,4350.686,-5.007,-2.087,-5.104,28.72,LISTENING
28950.0,-5309.686,1930.984,4350.686,-5.007,-2.087,-5.104,28.72,SENSING
28950.0,-5309.686,1930.984,4350.686,-5.007,-2.087,-5.104,28.72,LISTENING
28950.36,-5311.487,1930.234,4348.85,-5.005,-2.088,-5.105,28.72,SENSING
28950.36,-5311.487,1930.234,4348.85,-5.005,-2.088,-5.105,28.72,LISTENING
28960.0,-5359.431,1910.044,4299.438,-4.949,-2.109,-5.151,28.72,SENSING
28960.0,-5359.431,1910.044,4299.438,-4.949,-2.109,-5.151,28.72,LISTENING
28965.86,-5388.31,1897.676,4269.187,-4.914,-2.121,-5.179,28.72,SENSING
28965.86,-5388.31,1897.676,4269.187,-4.914,-2.121,-5.179,28.72,LISTENING
28970.0,-5408.589,1888.895,4247.718,-4.89,-2.129,-5.198,28.72,SENSING
28970.0,-5408.589,1888.895,4247.718,-4.89,-2.129,-5.198,28.72,LISTENING
28970.0,-5408.589,1888.895,4247.718,-4.89,-2.129,-5.198,28.72,SENSING
28970.0,-5408.589,1888.895,4247.718,-4.89,-2.129,-5.198,28.72,MESSAGING
28970.0,-5408.589,1888.895,4247.718,-4.89,-2.129,-5.198,28.72,MESSAGING
28970.0,-5408.589,1888.895,4247.718,-4.89,-2.129,-5.198,28.72,SENSING
28970.0,-5408.589,1888.895,4247.718,-4.89,-2.129,-5.198,28.72,LISTENING
28970.0,-5408.589,1888.895,4247.718,-4.89,-2.129,-5.198,28.72,SENSING
28970.0,-5408.589,1888.895,4247.718,-4.89,-2.129,-5.198,28.72,MESSAGING
28970.0,-5408.589,1888.895,4247.718,-4.89,-2.129,-5.198,28.72,SENSING
28970.0,-5408.589,1888.895,4247.718,-4.89,-2.129,-5.198,28.72,MESSAGING
28970.0,-5408.589,1888.895,4247.718,-4.89,-2.129,-5.198,28.72,SENSING
28970.0,-5408.589,1888.895,4247.718,-4.89,-2.129,-5.198,28.72,LISTENING
28970.0,-5408.589,1888.895,4247.718,-4.89,-2.129,-5.198,28.72,SENSING
28970.0,-5408.589,1888.895,4247.718,-4.89,-2.129,-5.198,28.72,LISTENING
28970.0,-5408.589,1888.895,4247.718,-4.89,-2.129,-5.198,28.72,SENSING
28970.0,-5408.589,1888.895,4247.718,-4.89,-2.129,-5.198,28.72,LISTENING
28970.0,-5408.589,1888.895,4247.718,-4.89,-2.129,-5.198,28.72,SENSING
28970.0,-5408.589,1888.895,4247.718,-4.89,-2.129,-5.198,28.72,LISTENING
28970.0,-5408.589,1888.895,4247.718,-4.89,-2.129,-5.198,28.72,SENSING
28970.0,-5408.589,1888.895,4247.718,-4.89,-2.129,-5.198,28.72,LISTENING
28976.83,-5441.823,1874.331,4212.124,-4.849,-2.143,-5.23,28.72,SENSING
28976.83,-5441.823,1874.331,4212.124,-4.849,-2.143,-5.23,28.72,LISTENING
28977.14,-5443.325,1873.668,4210.504,-4.847,-2.144,-5.231,28.72,SENSING
28977.14,-5443.325,1873.668,4210.504,-4.847,-2.144,-5.231,28.72,LISTENING
28980.0,-5457.154,1867.539,4195.531,-4.83,-2.15,-5.244,28.72,SENSING
28980.0,-5457.154,1867.539,4195.531,-4.83,-2.15,-5.244,28.72,LISTENING
28981.28,-5463.327,1864.79,4188.818,-4.822,-2.153,-5.25,28.72,SENSING
28981.28,-5463.327,1864.79,4188.818,-4.822,-2.153,-5.25,28.72,LISTENING
28985.45,-5483.37,1855.814,4166.895,-4.797,-2.161,-5.27,28.72,SENSING
28985.45,-5483.37,1855.814,4166.895,-4.797,-2.161,-5.27,28.72,LISTENING
28990.0,-5505.12,1845.978,4142.884,-4.77,-2.17,-5.29,28.72,SENSING
28990.0,-5505.12,1845.978,4142.884,-4.77,-2.17,-5.29,28.72,LISTENING
28998.93,-5547.443,1826.554,4095.486,-4.716,-2.188,-5.331,28.72,SENSING
28998.93,-5547.443,1826.554,4095.486,-4.716,-2.188,-5.331,28.72,LISTENING
29000.0,-5552.482,1824.216,4089.782,-4.709,-2.19,-5.335,28.72,SENSING
29000.0,-5552.482,1824.216,4089.782,-4.709,-2.19,-5.335,28.72,LISTENING
29006.2,-5581.54,1810.623,4056.634,-4.671,-2.203,-5.363,28.72,SENSING
29006.2,-5581.54,1810.623,4056.634,-4.671,-2.203,-5.363,28.72,LISTENING
29010.0,-5599.235,1802.254,4036.232,-4.648,-2.21,-5.38,28.72,SENSING
29010.0,-5599.235,1802.254,4036.232,-4.648,-2.21,-5.38,28.72,LISTENING
29015.49,-5624.641,1790.113,4006.644,-4.614,-2.221,-5.404,28.72,SENSING
29015.49,-5624.641,1790.113,4006.644,-4.614,-2.221,-5.404,28.72,LISTENING
29020.0,-5645.374,1780.095,3982.239,-4.586,-2.23,-5.424,28.72,SENSING
29020.0,-5645.374,1780.095,3982.239,-4.586,-2.23,-5.424,28.72,LISTENING
29030.0,-5690.894,1757.741,3927.809,-4.524,-2.249,-5.467,28.72,SENSING
29030.0,-5690.894,1757.741,3927.809,-4.524,-2.249,-5.467,28.72,LISTENING
29034.61,-5711.669,1747.371,3902.572,-4.495,-2.258,-5.487,28.72,SENSING
29034.61,-5711.669,1747.371,3902.572,-4.495,-2.258,-5.487,28.72,LISTENING
29040.0,-5735.791,1735.195,3872.949,-4.462,-2.268,-5.51,28.72,SENSING
29040.0,-5735.791,1735.195,3872.949,-4.462,-2.268,-5.51,28.72,LISTENING
29044.01,-5753.618,1726.101,3850.831,-4.436,-2.276,-5.527,28.72,SENSING
29044.01,-5753.618,1726.101,3850.831,-4.436,-2.276,-5.527,28.72,LISTENING
29044.4,-5755.347,1725.215,3848.676,-4.434,-2.277,-5.529,28.72,SENSING
29044.4,-5755.347,1725.215,3848.676,-4.434,-2.277,-5.529,28.72,LISTENING
29047.91,-5770.859,1717.227,3829.254,-4.412,-2.283,-5.544,28.72,SENSING
29047.91,-5770.859,1717.227,3829.254,-4.412,-2.283,-5.544,28.72,LISTENING
29050.0,-5780.059,1712.459,3817.664,-4.398,-2.287,-5.552,28.72,SENSING
29050.0,-5780.059,1712.459,3817.664,-4.398,-2.287,-5.552,28.72,LISTENING
29050.0,-5780.059,1712.459,3817.664,-4.398,-2.287,-5.552,28.72,SENSING
29050.0,-5780.059,1712.459,3817.664,-4.398,-2.287,-5.552,28.72,LISTENING
29060.0,-5823.694,1689.536,3761.961,-4.335,-2.306,-5.594,28.72,SENSING
29060.0,-5823.694,1689.536,3761.961,-4.335,-2.306,-5.594,28.72,LISTENING
29061.85,-5831.697,1685.275,3751.611,-4.323,-2.309,-5.602,28.72,SENSING
29061.85,-5831.697,1685.275,3751.611,-4.323,-2.309,-5.602,28.72,LISTENING
29070.0,-5866.691,1666.429,3705.846,-4.271,-2.324,-5.635,28.72,SENSING
29070.0,-5866.691,1666.429,3705.846,-4.271,-2.324,-5.635,28.72,LISTENING
29070.0,-5866.691,1666.429,3705.846,-4.271,-2.324,-5.635,28.72,SENSING
29070.0,-5866.691,1666.429,3705.846,-4.271,-2.324,-5.635,28.72,LISTENING
29077.13,-5896.956,1649.842,3665.587,-4.225,-2.337,-5.664,28.72,SENSING
29077.13,-5896.956,1649.842,3665.587,-4.225,-2.337,-5.664,28.72,LISTENING
29077.19,-5897.209,1649.702,3665.247,-4.224,-2.337,-5.664,28.72,SENSING
29077.19,-5897.209,1649.702,3665.247,-4.224,-2.337,-5.664,28.72,LISTENING
29080.0,-5909.045,1643.139,3649.324,-4.206,-2.342,-5.675,28.72,SENSING
29080.0,-5909.045,1643.139,3649.324,-4.206,-2.342,-5.675,28.72,LISTENING
29082.9,-5921.207,1636.351,3632.858,-4.187,-2.348,-5.687,28.72,SENSING
29082.9,-5921.207,1636.351,3632.858,-4.187,-2.348,-5.687,28.72,LISTENING
29085.48,-5931.982,1630.3,3618.18,-4.171,-2.352,-5.697,28.72,SENSING
29085.48,-5931.982,1630.3,3618.18,-4.171,-2.352,-5.697,28.72,LISTENING
29090.0,-5950.753,1619.67,3592.403,-4.141,-2.36,-5.715,28.72,SENSING
29090.0,-5950.753,1619.67,3592.403,-4.141,-2.36,-5.715,28.72,LISTENING
29090.0,-5950.753,1619.67,3592.403,-4.141,-2.36,-5.715,28.72,SENSING
29090.0,-5950.753,1619.67,3592.403,-4.141,-2.36,-5.715,28.72,MESSAGING
29090.0,-5950.753,1619.67,3592.403,-4.141,-2.36,-5.715,28.72,SENSING
29090.0,-5950.753,1619.67,3592.403,-4.141,-2.36,-5.715,28.72,LISTENING
29095.79,-5974.604,1606.0,3559.265,-4.103,-2.371,-5.738,28.72,SENSING
29095.79,-5974.604,1606.0,3559.265,-4.103,-2.371,-5.738,28.72,LISTENING
29100.0,-5991.809,1596.024,3535.088,-4.076,-2.378,-5.754,28.72,SENSING
29100.0,-5991.809,1596.024,3535.088,-4.076,-2.378,-5.754,28.72,LISTENING
29110.0,-6032.209,1572.203,3477.387,-4.01,-2.395,-5.792,28.72,SENSING
29110.0,-6032.209,1572.203,3477.387,-4.01,-2.395,-5.792,28.72,LISTENING
29114.43,-6049.896,1561.595,3451.702,-3.981,-2.403,-5.809,28.72,SENSING
29114.43,-6049.896,1561.595,3451.702,-3.981,-2.403,-5.809,28.72,LISTENING
29120.0,-6071.949,1548.211,3419.304,-3.944,-2.412,-5.83,28.72,SENSING
29120.0,-6071.949,1548.211,3419.304,-3.944,-2.412,-5.83,28.72,LISTENING
29126.13,-6095.982,1533.42,3383.514,-3.903,-2.423,-5.853,28.72,SENSING
29126.13,-6095.982,1533.42,3383.514,-3.903,-2.423,-5.853,28.72,LISTENING
29130.0,-6111.025,1524.049,3360.847,-3.877,-2.429,-5.867,28.72,SENSING
29130.0,-6111.025,1524.049,3360.847,-3.877,-2.429,-5.867,28.72,LISTENING
29140.0,-6149.432,1499.722,3302.022,-3.81,-2.446,-5.904,28.72,SENSING
29140.0,-6149.432,1499.722,3302.022,-3.81,-2.446,-5.904,28.72,LISTENING
29147.02,-6175.992,1482.546,3260.511,-3.763,-2.457,-5.929,28.72,SENSING
29147.02,-6175.992,1482.546,3260.511,-3.763,-2.457,-5.929,28.72,LISTENING
29150.0,-6187.166,1475.23,3242.837,-3.742,-2.462,-5.94,28.72,SENSING
29150.0,-6187.166,1475.23,3242.837,-3.742,-2.462,-5.94,28.72,LISTENING
29150.21,-6187.951,1474.714,3241.59,-3.741,-2.462,-5.94,28.72,SENSING
29150.21,-6187.951,1474.714,3241.59,-3.741,-2.462,-5.94,28.72,LISTENING
29160.0,-6224.224,1450.578,3183.296,-3.674,-2.478,-5.975,28.72,SENSING
29160.0,-6224.224,1450.578,3183.296,-3.674,-2.478,-5.975,28.72,LISTENING
29161.05,-6228.075,1447.98,3177.024,-3.667,-2.48,-5.978,28.72,SENSING
29161.05,-6228.075,1447.98,3177.024,-3.667,-2.48,-5.978,28.72,LISTENING
29170.0,-6260.601,1425.767,3123.407,-3.606,-2.494,-6.009,28.72,SENSING
29170.0,-6260.601,1425.767,3123.407,-3.606,-2.494,-6.009,28.72,LISTENING
29170.0,-6260.601,1425.767,3123.407,-3.606,-2.494,-6.009,28.72,SENSING
29170.0,-6260.601,1425.767,3123.407,-3.606,-2.494,-6.009,28.72,LISTENING
29177.29,-6286.688,1407.582,3079.532,-3.556,-2.505,-6.034,28.72,SENSING
29177.29,-6286.688,1407.582,3079.532,-3.556,-2.505,-6.034,28.72,LISTENING
29180.0,-6296.293,1400.801,3063.176,-3.537,-2.509,-6.043,28.72,SENSING
29180.0,-6296.293,1400.801,3063.176,-3.537,-2.509,-6.043,28.72,LISTENING
29195.6,-6350.598,1361.55,2968.55,-3.43,-2.533,-6.095,28.72,SENSING
29195.6,-6350.598,1361.55,2968.55,-3.43,-2.533,-6.095,28.72,LISTENING
29210.0,-6399.226,1324.997,2880.501,-3.329,-2.554,-6.141,28.72,SENSING
29210.0,-6399.226,1324.997,2880.501,-3.329,-2.554,-6.141,28.72,LISTENING
29216.89,-6421.981,1307.401,2838.14,-3.281,-2.564,-6.162,28.72,SENSING
29216.89,-6421.981,1307.401,2838.14,-3.281,-2.564,-6.162,28.72,LISTENING
29220.0,-6432.143,1299.436,2818.97,-3.259,-2.568,-6.172,28.72,SENSING
29220.0,-6432.143,1299.436,2818.97,-3.259,-2.568,-6.172,28.72,LISTENING
29223.58,-6443.757,1290.251,2796.867,-3.234,-2.573,-6.183,28.72,SENSING
29223.58,-6443.757,1290.251,2796.867,-3.234,-2.573,-6.183,28.72,LISTENING
29230.0,-6464.358,1273.734,2757.132,-3.189,-2.582,-6.202,28.72,SENSING
29230.0,-6464.358,1273.734,2757.132,-3.189,-2.582,-6.202,28.72,LISTENING
29250.0,-6526.664,1221.915,2632.557,-3.047,-2.609,-6.261,28.72,SENSING
29250.0,-6526.664,1221.915,2632.557,-3.047,-2.609,-6.261,28.72,LISTENING
29250.0,-6526.664,1221.915,2632.557,-3.047,-2.609,-6.261,28.72,SENSING
29250.0,-6526.664,1221.915,2632.557,-3.047,-2.609,-6.261,28.72,LISTENING
29269.36,-6584.262,1171.247,2510.873,-2.908,-2.635,-6.316,28.72,SENSING
29269.36,-6584.262,1171.247,2510.873,-2.908,-2.635,-6.316,28.72,LISTENING
29284.95,-6628.686,1130.097,2412.135,-2.795,-2.654,-6.358,28.72,SENSING
29284.95,-6628.686,1130.097,2412.135,-2.795,-2.654,-6.358,28.72,LISTENING
29290.0,-6642.699,1116.702,2380.012,-2.759,-2.66,-6.371,28.72,SENSING
29290.0,-6642.699,1116.702,2380.012,-2.759,-2.66,-6.371,28.72,LISTENING
29303.22,-6678.507,1081.493,2295.61,-2.662,-2.676,-6.405,28.72,SENSING
29303.22,-6678.507,1081.493,2295.61,-2.662,-2.676,-6.405,28.72,LISTENING
29310.0,-6696.378,1063.355,2252.152,-2.613,-2.684,-6.421,28.72,SENSING
29310.0,-6696.378,1063.355,2252.152,-2.613,-2.684,-6.421,28.72,LISTENING
29315.87,-6711.578,1047.608,2214.436,-2.57,-2.691,-6.436,28.72,SENSING
29315.87,-6711.578,1047.608,2214.436,-2.57,-2.691,-6.436,28.72,LISTENING
29320.0,-6722.122,1036.506,2187.85,-2.54,-2.696,-6.446,28.72,SENSING
29320.0,-6722.122,1036.506,2187.85,-2.54,-2.696,-6.446,28.72,LISTENING
29320.0,-6722.122,1036.506,2187.85,-2.54,-2.696,-6.446,28.72,SENSING
29320.0,-6722.122,1036.506,2187.85,-2.54,-2.696,-6.446,28.72,LISTENING
29330.53,-6748.438,1008.112,2119.882,-2.462,-2.707,-6.47,28.72,SENSING
29330.53,-6748.438,1008.112,2119.882,-2.462,-2.707,-6.47,28.72,LISTENING
29340.0,-6771.407,982.472,2058.536,-2.392,-2.718,-6.492,28.72,SENSING
29340.0,-6771.407,982.472,2058.536,-2.392,-2.718,-6.492,28.72,LISTENING
29340.0,-6771.407,982.472,2058.536,-2.392,-2.718,-6.492,28.72,SENSING
29340.0,-6771.407,982.472,2058.536,-2.392,-2.718,-6.492,28.72,LISTENING
29347.0,-6787.96,963.458,2013.061,-2.341,-2.725,-6.508,28.72,SENSING
29347.0,-6787.96,963.458,2013.061,-2.341,-2.725,-6.508,28.72,LISTENING
29347.92,-6790.109,960.955,2007.076,-2.334,-2.726,-6.51,28.72,SENSING
29347.92,-6790.109,960.955,2007.076,-2.334,-2.726,-6.51,28.72,LISTENING
29350.0,-6794.943,955.293,1993.538,-2.318,-2.728,-6.514,28.72,SENSING
29350.0,-6794.943,955.293,1993.538,-2.318,-2.728,-6.514,28.72,LISTENING
29360.0,-6817.738,928.01,1928.323,-2.244,-2.739,-6.536,28.72,SENSING
29360.0,-6817.738,928.01,1928.323,-2.244,-2.739,-6.536,28.72,LISTENING
29360.0,-6817.738,928.01,1928.323,-2.244,-2.739,-6.536,28.72,SENSING
29360.0,-6817.738,928.01,1928.323,-2.244,-2.739,-6.536,28.72,LISTENING
29370.0,-6839.788,900.626,1862.897,-2.169,-2.748,-6.556,28.72,SENSING
29370.0,-6839.788,900.626,1862.897,-2.169,-2.748,-6.556,28.72,LISTENING
29390.0,-6881.649,845.567,1731.444,-2.02,-2.768,-6.595,28.72,SENSING
29390.0,-6881.649,845.567,1731.444,-2.02,-2.768,-6.595,28.72,LISTENING
29399.45,-6900.385,819.422,1669.065,-1.949,-2.776,-6.613,28.72,SENSING
29399.45,-6900.385,819.422,1669.065,-1.949,-2.776,-6.613,28.72,LISTENING
29410.0,-6920.508,790.14,1599.234,-1.869,-2.785,-6.632,28.72,SENSING
29410.0,-6920.508,790.14,1599.234,-1.869,-2.785,-6.632,28.72,LISTENING
29420.0,-6938.807,762.296,1532.864,-1.793,-2.794,-6.649,28.72,SENSING
29420.0,-6938.807,762.296,1532.864,-1.793,-2.794,-6.649,28.72,LISTENING
29519.51,-7079.397,481.198,864.491,-1.032,-2.861,-6.779,28.72,SENSING
29519.51,-7079.397,481.198,864.491,-1.032,-2.861,-6.779,28.72,MANEUVERING
29519.51,-7079.397,481.198,864.491,-1.032,-2.861,-6.779,28.72,LISTENING
29533.09,-7092.688,442.367,772.394,-0.927,-2.868,-6.791,15.14,MANEUVERING
29533.09,-7092.688,442.367,772.394,-0.927,-2.868,-6.791,15.14,SENSING
29533.09,-7092.688,442.367,772.394,-0.927,-2.868,-6.791,15.14,MANEUVERING
29533.09,-7092.688,442.367,772.394,-0.927,-2.868,-6.791,15.14,LISTENING
29550.0,-7107.245,393.89,657.498,-0.796,-2.876,-6.804,-1.77,MANEUVERING
29550.0,-7107.245,393.89,657.498,-0.796,-2.876,-6.804,-1.77,SENSING
29550.0,-7107.245,393.89,657.498,-0.796,-2.876,-6.804,-1.77,MANEUVERING
29550.0,-7107.245,393.89,657.498,-0.796,-2.876,-6.804,-1.77,LISTENING
29553.35,-7109.866,384.272,634.711,-0.77,-2.877,-6.807,-5.12,MANEUVERING
29553.35,-7109.866,384.272,634.711,-0.77,-2.877,-6.807,-5.12,SENSING
29553.35,-7109.866,384.272,634.711,-0.77,-2.877,-6.807,-5.12,MANEUVERING
29553.35,-7109.866,384.272,634.711,-0.77,-2.877,-6.807,-5.12,LISTENING
29557.34,-7112.874,372.81,607.56,-0.739,-2.879,-6.81,-9.11,MANEUVERING
29557.34,-7112.874,372.81,607.56,-0.739,-2.879,-6.81,-9.11,SENSING
29557.34,-7112.874,372.81,607.56,-0.739,-2.879,-6.81,-9.11,MANEUVERING
29557.34,-7112.874,372.81,607.56,-0.739,-2.879,-6.81,-9.11,LISTENING
29570.0,-7121.603,336.399,521.345,-0.641,-2.884,-6.817,-21.77,MANEUVERING
29570.0,-7121.603,336.399,521.345,-0.641,-2.884,-6.817,-21.77,SENSING
29570.0,-7121.603,336.399,521.345,-0.641,-2.884,-6.817,-21.77,MANEUVERING
29570.0,-7121.603,336.399,521.345,-0.641,-2.884,-6.817,-21.77,LISTENING
29579.84,-7127.529,308.058,454.271,-0.564,-2.887,-6.823,-31.61,MANEUVERING
29579.84,-7127.529,308.058,454.271,-0.564,-2.887,-6.823,-31.61,SENSING
29579.84,-7127.529,308.058,454.271,-0.564,-2.887,-6.823,-31.61,MANEUVERING
29579.84,-7127.529,308.058,454.271,-0.564,-2.887,-6.823,-31.61,LISTENING
29580.0,-7127.619,307.597,453.179,-0.563,-2.887,-6.823,-31.77,MANEUVERING
29580.0,-7127.619,307.597,453.179,-0.563,-2.887,-6.823,-31.77,SENSING
29580.0,-7127.619,307.597,453.179,-0.563,-2.887,-6.823,-31.77,MEASURING
29580.0,-7127.619,307.597,453.179,-0.563,-2.887,-6.823,-31.77,SENSING
29580.0,-7127.619,307.597,453.179,-0.563,-2.887,-6.823,-31.77,LISTENING
29590.0,-7132.858,278.761,384.965,-0.485,-2.891,-6.827,-31.77,SENSING
29590.0,-7132.858,278.761,384.965,-0.485,-2.891,-6.827,-31.77,LISTENING
29590.0,-7132.858,278.761,384.965,-0.485,-2.891,-6.827,-31.77,SENSING
29590.0,-7132.858,278.761,384.965,-0.485,-2.891,-6.827,-31.77,LISTENING
29600.0,-7137.32,249.895,316.708,-0.408,-2.893,-6.831,-31.77,SENSING
29600.0,-7137.32,249.895,316.708,-0.408,-2.893,-6.831,-31.77,LISTENING
29630.0,-7146.039,163.147,111.76,-0.174,-2.9,-6.838,-31.77,SENSING
29630.0,-7146.039,163.147,111.76,-0.174,-2.9,-6.838,-31.77,MEASURING
29630.0,-7146.039,163.147,111.76,-0.174,-2.9,-6.838,-31.77,SENSING
29630.0,-7146.039,163.147,111.76,-0.174,-2.9,-6.838,-31.77,LISTENING
29633.67,-7146.625,152.522,86.677,-0.145,-2.901,-6.838,-31.77,SENSING
29633.67,-7146.625,152.522,86.677,-0.145,-2.901,-6.838,-31.77,LISTENING
29640.0,-7147.388,134.191,43.41,-0.096,-2.902,-6.839,-31.77,SENSING
29640.0,-7147.388,134.191,43.41,-0.096,-2.902,-6.839,-31.77,LISTENING
29647.58,-7147.893,112.233,-8.403,-0.037,-2.903,-6.839,-31.77,SENSING
29647.58,-7147.893,112.233,-8.403,-0.037,-2.903,-6.839,-31.77,LISTENING
29656.96,-7147.897,85.051,-72.519,0.036,-2.904,-6.839,-31.77,SENSING
29656.96,-7147.897,85.051,-72.519,0.036,-2.904,-6.839,-31.77,MANEUVERING
29656.96,-7147.897,85.051,-72.519,0.036,-2.904,-6.839,-31.77,LISTENING
29680.0,-7145.0,18.253,-229.964,0.216,-2.905,-6.835,-8.73,MANEUVERING
29680.0,-7145.0,18.253,-229.964,0.216,-2.905,-6.835,-8.73,SENSING
29680.0,-7145.0,18.253,-229.964,0.216,-2.905,-6.835,-8.73,MEASURING
29680.0,-7145.0,18.253,-229.964,0.216,-2.905,-6.835,-8.73,SENSING
29680.0,-7145.0,18.253,-229.964,0.216,-2.905,-6.835,-8.73,LISTENING
29690.0,-7142.456,-10.744,-298.263,0.293,-2.905,-6.832,-8.73,SENSING
29690.0,-7142.456,-10.744,-298.263,0.293,-2.905,-6.832,-8.73,LISTENING
29696.22,-7140.481,-28.78,-340.729,0.342,-2.905,-6.83,-8.73,SENSING
29696.22,-7140.481,-28.78,-340.729,0.342,-2.905,-6.83,-8.73,MANEUVERING
29696.22,-7140.481,-28.78,-340.729,0.342,-2.905,-6.83,-8.73,LISTENING
29700.0,-7139.134,-39.74,-366.53,0.371,-2.905,-6.828,-12.51,MANEUVERING
29700.0,-7139.134,-39.74,-366.53,0.371,-2.905,-6.828,-12.51,SENSING
29700.0,-7139.134,-39.74,-366.53,0.371,-2.905,-6.828,-12.51,MEASURING
29700.0,-7139.134,-39.74,-366.53,0.371,-2.905,-6.828,-12.51,SENSING
29700.0,-7139.134,-39.74,-366.53,0.371,-2.905,-6.828,-12.51,LISTENING
29701.83,-7138.442,-45.046,-379.019,0.386,-2.905,-6.828,-12.51,SENSING
29701.83,-7138.442,-45.046,-379.019,0.386,-2.905,-6.828,-12.51,LISTENING
29707.25,-7136.239,-60.76,-415.999,0.428,-2.904,-6.825,-12.51,SENSING
29707.25,-7136.239,-60.76,-415.999,0.428,-2.904,-6.825,-12.51,MANEUVERING
29707.25,-7136.239,-60.76,-415.999,0.428,-2.904,-6.825,-12.51,LISTENING
29710.0,-7135.034,-68.732,-434.757,0.449,-2.904,-6.824,-9.76,MANEUVERING
29710.0,-7135.034,-68.732,-434.757,0.449,-2.904,-6.824,-9.76,SENSING
29710.0,-7135.034,-68.732,-434.757,0.449,-2.904,-6.824,-9.76,MEASURING
29710.0,-7135.034,-68.732,-434.757,0.449,-2.904,-6.824,-9.76,SENSING
29710.0,-7135.034,-68.732,-434.757,0.449,-2.904,-6.824,-9.76,LISTENING
29720.0,-7130.157,-97.717,-502.936,0.527,-2.903,-6.819,-9.76,SENSING
29720.0,-7130.157,-97.717,-502.936,0.527,-2.903,-6.819,-9.76,LISTENING
29730.0,-7124.503,-126.691,-571.061,0.605,-2.902,-6.813,-9.76,SENSING
29730.0,-7124.503,-126.691,-571.061,0.605,-2.902,-6.813,-9.76,MEASURING
29730.0,-7124.503,-126.691,-571.061,0.605,-2.902,-6.813,-9.76,SENSING
29730.0,-7124.503,-126.691,-571.061,0.605,-2.902,-6.813,-9.76,LISTENING
29760.0,-7102.886,-213.517,-775.032,0.837,-2.897,-6.791,-9.76,SENSING
29760.0,-7102.886,-213.517,-775.032,0.837,-2.897,-6.791,-9.76,MEASURING
29760.0,-7102.886,-213.517,-775.032,0.837,-2.897,-6.791,-9.76,SENSING
29760.0,-7102.886,-213.517,-775.032,0.837,-2.897,-6.791,-9.76,LISTENING
29773.13,-7091.232,-251.458,-864.076,0.939,-2.893,-6.779,-9.76,SENSING
29773.13,-7091.232,-251.458,-864.076,0.939,-2.893,-6.779,-9.76,LISTENING
29800.0,-7063.233,-328.947,-1045.776,1.146,-2.885,-6.751,-9.76,SENSING
29800.0,-7063.233,-328.947,-1045.776,1.146,-2.885,-6.751,-9.76,LISTENING
29804.13,-7058.436,-340.836,-1073.634,1.178,-2.883,-6.746,-9.76,SENSING
29804.13,-7058.436,-340.836,-1073.634,1.178,-2.883,-6.746,-9.76,MANEUVERING
29804.13,-7058.436,-340.836,-1073.634,1.178,-2.883,-6.746,-9.76,LISTENING
29810.0,-7051.392,-357.723,-1113.195,1.223,-2.881,-6.739,-3.89,MANEUVERING
29810.0,-7051.392,-357.723,-1113.195,1.223,-2.881,-6.739,-3.89,SENSING
29810.0,-7051.392,-357.723,-1113.195,1.223,-2.881,-6.739,-3.89,MANEUVERING
29810.0,-7051.392,-357.723,-1113.195,1.223,-2.881,-6.739,-3.89,LISTENING
29820.0,-7038.783,-386.46,-1180.493,1.3,-2.877,-6.727,6.11,MANEUVERING
29820.0,-7038.783,-386.46,-1180.493,1.3,-2.877,-6.727,6.11,SENSING
29820.0,-7038.783,-386.46,-1180.493,1.3,-2.877,-6.727,6.11,MEASURING
29820.0,-7038.783,-386.46,-1180.493,1.3,-2.877,-6.727,6.11,SENSING
29820.0,-7038.783,-386.46,-1180.493,1.3,-2.877,-6.727,6.11,LISTENING
29829.83,-7025.64,-414.668,-1246.522,1.376,-2.873,-6.714,6.11,SENSING
29829.83,-7025.64,-414.668,-1246.522,1.376,-2.873,-6.714,6.11,MANEUVERING
29829.83,-7025.64,-414.668,-1246.522,1.376,-2.873,-6.714,6.11,LISTENING
29832.42,-7022.054,-422.093,-1263.897,1.395,-2.872,-6.71,8.7,MANEUVERING
29832.42,-7022.054,-422.093,-1263.897,1.395,-2.872,-6.71,8.7,SENSING
29832.42,-7022.054,-422.093,-1263.897,1.395,-2.872,-6.71,8.7,MANEUVERING
29832.42,-7022.054,-422.093,-1263.897,1.395,-2.872,-6.71,8.7,LISTENING
29850.0,-6996.357,-472.407,-1381.585,1.53,-2.863,-6.685,26.28,MANEUVERING
29850.0,-6996.357,-472.407,-1381.585,1.53,-2.863,-6.685,26.28,SENSING
29850.0,-6996.357,-472.407,-1381.585,1.53,-2.863,-6.685,26.28,MEASURING
29850.0,-6996.357,-472.407,-1381.585,1.53,-2.863,-6.685,26.28,SENSING
29850.0,-6996.357,-472.407,-1381.585,1.53,-2.863,-6.685,26.28,LISTENING
29874.85,-6956.015,-543.253,-1547.138,1.719,-2.849,-6.645,26.28,SENSING
29874.85,-6956.015,-543.253,-1547.138,1.719,-2.849,-6.645,26.28,MANEUVERING
29874.85,-6956.015,-543.253,-1547.138,1.719,-2.849,-6.645,26.28,LISTENING
29890.0,-6929.119,-586.269,-1647.565,1.834,-2.84,-6.619,11.13,MANEUVERING
29890.0,-6929.119,-586.269,-1647.565,1.834,-2.84,-6.619,11.13,SENSING
29890.0,-6929.119,-586.269,-1647.565,1.834,-2.84,-6.619,11.13,MEASURING
29890.0,-6929.119,-586.269,-1647.565,1.834,-2.84,-6.619,11.13,SENSING
29890.0,-6929.119,-586.269,-1647.565,1.834,-2.84,-6.619,11.13,LISTENING
29905.5,-6899.808,-630.127,-1749.884,1.951,-2.83,-6.59,11.13,SENSING
29905.5,-6899.808,-630.127,-1749.884,1.951,-2.83,-6.59,11.13,LISTENING
29910.0,-6890.959,-642.83,-1779.505,1.985,-2.826,-6.581,11.13,SENSING
29910.0,-6890.959,-642.83,-1779.505,1.985,-2.826,-6.581,11.13,LISTENING
29910.0,-6890.959,-642.83,-1779.505,1.985,-2.826,-6.581,11.13,SENSING
29910.0,-6890.959,-642.83,-1779.505,1.985,-2.826,-6.581,11.13,LISTENING
29914.57,-6881.817,-655.716,-1809.546,2.019,-2.823,-6.573,11.13,SENSING
29914.57,-6881.817,-655.716,-1809.546,2.019,-2.823,-6.573,11.13,MANEUVERING
29914.57,-6881.817,-655.716,-1809.546,2.019,-2.823,-6.573,11.13,LISTENING
29917.25,-6876.383,-663.265,-1827.145,2.039,-2.821,-6.567,8.45,MANEUVERING
29917.25,-6876.383,-663.265,-1827.145,2.039,-2.821,-6.567,8.45,SENSING
29917.25,-6876.383,-663.265,-1827.145,2.039,-2.821,-6.567,8.45,MANEUVERING
29917.25,-6876.383,-663.265,-1827.145,2.039,-2.821,-6.567,8.45,LISTENING
29920.0,-6870.751,-671.007,-1845.188,2.06,-2.819,-6.562,5.7,MANEUVERING
29920.0,-6870.751,-671.007,-1845.188,2.06,-2.819,-6.562,5.7,SENSING
29920.0,-6870.751,-671.007,-1845.188,2.06,-2.819,-6.562,5.7,MANEUVERING
29920.0,-6870.751,-671.007,-1845.188,2.06,-2.819,-6.562,5.7,LISTENING
29930.0,-6849.793,-699.111,-1910.669,2.135,-2.812,-6.541,-4.3,MANEUVERING
29930.0,-6849.793,-699.111,-1910.669,2.135,-2.812,-6.541,-4.3,SENSING
29930.0,-6849.793,-699.111,-1910.669,2.135,-2.812,-6.541,-4.3,MEASURING
29930.0,-6849.793,-699.111,-1910.669,2.135,-2.812,-6.541,-4.3,SENSING
29930.0,-6849.793,-699.111,-1910.669,2.135,-2.812,-6.541,-4.3,LISTENING
29930.58,-6848.554,-700.739,-1914.46,2.139,-2.811,-6.54,-4.3,SENSING
29930.58,-6848.554,-700.739,-1914.46,2.139,-2.811,-6.54,-4.3,LISTENING
29940.0,-6828.087,-727.139,-1975.941,2.209,-2.804,-6.52,-4.3,SENSING
29940.0,-6828.087,-727.139,-1975.941,2.209,-2.804,-6.52,-4.3,LISTENING
29950.0,-6805.637,-755.088,-2040.998,2.284,-2.796,-6.498,-4.3,SENSING
29950.0,-6805.637,-755.088,-2040.998,2.284,-2.796,-6.498,-4.3,LISTENING
29960.0,-6782.444,-782.955,-2105.832,2.358,-2.788,-6.475,-4.3,SENSING
29960.0,-6782.444,-782.955,-2105.832,2.358,-2.788,-6.475,-4.3,LISTENING
29967.74,-6763.985,-804.465,-2155.856,2.415,-2.781,-6.457,-4.3,SENSING
29967.74,-6763.985,-804.465,-2155.856,2.415,-2.781,-6.457,-4.3,MANEUVERING
29967.74,-6763.985,-804.465,-2155.856,2.415,-2.781,-6.457,-4.3,LISTENING
29980.0,-6733.841,-838.429,-2234.804,2.506,-2.77,-6.428,-16.56,MANEUVERING
29980.0,-6733.841,-838.429,-2234.804,2.506,-2.77,-6.428,-16.56,SENSING
29980.0,-6733.841,-838.429,-2234.804,2.506,-2.77,-6.428,-16.56,MEASURING
29980.0,-6733.841,-838.429,-2234.804,2.506,-2.77,-6.428,-16.56,SENSING
29980.0,-6733.841,-838.429,-2234.804,2.506,-2.77,-6.428,-16.56,LISTENING
29984.57,-6722.321,-851.055,-2264.139,2.539,-2.766,-6.417,-16.56,SENSING
29984.57,-6722.321,-851.055,-2264.139,2.539,-2.766,-6.417,-16.56,LISTENING
30007.36,-6662.594,-913.723,-2409.644,2.706,-2.744,-6.359,-16.56,SENSING
30007.36,-6662.594,-913.723,-2409.644,2.706,-2.744,-6.359,-16.56,MANEUVERING
30007.36,-6662.594,-913.723,-2409.644,2.706,-2.744,-6.359,-16.56,LISTENING
30020.0,-6627.836,-948.259,-2489.762,2.798,-2.731,-6.325,-29.2,MANEUVERING
30020.0,-6627.836,-948.259,-2489.762,2.798,-2.731,-6.325,-29.2,SENSING
30020.0,-6627.836,-948.259,-2489.762,2.798,-2.731,-6.325,-29.2,MEASURING
30020.0,-6627.836,-948.259,-2489.762,2.798,-2.731,-6.325,-29.2,SENSING
30020.0,-6627.836,-948.259,-2489.762,2.798,-2.731,-6.325,-29.2,LISTENING
30030.0,-6599.518,-975.466,-2552.839,2.87,-2.72,-6.297,-29.2,SENSING
30030.0,-6599.518,-975.466,-2552.839,2.87,-2.72,-6.297,-29.2,LISTENING
30050.0,-6540.723,-1029.558,-2678.15,3.014,-2.699,-6.24,-29.2,SENSING
30050.0,-6540.723,-1029.558,-2678.15,3.014,-2.699,-6.24,-29.2,LISTENING
30106.91,-6357.875,-1180.942,-3028.133,3.415,-2.63,-6.062,-29.2,SENSING
30106.91,-6357.875,-1180.942,-3028.133,3.415,-2.63,-6.062,-29.2,LISTENING
30110.0,-6347.297,-1189.047,-3046.839,3.436,-2.626,-6.052,-29.2,SENSING
30110.0,-6347.297,-1189.047,-3046.839,3.436,-2.626,-6.052,-29.2,LISTENING
30110.0,-6347.297,-1189.047,-3046.839,3.436,-2.626,-6.052,-29.2,SENSING
30110.0,-6347.297,-1189.047,-3046.839,3.436,-2.626,-6.052,-29.2,LISTENING
30119.77,-6313.416,-1214.592,-3105.777,3.504,-2.613,-6.019,-29.2,SENSING
30119.77,-6313.416,-1214.592,-3105.777,3.504,-2.613,-6.019,-29.2,LISTENING
30160.0,-6166.997,-1318.416,-3344.98,3.779,-2.557,-5.877,-29.2,SENSING
30160.0,-6166.997,-1318.416,-3344.98,3.779,-2.557,-5.877,-29.2,LISTENING
30180.37,-6088.678,-1370.11,-3463.864,3.916,-2.527,-5.801,-29.2,SENSING
30180.37,-6088.678,-1370.11,-3463.864,3.916,-2.527,-5.801,-29.2,LISTENING
30190.0,-6050.688,-1394.333,-3519.523,3.98,-2.513,-5.764,-29.2,SENSING
30190.0,-6050.688,-1394.333,-3519.523,3.98,-2.513,-5.764,-29.2,LISTENING
30200.0,-6010.589,-1419.338,-3576.942,4.046,-2.497,-5.725,-29.2,SENSING
30200.0,-6010.589,-1419.338,-3576.942,4.046,-2.497,-5.725,-29.2,LISTENING
30234.36,-5867.818,-1504.057,-3771.207,4.269,-2.442,-5.587,-29.2,SENSING
30234.36,-5867.818,-1504.057,-3771.207,4.269,-2.442,-5.587,-29.2,LISTENING
30240.0,-5843.653,-1517.781,-3802.636,4.306,-2.433,-5.564,-29.2,SENSING
30240.0,-5843.653,-1517.781,-3802.636,4.306,-2.433,-5.564,-29.2,LISTENING
30251.42,-5794.1,-1545.406,-3865.865,4.379,-2.414,-5.515,-29.2,SENSING
30251.42,-5794.1,-1545.406,-3865.865,4.379,-2.414,-5.515,-29.2,LISTENING
30260.0,-5756.325,-1566.017,-3913.006,4.433,-2.399,-5.479,-29.2,SENSING
30260.0,-5756.325,-1566.017,-3913.006,4.433,-2.399,-5.479,-29.2,LISTENING
30274.65,-5690.754,-1600.917,-3992.767,4.525,-2.374,-5.415,-29.2,SENSING
30274.65,-5690.754,-1600.917,-3992.767,4.525,-2.374,-5.415,-29.2,LISTENING
30290.0,-5620.614,-1637.081,-4075.33,4.62,-2.347,-5.347,-29.2,SENSING
30290.0,-5620.614,-1637.081,-4075.33,4.62,-2.347,-5.347,-29.2,LISTENING
30296.42,-5590.846,-1652.082,-4109.55,4.66,-2.335,-5.319,-29.2,SENSING
30296.42,-5590.846,-1652.082,-4109.55,4.66,-2.335,-5.319,-29.2,LISTENING
30300.0,-5574.137,-1660.414,-4128.551,4.682,-2.329,-5.302,-29.2,SENSING
30300.0,-5574.137,-1660.414,-4128.551,4.682,-2.329,-5.302,-29.2,LISTENING
30315.4,-5501.37,-1695.991,-4209.624,4.775,-2.3,-5.232,-29.2,SENSING
30315.4,-5501.37,-1695.991,-4209.624,4.775,-2.3,-5.232,-29.2,LISTENING
30320.0,-5479.355,-1706.533,-4233.629,4.803,-2.292,-5.211,-29.2,SENSING
30320.0,-5479.355,-1706.533,-4233.629,4.803,-2.292,-5.211,-29.2,LISTENING
30492.11,-4568.851,-2070.464,-5056.35,5.757,-1.933,-4.328,-29.2,SENSING
30492.11,-4568.851,-2070.464,-5056.35,5.757,-1.933,-4.328,-29.2,LISTENING
30550.0,-4227.591,-2178.306,-5297.292,6.038,-1.798,-3.997,-29.2,SENSING
30550.0,-4227.591,-2178.306,-5297.292,6.038,-1.798,-3.997,-29.2,LISTENING
30610.0,-3857.419,-2281.596,-5526.333,6.306,-1.65,-3.639,-29.2,SENSING
30610.0,-3857.419,-2281.596,-5526.333,6.306,-1.65,-3.639,-29.2,LISTENING
30640.0,-3666.488,-2329.871,-5632.664,6.431,-1.574,-3.453,-29.2,SENSING
30640.0,-3666.488,-2329.871,-5632.664,6.431,-1.574,-3.453,-29.2,LISTENING
30642.17,-3652.534,-2333.274,-5640.139,6.44,-1.568,-3.44,-29.2,SENSING
30642.17,-3652.534,-2333.274,-5640.139,6.44,-1.568,-3.44,-29.2,LISTENING
30650.0,-3602.024,-2345.451,-5666.867,6.471,-1.548,-3.391,-29.2,SENSING
30650.0,-3602.024,-2345.451,-5666.867,6.471,-1.548,-3.391,-29.2,LISTENING
30660.0,-3537.162,-2360.773,-5700.443,6.511,-1.522,-3.328,-29.2,SENSING
30660.0,-3537.162,-2360.773,-5700.443,6.511,-1.522,-3.328,-29.2,LISTENING
30660.0,-3537.162,-2360.773,-5700.443,6.511,-1.522,-3.328,-29.2,SENSING
30660.0,-3537.162,-2360.773,-5700.443,6.511,-1.522,-3.328,-29.2,LISTENING
30670.0,-3471.908,-2375.833,-5733.388,6.549,-1.496,-3.264,-29.2,SENSING
30670.0,-3471.908,-2375.833,-5733.388,6.549,-1.496,-3.264,-29.2,LISTENING
30682.26,-3391.384,-2393.94,-5772.912,6.596,-1.463,-3.186,-29.2,SENSING
30682.26,-3391.384,-2393.94,-5772.912,6.596,-1.463,-3.186,-29.2,LISTENING
30690.0,-3340.256,-2405.166,-5797.369,6.625,-1.443,-3.137,-29.2,SENSING
30690.0,-3340.256,-2405.166,-5797.369,6.625,-1.443,-3.137,-29.2,LISTENING
30690.0,-3340.256,-2405.166,-5797.369,6.625,-1.443,-3.137,-29.2,SENSING
30690.0,-3340.256,-2405.166,-5797.369,6.625,-1.443,-3.137,-29.2,LISTENING
30696.67,-3296.017,-2414.713,-5818.138,6.649,-1.425,-3.094,-29.2,SENSING
30696.67,-3296.017,-2414.713,-5818.138,6.649,-1.425,-3.094,-29.2,LISTENING
30700.0,-3273.87,-2419.435,-5828.399,6.661,-1.416,-3.072,-29.2,SENSING
30700.0,-3273.87,-2419.435,-5828.399,6.661,-1.416,-3.072,-29.2,LISTENING
30700.0,-3273.87,-2419.435,-5828.399,6.661,-1.416,-3.072,-29.2,SENSING
30700.0,-3273.87,-2419.435,-5828.399,6.661,-1.416,-3.072,-29.2,LISTENING
30724.36,-3110.654,-2453.071,-5901.276,6.748,-1.35,-2.914,-29.2,SENSING
30724.36,-3110.654,-2453.071,-5901.276,6.748,-1.35,-2.914,-29.2,LISTENING
30730.0,-3072.569,-2460.63,-5917.597,6.767,-1.335,-2.877,-29.2,SENSING
30730.0,-3072.569,-2460.63,-5917.597,6.767,-1.335,-2.877,-29.2,LISTENING
30736.01,-3031.867,-2468.589,-5934.759,6.787,-1.319,-2.837,-29.2,SENSING
30736.01,-3031.867,-2468.589,-5934.759,6.787,-1.319,-2.837,-29.2,LISTENING
30740.0,-3004.777,-2473.819,-5946.021,6.801,-1.308,-2.811,-29.2,SENSING
30740.0,-3004.777,-2473.819,-5946.021,6.801,-1.308,-2.811,-29.2,LISTENING
30740.0,-3004.777,-2473.819,-5946.021,6.801,-1.308,-2.811,-29.2,SENSING
30740.0,-3004.777,-2473.819,-5946.021,6.801,-1.308,-2.811,-29.2,LISTENING
30791.96,-2647.337,-2537.912,-6083.025,6.964,-1.163,-2.464,-29.2,SENSING
30791.96,-2647.337,-2537.912,-6083.025,6.964,-1.163,-2.464,-29.2,LISTENING
30800.0,-2591.293,-2547.156,-6102.604,6.987,-1.14,-2.409,-29.2,SENSING
30800.0,-2591.293,-2547.156,-6102.604,6.987,-1.14,-2.409,-29.2,LISTENING
30800.0,-2591.293,-2547.156,-6102.604,6.987,-1.14,-2.409,-29.2,SENSING
30800.0,-2591.293,-2547.156,-6102.604,6.987,-1.14,-2.409,-29.2,LISTENING
30805.36,-2553.826,-2553.217,-6115.414,7.003,-1.125,-2.373,-29.2,SENSING
30805.36,-2553.826,-2553.217,-6115.414,7.003,-1.125,-2.373,-29.2,LISTENING
30810.0,-2521.326,-2558.399,-6126.345,7.016,-1.112,-2.341,-29.2,SENSING
30810.0,-2521.326,-2558.399,-6126.345,7.016,-1.112,-2.341,-29.2,LISTENING
30824.14,-2421.918,-2573.812,-6158.751,7.055,-1.072,-2.245,-29.2,SENSING
30824.14,-2421.918,-2573.812,-6158.751,7.055,-1.072,-2.245,-29.2,LISTENING
30840.0,-2309.778,-2590.42,-6193.469,7.096,-1.026,-2.136,-29.2,SENSING
30840.0,-2309.778,-2590.42,-6193.469,7.096,-1.026,-2.136,-29.2,LISTENING
30840.0,-2309.778,-2590.42,-6193.469,7.096,-1.026,-2.136,-29.2,SENSING
30840.0,-2309.778,-2590.42,-6193.469,7.096,-1.026,-2.136,-29.2,LISTENING
30845.4,-2271.448,-2595.91,-6204.895,7.11,-1.011,-2.098,-29.2,SENSING
30845.4,-2271.448,-2595.91,-6204.895,7.11,-1.011,-2.098,-29.2,LISTENING
30850.0,-2238.738,-2600.52,-6214.469,7.122,-0.997,-2.067,-29.2,SENSING
30850.0,-2238.738,-2600.52,-6214.469,7.122,-0.997,-2.067,-29.2,LISTENING
30860.0,-2167.449,-2610.332,-6234.778,7.146,-0.968,-1.997,-29.2,SENSING
30860.0,-2167.449,-2610.332,-6234.778,7.146,-0.968,-1.997,-29.2,LISTENING
30863.36,-2143.441,-2613.564,-6241.446,7.154,-0.959,-1.974,-29.2,SENSING
30863.36,-2143.441,-2613.564,-6241.446,7.154,-0.959,-1.974,-29.2,LISTENING
30870.0,-2095.918,-2619.854,-6254.392,7.17,-0.939,-1.928,-29.2,SENSING
30870.0,-2095.918,-2619.854,-6254.392,7.17,-0.939,-1.928,-29.2,LISTENING
30880.0,-2024.154,-2629.085,-6273.31,7.193,-0.91,-1.858,-29.2,SENSING
30880.0,-2024.154,-2629.085,-6273.31,7.193,-0.91,-1.858,-29.2,LISTENING
30890.0,-1952.165,-2638.024,-6291.528,7.215,-0.881,-1.788,-29.2,SENSING
30890.0,-1952.165,-2638.024,-6291.528,7.215,-0.881,-1.788,-29.2,LISTENING
30899.59,-1882.922,-2646.321,-6308.342,7.236,-0.853,-1.72,-29.2,SENSING
30899.59,-1882.922,-2646.321,-6308.342,7.236,-0.853,-1.72,-29.2,LISTENING
30910.0,-1807.541,-2655.021,-6325.86,7.257,-0.822,-1.647,-29.2,SENSING
30910.0,-1807.541,-2655.021,-6325.86,7.257,-0.822,-1.647,-29.2,LISTENING
30910.0,-1807.541,-2655.021,-6325.86,7.257,-0.822,-1.647,-29.2,SENSING
30910.0,-1807.541,-2655.021,-6325.86,7.257,-0.822,-1.647,-29.2,LISTENING
30915.19,-1769.877,-2659.239,-6334.309,7.267,-0.806,-1.61,-29.2,SENSING
30915.19,-1769.877,-2659.239,-6334.309,7.267,-0.806,-1.61,-29.2,LISTENING
30920.0,-1734.924,-2663.077,-6341.969,7.277,-0.792,-1.576,-29.2,SENSING
30920.0,-1734.924,-2663.077,-6341.969,7.277,-0.792,-1.576,-29.2,LISTENING
30920.0,-1734.924,-2663.077,-6341.969,7.277,-0.792,-1.576,-29.2,SENSING
30920.0,-1734.924,-2663.077,-6341.969,7.277,-0.792,-1.576,-29.2,LISTENING
30926.22,-1689.657,-2667.939,-6351.632,7.289,-0.774,-1.532,-29.2,SENSING
30926.22,-1689.657,-2667.939,-6351.632,7.289,-0.774,-1.532,-29.2,LISTENING
30930.0,-1662.112,-2670.837,-6357.371,7.296,-0.762,-1.506,-29.2,SENSING
30930.0,-1662.112,-2670.837,-6357.371,7.296,-0.762,-1.506,-29.2,LISTENING
30930.0,-1662.112,-2670.837,-6357.371,7.296,-0.762,-1.506,-29.2,SENSING
30930.0,-1662.112,-2670.837,-6357.371,7.296,-0.762,-1.506,-29.2,LISTENING
30937.45,-1607.747,-2676.425,-6368.384,7.309,-0.74,-1.453,-29.2,SENSING
30937.45,-1607.747,-2676.425,-6368.384,7.309,-0.74,-1.453,-29.2,LISTENING
30940.0,-1589.116,-2678.3,-6372.063,7.314,-0.733,-1.434,-29.2,SENSING
30940.0,-1589.116,-2678.3,-6372.063,7.314,-0.733,-1.434,-29.2,LISTENING
30948.68,-1525.611,-2684.536,-6384.239,7.329,-0.707,-1.373,-29.2,SENSING
30948.68,-1525.611,-2684.536,-6384.239,7.329,-0.707,-1.373,-29.2,LISTENING
30949.37,-1520.557,-2685.022,-6385.184,7.33,-0.705,-1.368,-29.2,SENSING
30949.37,-1520.557,-2685.022,-6385.184,7.33,-0.705,-1.368,-29.2,LISTENING
30960.0,-1442.599,-2692.33,-6399.312,7.348,-0.673,-1.292,-29.2,SENSING
30960.0,-1442.599,-2692.33,-6399.312,7.348,-0.673,-1.292,-29.2,LISTENING
30960.0,-1442.599,-2692.33,-6399.312,7.348,-0.673,-1.292,-29.2,SENSING
30960.0,-1442.599,-2692.33,-6399.312,7.348,-0.673,-1.292,-29.2,LISTENING
30970.0,-1369.095,-2698.895,-6411.865,7.363,-0.643,-1.22,-29.2,SENSING
30970.0,-1369.095,-2698.895,-6411.865,7.363,-0.643,-1.22,-29.2,LISTENING
30978.03,-1309.96,-2703.95,-6421.427,7.375,-0.618,-1.163,-29.2,SENSING
30978.03,-1309.96,-2703.95,-6421.427,7.375,-0.618,-1.163,-29.2,LISTENING
30982.44,-1277.443,-2706.643,-6426.482,7.382,-0.605,-1.131,-29.2,SENSING
30982.44,-1277.443,-2706.643,-6426.482,7.382,-0.605,-1.131,-29.2,LISTENING
30990.0,-1221.636,-2711.124,-6434.821,7.392,-0.582,-1.077,-29.2,SENSING
30990.0,-1221.636,-2711.124,-6434.821,7.392,-0.582,-1.077,-29.2,LISTENING
31002.84,-1126.676,-2718.337,-6448.043,7.409,-0.543,-0.984,-29.2,SENSING
31002.84,-1126.676,-2718.337,-6448.043,7.409,-0.543,-0.984,-29.2,LISTENING
31010.0,-1073.632,-2722.143,-6454.9,7.418,-0.522,-0.932,-29.2,SENSING
31010.0,-1073.632,-2722.143,-6454.9,7.418,-0.522,-0.932,-29.2,LISTENING
31010.0,-1073.632,-2722.143,-6454.9,7.418,-0.522,-0.932,-29.2,SENSING
31010.0,-1073.632,-2722.143,-6454.9,7.418,-0.522,-0.932,-29.2,LISTENING
31019.36,-1004.197,-2726.883,-6463.306,7.429,-0.493,-0.865,-29.2,SENSING
31019.36,-1004.197,-2726.883,-6463.306,7.429,-0.493,-0.865,-29.2,LISTENING
31020.0,-999.445,-2727.198,-6463.857,7.43,-0.491,-0.86,-29.2,SENSING
31020.0,-999.445,-2727.198,-6463.857,7.43,-0.491,-0.86,-29.2,LISTENING
31030.0,-925.147,-2731.948,-6472.091,7.44,-0.461,-0.788,-29.2,SENSING
31030.0,-925.147,-2731.948,-6472.091,7.44,-0.461,-0.788,-29.2,LISTENING
31030.0,-925.147,-2731.948,-6472.091,7.44,-0.461,-0.788,-29.2,SENSING
31030.0,-925.147,-2731.948,-6472.091,7.44,-0.461,-0.788,-29.2,MESSAGING
31030.0,-925.147,-2731.948,-6472.091,7.44,-0.461,-0.788,-29.2,SENSING
31030.0,-925.147,-2731.948,-6472.091,7.44,-0.461,-0.788,-29.2,LISTENING
31030.0,-925.147,-2731.948,-6472.091,7.44,-0.461,-0.788,-29.2,SENSING
31030.0,-925.147,-2731.948,-6472.091,7.44,-0.461,-0.788,-29.2,LISTENING
31030.0,-925.147,-2731.948,-6472.091,7.44,-0.461,-0.788,-29.2,SENSING
31030.0,-925.147,-2731.948,-6472.091,7.44,-0.461,-0.788,-29.2,LISTENING
31030.0,-925.147,-2731.948,-6472.091,7.44,-0.461,-0.788,-29.2,SENSING
31030.0,-925.147,-2731.948,-6472.091,7.44,-0.461,-0.788,-29.2,LISTENING
31036.77,-874.788,-2734.99,-6477.254,7.447,-0.44,-0.739,-29.2,SENSING
31036.77,-874.788,-2734.99,-6477.254,7.447,-0.44,-0.739,-29.2,LISTENING
31040.0,-850.745,-2736.393,-6479.601,7.45,-0.43,-0.715,-29.2,SENSING
31040.0,-850.745,-2736.393,-6479.601,7.45,-0.43,-0.715,-29.2,LISTENING
31040.0,-850.745,-2736.393,-6479.601,7.45,-0.43,-0.715,-29.2,SENSING
31040.0,-850.745,-2736.393,-6479.601,7.45,-0.43,-0.715,-29.2,LISTENING
31048.43,-787.95,-2739.903,-6485.368,7.458,-0.404,-0.654,-29.2,SENSING
31048.43,-787.95,-2739.903,-6485.368,7.458,-0.404,-0.654,-29.2,LISTENING
31060.0,-701.665,-2744.366,-6492.442,7.468,-0.369,-0.57,-29.2,SENSING
31060.0,-701.665,-2744.366,-6492.442,7.468,-0.369,-0.57,-29.2,LISTENING
31069.07,-633.949,-2747.578,-6497.307,7.475,-0.341,-0.504,-29.2,SENSING
31069.07,-633.949,-2747.578,-6497.307,7.475,-0.341,-0.504,-29.2,LISTENING
31080.0,-552.269,-2751.113,-6502.374,7.482,-0.307,-0.424,-29.2,SENSING
31080.0,-552.269,-2751.113,-6502.374,7.482,-0.307,-0.424,-29.2,LISTENING
31085.3,-512.635,-2752.694,-6504.518,7.485,-0.291,-0.385,-29.2,SENSING
31085.3,-512.635,-2752.694,-6504.518,7.485,-0.291,-0.385,-29.2,LISTENING
31090.0,-477.475,-2754.025,-6506.247,7.488,-0.276,-0.351,-29.2,SENSING
31090.0,-477.475,-2754.025,-6506.247,7.488,-0.276,-0.351,-29.2,LISTENING
31090.0,-477.475,-2754.025,-6506.247,7.488,-0.276,-0.351,-29.2,SENSING
31090.0,-477.475,-2754.025,-6506.247,7.488,-0.276,-0.351,-29.2,LISTENING
31103.96,-372.974,-2757.575,-6510.433,7.494,-0.233,-0.249,-29.2,SENSING
31103.96,-372.974,-2757.575,-6510.433,7.494,-0.233,-0.249,-29.2,LISTENING
31110.0,-327.734,-2758.925,-6511.804,7.497,-0.214,-0.205,-29.2,SENSING
31110.0,-327.734,-2758.925,-6511.804,7.497,-0.214,-0.205,-29.2,LISTENING
31110.0,-327.734,-2758.925,-6511.804,7.497,-0.214,-0.205,-29.2,SENSING
31110.0,-327.734,-2758.925,-6511.804,7.497,-0.214,-0.205,-29.2,LISTENING
31117.99,-267.867,-2760.537,-6513.207,7.499,-0.19,-0.146,-29.2,SENSING
31117.99,-267.867,-2760.537,-6513.207,7.499,-0.19,-0.146,-29.2,LISTENING
31150.0,-27.877,-2765.017,-6514.146,7.505,-0.09,0.088,-29.2,SENSING
31150.0,-27.877,-2765.017,-6514.146,7.505,-0.09,0.088,-29.2,LISTENING
31168.65,111.981,-2766.164,-6511.236,7.504,-0.033,0.224,-29.2,SENSING
31168.65,111.981,-2766.164,-6511.236,7.504,-0.033,0.224,-29.2,LISTENING
31196.47,320.507,-2765.869,-6502.163,7.497,0.054,0.428,-29.2,SENSING
31196.47,320.507,-2765.869,-6502.163,7.497,0.054,0.428,-29.2,LISTENING
31200.0,346.95,-2765.66,-6500.607,7.496,0.065,0.454,-29.2,SENSING
31200.0,346.95,-2765.66,-6500.607,7.496,0.065,0.454,-29.2,LISTENING
31206.45,395.254,-2765.178,-6497.529,7.493,0.085,0.501,-29.2,SENSING
31206.45,395.254,-2765.178,-6497.529,7.493,0.085,0.501,-29.2,LISTENING
31210.0,421.832,-2764.858,-6495.705,7.491,0.096,0.527,-29.2,SENSING
31210.0,421.832,-2764.858,-6495.705,7.491,0.096,0.527,-29.2,LISTENING
31210.0,421.832,-2764.858,-6495.705,7.491,0.096,0.527,-29.2,SENSING
31210.0,421.832,-2764.858,-6495.705,7.491,0.096,0.527,-29.2,MESSAGING
31210.0,421.832,-2764.858,-6495.705,7.491,0.096,0.527,-29.2,SENSING
31210.0,421.832,-2764.858,-6495.705,7.491,0.096,0.527,-29.2,LISTENING
31210.0,421.832,-2764.858,-6495.705,7.491,0.096,0.527,-29.2,SENSING
31210.0,421.832,-2764.858,-6495.705,7.491,0.096,0.527,-29.2,LISTENING
31210.0,421.832,-2764.858,-6495.705,7.491,0.096,0.527,-29.2,SENSING
31210.0,421.832,-2764.858,-6495.705,7.491,0.096,0.527,-29.2,MESSAGING
31210.0,421.832,-2764.858,-6495.705,7.491,0.096,0.527,-29.2,SENSING
31210.0,421.832,-2764.858,-6495.705,7.491,0.096,0.527,-29.2,LISTENING
31210.0,421.832,-2764.858,-6495.705,7.491,0.096,0.527,-29.2,SENSING
31210.0,421.832,-2764.858,-6495.705,7.491,0.096,0.527,-29.2,LISTENING
31216.99,474.147,-2764.113,-6491.843,7.488,0.118,0.578,-29.2,SENSING
31216.99,474.147,-2764.113,-6491.843,7.488,0.118,0.578,-29.2,LISTENING
31220.0,496.667,-2763.745,-6490.07,7.486,0.127,0.6,-29.2,SENSING
31220.0,496.667,-2763.745,-6490.07,7.486,0.127,0.6,-29.2,LISTENING
31227.36,551.71,-2762.728,-6485.457,7.482,0.15,0.654,-29.2,SENSING
31227.36,551.71,-2762.728,-6485.457,7.482,0.15,0.654,-29.2,LISTENING
31230.0,571.446,-2762.322,-6483.705,7.48,0.158,0.673,-29.2,SENSING
31230.0,571.446,-2762.322,-6483.705,7.48,0.158,0.673,-29.2,LISTENING
31255.43,761.298,-2757.306,-6464.231,7.461,0.237,0.859,-29.2,SENSING
31255.43,761.298,-2757.306,-6464.231,7.461,0.237,0.859,-29.2,LISTENING
31260.0,795.362,-2756.192,-6460.231,7.457,0.251,0.892,-29.2,SENSING
31260.0,795.362,-2756.192,-6460.231,7.457,0.251,0.892,-29.2,LISTENING
31274.6,904.057,-2752.199,-6446.434,7.443,0.297,0.999,-29.2,SENSING
31274.6,904.057,-2752.199,-6446.434,7.443,0.297,0.999,-29.2,LISTENING
31280.0,944.205,-2750.555,-6440.939,7.437,0.313,1.038,-29.2,SENSING
31280.0,944.205,-2750.555,-6440.939,7.437,0.313,1.038,-29.2,LISTENING
31280.0,944.205,-2750.555,-6440.939,7.437,0.313,1.038,-29.2,SENSING
31280.0,944.205,-2750.555,-6440.939,7.437,0.313,1.038,-29.2,LISTENING
31280.0,944.205,-2750.555,-6440.939,7.437,0.313,1.038,-29.2,SENSING
31280.0,944.205,-2750.555,-6440.939,7.437,0.313,1.038,-29.2,MESSAGING
31280.0,944.205,-2750.555,-6440.939,7.437,0.313,1.038,-29.2,MESSAGING
31280.0,944.205,-2750.555,-6440.939,7.437,0.313,1.038,-29.2,SENSING
31280.0,944.205,-2750.555,-6440.939,7.437,0.313,1.038,-29.2,LISTENING
31280.0,944.205,-2750.555,-6440.939,7.437,0.313,1.038,-29.2,SENSING
31280.0,944.205,-2750.555,-6440.939,7.437,0.313,1.038,-29.2,MESSAGING
31280.0,944.205,-2750.555,-6440.939,7.437,0.313,1.038,-29.2,SENSING
31280.0,944.205,-2750.555,-6440.939,7.437,0.313,1.038,-29.2,MESSAGING
31280.0,944.205,-2750.555,-6440.939,7.437,0.313,1.038,-29.2,SENSING
31280.0,944.205,-2750.555,-6440.939,7.437,0.313,1.038,-29.2,LISTENING
31280.0,944.205,-2750.555,-6440.939,7.437,0.313,1.038,-29.2,SENSING
31280.0,944.205,-2750.555,-6440.939,7.437,0.313,1.038,-29.2,LISTENING
31280.0,944.205,-2750.555,-6440.939,7.437,0.313,1.038,-29.2,SENSING
31280.0,944.205,-2750.555,-6440.939,7.437,0.313,1.038,-29.2,LISTENING
31280.0,944.205,-2750.555,-6440.939,7.437,0.313,1.038,-29.2,SENSING
31280.0,944.205,-2750.555,-6440.939,7.437,0.313,1.038,-29.2,LISTENING
31280.0,944.205,-2750.555,-6440.939,7.437,0.313,1.038,-29.2,SENSING
31280.0,944.205,-2750.555,-6440.939,7.437,0.313,1.038,-29.2,LISTENING
31280.0,944.205,-2750.555,-6440.939,7.437,0.313,1.038,-29.2,SENSING
31280.0,944.205,-2750.555,-6440.939,7.437,0.313,1.038,-29.2,LISTENING
31280.0,944.205,-2750.555,-6440.939,7.437,0.313,1.038,-29.2,SENSING
31280.0,944.205,-2750.555,-6440.939,7.437,0.313,1.038,-29.2,LISTENING
31280.0,944.205,-2750.555,-6440.939,7.437,0.313,1.038,-29.2,SENSING
31280.0,944.205,-2750.555,-6440.939,7.437,0.313,1.038,-29.2,LISTENING
31284.96,981.055,-2748.965,-6435.704,7.432,0.329,1.074,-29.2,SENSING
31284.96,981.055,-2748.965,-6435.704,7.432,0.329,1.074,-29.2,LISTENING
31290.0,1018.471,-2747.272,-6430.202,7.426,0.344,1.111,-29.2,SENSING
31290.0,1018.471,-2747.272,-6430.202,7.426,0.344,1.111,-29.2,LISTENING
31290.0,1018.471,-2747.272,-6430.202,7.426,0.344,1.111,-29.2,SENSING
31290.0,1018.471,-2747.272,-6430.202,7.426,0.344,1.111,-29.2,MESSAGING
31290.0,1018.471,-2747.272,-6430.202,7.426,0.344,1.111,-29.2,SENSING
31290.0,1018.471,-2747.272,-6430.202,7.426,0.344,1.111,-29.2,LISTENING
31290.0,1018.471,-2747.272,-6430.202,7.426,0.344,1.111,-29.2,SENSING
31290.0,1018.471,-2747.272,-6430.202,7.426,0.344,1.111,-29.2,LISTENING
31290.0,1018.471,-2747.272,-6430.202,7.426,0.344,1.111,-29.2,SENSING
31290.0,1018.471,-2747.272,-6430.202,7.426,0.344,1.111,-29.2,LISTENING
31290.0,1018.471,-2747.272,-6430.202,7.426,0.344,1.111,-29.2,SENSING
31290.0,1018.471,-2747.272,-6430.202,7.426,0.344,1.111,-29.2,LISTENING
31298.15,1078.914,-2744.368,-6420.915,7.417,0.37,1.17,-29.2,SENSING
31298.15,1078.914,-2744.368,-6420.915,7.417,0.37,1.17,-29.2,LISTENING
31300.0,1092.623,-2743.68,-6418.739,7.414,0.375,1.183,-29.2,SENSING
31300.0,1092.623,-2743.68,-6418.739,7.414,0.375,1.183,-29.2,LISTENING
31305.57,1133.872,-2741.545,-6412.041,7.407,0.393,1.223,-29.2,SENSING
31305.57,1133.872,-2741.545,-6412.041,7.407,0.393,1.223,-29.2,LISTENING
31310.0,1166.651,-2739.779,-6406.552,7.402,0.406,1.256,-29.2,SENSING
31310.0,1166.651,-2739.779,-6406.552,7.402,0.406,1.256,-29.2,LISTENING
31310.0,1166.651,-2739.779,-6406.552,7.402,0.406,1.256,-29.2,SENSING
31310.0,1166.651,-2739.779,-6406.552,7.402,0.406,1.256,-29.2,LISTENING
31319.9,1239.809,-2735.613,-6393.775,7.388,0.437,1.327,-29.2,SENSING
31319.9,1239.809,-2735.613,-6393.775,7.388,0.437,1.327,-29.2,LISTENING
31322.16,1256.49,-2734.619,-6390.758,7.385,0.444,1.343,-29.2,SENSING
31322.16,1256.49,-2734.619,-6390.758,7.385,0.444,1.343,-29.2,LISTENING
31330.0,1314.303,-2731.051,-6380.009,7.374,0.468,1.4,-29.2,SENSING
31330.0,1314.303,-2731.051,-6380.009,7.374,0.468,1.4,-29.2,LISTENING
31336.2,1359.958,-2728.096,-6371.195,7.364,0.487,1.445,-29.2,SENSING
31336.2,1359.958,-2728.096,-6371.195,7.364,0.487,1.445,-29.2,LISTENING
31340.0,1387.911,-2726.226,-6365.656,7.358,0.499,1.472,-29.2,SENSING
31340.0,1387.911,-2726.226,-6365.656,7.358,0.499,1.472,-29.2,LISTENING
31340.0,1387.911,-2726.226,-6365.656,7.358,0.499,1.472,-29.2,SENSING
31340.0,1387.911,-2726.226,-6365.656,7.358,0.499,1.472,-29.2,LISTENING
31350.0,1461.362,-2721.093,-6350.583,7.342,0.53,1.544,-29.2,SENSING
31350.0,1461.362,-2721.093,-6350.583,7.342,0.53,1.544,-29.2,LISTENING
31356.92,1512.094,-2717.361,-6339.732,7.331,0.551,1.594,-29.2,SENSING
31356.92,1512.094,-2717.361,-6339.732,7.331,0.551,1.594,-29.2,LISTENING
31360.0,1534.648,-2715.653,-6334.792,7.325,0.56,1.616,-29.2,SENSING
31360.0,1534.648,-2715.653,-6334.792,7.325,0.56,1.616,-29.2,LISTENING
31360.0,1534.648,-2715.653,-6334.792,7.325,0.56,1.616,-29.2,SENSING
31360.0,1534.648,-2715.653,-6334.792,7.325,0.56,1.616,-29.2,LISTENING
31364.38,1566.693,-2713.174,-6327.649,7.318,0.574,1.647,-29.2,SENSING
31364.38,1566.693,-2713.174,-6327.649,7.318,0.574,1.647,-29.2,LISTENING
31370.0,1607.76,-2709.907,-6318.284,7.308,0.591,1.687,-29.2,SENSING
31370.0,1607.76,-2709.907,-6318.284,7.308,0.591,1.687,-29.2,LISTENING
31370.37,1610.462,-2709.688,-6317.659,7.307,0.592,1.69,-29.2,SENSING
31370.37,1610.462,-2709.688,-6317.659,7.307,0.592,1.69,-29.2,LISTENING
31380.0,1680.69,-2703.855,-6301.062,7.289,0.622,1.759,-29.2,SENSING
31380.0,1680.69,-2703.855,-6301.062,7.289,0.622,1.759,-29.2,LISTENING
31380.0,1680.69,-2703.855,-6301.062,7.289,0.622,1.759,-29.2,SENSING
31380.0,1680.69,-2703.855,-6301.062,7.289,0.622,1.759,-29.2,MESSAGING
31380.0,1680.69,-2703.855,-6301.062,7.289,0.622,1.759,-29.2,MESSAGING
31380.0,1680.69,-2703.855,-6301.062,7.289,0.622,1.759,-29.2,SENSING
31380.0,1680.69,-2703.855,-6301.062,7.289,0.622,1.759,-29.2,LISTENING
31380.0,1680.69,-2703.855,-6301.062,7.289,0.622,1.759,-29.2,SENSING
31380.0,1680.69,-2703.855,-6301.062,7.289,0.622,1.759,-29.2,LISTENING
31380.0,1680.69,-2703.855,-6301.062,7.289,0.622,1.759,-29.2,SENSING
31380.0,1680.69,-2703.855,-6301.062,7.289,0.622,1.759,-29.2,LISTENING
31380.0,1680.69,-2703.855,-6301.062,7.289,0.622,1.759,-29.2,SENSING
31380.0,1680.69,-2703.855,-6301.062,7.289,0.622,1.759,-29.2,LISTENING
31380.0,1680.69,-2703.855,-6301.062,7.289,0.622,1.759,-29.2,SENSING
31380.0,1680.69,-2703.855,-6301.062,7.289,0.622,1.759,-29.2,MESSAGING
31380.0,1680.69,-2703.855,-6301.062,7.289,0.622,1.759,-29.2,SENSING
31380.0,1680.69,-2703.855,-6301.062,7.289,0.622,1.759,-29.2,MESSAGING
31380.0,1680.69,-2703.855,-6301.062,7.289,0.622,1.759,-29.2,SENSING
31380.0,1680.69,-2703.855,-6301.062,7.289,0.622,1.759,-29.2,LISTENING
31380.0,1680.69,-2703.855,-6301.062,7.289,0.622,1.759,-29.2,SENSING
31380.0,1680.69,-2703.855,-6301.062,7.289,0.622,1.759,-29.2,LISTENING
31380.0,1680.69,-2703.855,-6301.062,7.289,0.622,1.759,-29.2,SENSING
31380.0,1680.69,-2703.855,-6301.062,7.289,0.622,1.759,-29.2,LISTENING
31380.0,1680.69,-2703.855,-6301.062,7.289,0.622,1.759,-29.2,SENSING
31380.0,1680.69,-2703.855,-6301.062,7.289,0.622,1.759,-29.2,LISTENING
31380.0,1680.69,-2703.855,-6301.062,7.289,0.622,1.759,-29.2,SENSING
31380.0,1680.69,-2703.855,-6301.062,7.289,0.622,1.759,-29.2,LISTENING
31380.0,1680.69,-2703.855,-6301.062,7.289,0.622,1.759,-29.2,SENSING
31380.0,1680.69,-2703.855,-6301.062,7.289,0.622,1.759,-29.2,LISTENING
31385.49,1720.649,-2700.402,-6291.303,7.278,0.638,1.798,-29.2,SENSING
31385.49,1720.649,-2700.402,-6291.303,7.278,0.638,1.798,-29.2,LISTENING
31390.0,1753.431,-2697.498,-6283.126,7.269,0.652,1.83,-29.2,SENSING
31390.0,1753.431,-2697.498,-6283.126,7.269,0.652,1.83,-29.2,LISTENING
31390.0,1753.431,-2697.498,-6283.126,7.269,0.652,1.83,-29.2,SENSING
31390.0,1753.431,-2697.498,-6283.126,7.269,0.652,1.83,-29.2,LISTENING
31395.96,1796.69,-2693.564,-6272.098,7.257,0.67,1.872,-29.2,SENSING
31395.96,1796.69,-2693.564,-6272.098,7.257,0.67,1.872,-29.2,LISTENING
31396.55,1800.968,-2693.168,-6270.993,7.256,0.672,1.877,-29.2,SENSING
31396.55,1800.968,-2693.168,-6270.993,7.256,0.672,1.877,-29.2,LISTENING
31400.0,1825.972,-2690.836,-6264.479,7.249,0.683,1.901,-29.2,SENSING
31400.0,1825.972,-2690.836,-6264.479,7.249,0.683,1.901,-29.2,LISTENING
31410.0,1898.308,-2683.87,-6245.123,7.228,0.713,1.972,-29.2,SENSING
31410.0,1898.308,-2683.87,-6245.123,7.228,0.713,1.972,-29.2,LISTENING
31411.32,1907.84,-2682.928,-6242.515,7.225,0.717,1.981,-29.2,SENSING
31411.32,1907.84,-2682.928,-6242.515,7.225,0.717,1.981,-29.2,LISTENING
31416.37,1944.274,-2679.275,-6232.424,7.214,0.732,2.017,-29.2,SENSING
31416.37,1944.274,-2679.275,-6232.424,7.214,0.732,2.017,-29.2,LISTENING
31420.0,1970.428,-2676.601,-6225.059,7.206,0.743,2.043,-29.2,SENSING
31420.0,1970.428,-2676.601,-6225.059,7.206,0.743,2.043,-29.2,LISTENING
31426.43,2016.684,-2671.768,-6211.786,7.192,0.763,2.088,-29.2,SENSING
31426.43,2016.684,-2671.768,-6211.786,7.192,0.763,2.088,-29.2,LISTENING
31430.0,2042.325,-2669.03,-6204.29,7.183,0.774,2.113,-29.2,SENSING
31430.0,2042.325,-2669.03,-6204.29,7.183,0.774,2.113,-29.2,LISTENING
31436.42,2088.361,-2664.01,-6190.586,7.168,0.793,2.158,-29.2,SENSING
31436.42,2088.361,-2664.01,-6190.586,7.168,0.793,2.158,-29.2,LISTENING
31440.0,2113.991,-2661.157,-6182.818,7.16,0.804,2.183,-29.2,SENSING
31440.0,2113.991,-2661.157,-6182.818,7.16,0.804,2.183,-29.2,LISTENING
31440.0,2113.991,-2661.157,-6182.818,7.16,0.804,2.183,-29.2,SENSING
31440.0,2113.991,-2661.157,-6182.818,7.16,0.804,2.183,-29.2,MESSAGING
31440.0,2113.991,-2661.157,-6182.818,7.16,0.804,2.183,-29.2,SENSING
31440.0,2113.991,-2661.157,-6182.818,7.16,0.804,2.183,-29.2,LISTENING
31440.0,2113.991,-2661.157,-6182.818,7.16,0.804,2.183,-29.2,SENSING
31440.0,2113.991,-2661.157,-6182.818,7.16,0.804,2.183,-29.2,LISTENING
31445.44,2152.877,-2656.747,-6170.843,7.147,0.82,2.222,-29.2,SENSING
31445.44,2152.877,-2656.747,-6170.843,7.147,0.82,2.222,-29.2,LISTENING
31450.77,2190.906,-2652.341,-6158.909,7.134,0.836,2.259,-29.2,SENSING
31450.77,2190.906,-2652.341,-6158.909,7.134,0.836,2.259,-29.2,LISTENING
31460.0,2256.595,-2644.509,-6137.773,7.11,0.864,2.323,-29.2,SENSING
31460.0,2256.595,-2644.509,-6137.773,7.11,0.864,2.323,-29.2,LISTENING
31470.55,2331.41,-2635.244,-6112.888,7.083,0.896,2.397,-29.2,SENSING
31470.55,2331.41,-2635.244,-6112.888,7.083,0.896,2.397,-29.2,LISTENING
31480.0,2398.175,-2626.663,-6089.943,7.057,0.924,2.462,-29.2,SENSING
31480.0,2398.175,-2626.663,-6089.943,7.057,0.924,2.462,-29.2,LISTENING
31480.0,2398.175,-2626.663,-6089.943,7.057,0.924,2.462,-29.2,SENSING
31480.0,2398.175,-2626.663,-6089.943,7.057,0.924,2.462,-29.2,LISTENING
31500.0,2538.668,-2607.629,-6039.347,7.001,0.983,2.6,-29.2,SENSING
31500.0,2538.668,-2607.629,-6039.347,7.001,0.983,2.6,-29.2,LISTENING
31505.22,2575.149,-2602.466,-6025.69,6.986,0.999,2.636,-29.2,SENSING
31505.22,2575.149,-2602.466,-6025.69,6.986,0.999,2.636,-29.2,LISTENING
31505.53,2577.313,-2602.157,-6024.873,6.985,1.0,2.638,-29.2,SENSING
31505.53,2577.313,-2602.157,-6024.873,6.985,1.0,2.638,-29.2,LISTENING
31510.0,2608.485,-2597.668,-6013.019,6.972,1.013,2.668,-29.2,SENSING
31510.0,2608.485,-2597.668,-6013.019,6.972,1.013,2.668,-29.2,LISTENING
31510.0,2608.485,-2597.668,-6013.019,6.972,1.013,2.668,-29.2,SENSING
31510.0,2608.485,-2597.668,-6013.019,6.972,1.013,2.668,-29.2,LISTENING
31517.2,2658.571,-2590.314,-5993.64,6.951,1.034,2.718,-29.2,SENSING
31517.2,2658.571,-2590.314,-5993.64,6.951,1.034,2.718,-29.2,LISTENING
31520.0,2678.007,-2587.413,-5986.008,6.942,1.042,2.737,-29.2,SENSING
31520.0,2678.007,-2587.413,-5986.008,6.942,1.042,2.737,-29.2,LISTENING
31523.54,2702.545,-2583.712,-5976.283,6.931,1.053,2.761,-29.2,SENSING
31523.54,2702.545,-2583.712,-5976.283,6.931,1.053,2.761,-29.2,LISTENING
31526.92,2725.938,-2580.144,-5966.918,6.921,1.063,2.784,-29.2,SENSING
31526.92,2725.938,-2580.144,-5966.918,6.921,1.063,2.784,-29.2,LISTENING
31530.0,2747.224,-2576.864,-5958.317,6.911,1.072,2.804,-29.2,SENSING
31530.0,2747.224,-2576.864,-5958.317,6.911,1.072,2.804,-29.2,LISTENING
31530.0,2747.224,-2576.864,-5958.317,6.911,1.072,2.804,-29.2,SENSING
31530.0,2747.224,-2576.864,-5958.317,6.911,1.072,2.804,-29.2,LISTENING
31535.32,2783.921,-2571.133,-5943.309,6.894,1.087,2.841,-29.2,SENSING
31535.32,2783.921,-2571.133,-5943.309,6.894,1.087,2.841,-29.2,LISTENING
31540.0,2816.129,-2566.023,-5929.948,6.88,1.101,2.872,-29.2,SENSING
31540.0,2816.129,-2566.023,-5929.948,6.88,1.101,2.872,-29.2,LISTENING
31545.2,2851.834,-2560.271,-5914.929,6.863,1.116,2.907,-29.2,SENSING
31545.2,2851.834,-2560.271,-5914.929,6.863,1.116,2.907,-29.2,LISTENING
31550.0,2884.714,-2554.891,-5900.905,6.847,1.13,2.939,-29.2,SENSING
31550.0,2884.714,-2554.891,-5900.905,6.847,1.13,2.939,-29.2,LISTENING
31556.51,2929.187,-2547.488,-5881.637,6.826,1.149,2.983,-29.2,SENSING
31556.51,2929.187,-2547.488,-5881.637,6.826,1.149,2.983,-29.2,LISTENING
31560.0,2952.971,-2543.469,-5871.19,6.814,1.159,3.006,-29.2,SENSING
31560.0,2952.971,-2543.469,-5871.19,6.814,1.159,3.006,-29.2,LISTENING
31560.0,2952.971,-2543.469,-5871.19,6.814,1.159,3.006,-29.2,SENSING
31560.0,2952.971,-2543.469,-5871.19,6.814,1.159,3.006,-29.2,LISTENING
31564.93,2986.499,-2537.732,-5856.295,6.797,1.173,3.039,-29.2,SENSING
31564.93,2986.499,-2537.732,-5856.295,6.797,1.173,3.039,-29.2,LISTENING
31566.93,3000.077,-2535.385,-5850.206,6.79,1.179,3.053,-29.2,SENSING
31566.93,3000.077,-2535.385,-5850.206,6.79,1.179,3.053,-29.2,LISTENING
31570.0,3020.892,-2531.759,-5840.808,6.78,1.188,3.073,-29.2,SENSING
31570.0,3020.892,-2531.759,-5840.808,6.78,1.188,3.073,-29.2,LISTENING
31570.0,3020.892,-2531.759,-5840.808,6.78,1.188,3.073,-29.2,SENSING
31570.0,3020.892,-2531.759,-5840.808,6.78,1.188,3.073,-29.2,LISTENING
31576.08,3062.02,-2524.498,-5822.01,6.759,1.205,3.113,-29.2,SENSING
31576.08,3062.02,-2524.498,-5822.01,6.759,1.205,3.113,-29.2,LISTENING
31580.0,3088.469,-2519.761,-5809.76,6.745,1.216,3.139,-29.2,SENSING
31580.0,3088.469,-2519.761,-5809.76,6.745,1.216,3.139,-29.2,LISTENING
31580.0,3088.469,-2519.761,-5809.76,6.745,1.216,3.139,-29.2,SENSING
31580.0,3088.469,-2519.761,-5809.76,6.745,1.216,3.139,-29.2,LISTENING
31580.0,3088.469,-2519.761,-5809.76,6.745,1.216,3.139,-29.2,SENSING
31580.0,3088.469,-2519.761,-5809.76,6.745,1.216,3.139,-29.2,MESSAGING
31580.0,3088.469,-2519.761,-5809.76,6.745,1.216,3.139,-29.2,SENSING
31580.0,3088.469,-2519.761,-5809.76,6.745,1.216,3.139,-29.2,LISTENING
31580.0,3088.469,-2519.761,-5809.76,6.745,1.216,3.139,-29.2,SENSING
31580.0,3088.469,-2519.761,-5809.76,6.745,1.216,3.139,-29.2,LISTENING
31585.07,3122.597,-2513.569,-5793.767,6.727,1.231,3.173,-29.2,SENSING
31585.07,3122.597,-2513.569,-5793.767,6.727,1.231,3.173,-29.2,LISTENING
31590.0,3155.695,-2507.477,-5778.052,6.71,1.245,3.205,-29.2,SENSING
31590.0,3155.695,-2507.477,-5778.052,6.71,1.245,3.205,-29.2,LISTENING
31596.29,3197.797,-2499.605,-5757.77,6.687,1.263,3.247,-29.2,SENSING
31596.29,3197.797,-2499.605,-5757.77,6.687,1.263,3.247,-29.2,LISTENING
31600.0,3222.562,-2494.908,-5745.685,6.673,1.273,3.271,-29.2,SENSING
31600.0,3222.562,-2494.908,-5745.685,6.673,1.273,3.271,-29.2,LISTENING
31610.0,3289.062,-2482.056,-5712.664,6.636,1.302,3.336,-29.2,SENSING
31610.0,3289.062,-2482.056,-5712.664,6.636,1.302,3.336,-29.2,LISTENING
31611.35,3298.011,-2480.299,-5708.156,6.631,1.306,3.345,-29.2,SENSING
31611.35,3298.011,-2480.299,-5708.156,6.631,1.306,3.345,-29.2,LISTENING
31615.47,3325.279,-2474.907,-5694.326,6.616,1.317,3.372,-29.2,SENSING
31615.47,3325.279,-2474.907,-5694.326,6.616,1.317,3.372,-29.2,LISTENING
31620.0,3355.187,-2468.922,-5678.992,6.598,1.33,3.401,-29.2,SENSING
31620.0,3355.187,-2468.922,-5678.992,6.598,1.33,3.401,-29.2,LISTENING
31627.49,3404.465,-2458.9,-5653.347,6.569,1.351,3.45,-29.2,SENSING
31627.49,3404.465,-2458.9,-5653.347,6.569,1.351,3.45,-29.2,LISTENING
31630.0,3420.93,-2455.507,-5644.672,6.56,1.358,3.466,-29.2,SENSING
31630.0,3420.93,-2455.507,-5644.672,6.56,1.358,3.466,-29.2,LISTENING
31630.0,3420.93,-2455.507,-5644.672,6.56,1.358,3.466,-29.2,SENSING
31630.0,3420.93,-2455.507,-5644.672,6.56,1.358,3.466,-29.2,MESSAGING
31630.0,3420.93,-2455.507,-5644.672,6.56,1.358,3.466,-29.2,SENSING
31630.0,3420.93,-2455.507,-5644.672,6.56,1.358,3.466,-29.2,LISTENING
31630.0,3420.93,-2455.507,-5644.672,6.56,1.358,3.466,-29.2,SENSING
31630.0,3420.93,-2455.507,-5644.672,6.56,1.358,3.466,-29.2,LISTENING
31630.0,3420.93,-2455.507,-5644.672,6.56,1.358,3.466,-29.2,SENSING
31630.0,3420.93,-2455.507,-5644.672,6.56,1.358,3.466,-29.2,LISTENING
31630.0,3420.93,-2455.507,-5644.672,6.56,1.358,3.466,-29.2,SENSING
31630.0,3420.93,-2455.507,-5644.672,6.56,1.358,3.466,-29.2,LISTENING
31630.0,3420.93,-2455.507,-5644.672,6.56,1.358,3.466,-29.2,SENSING
31630.0,3420.93,-2455.507,-5644.672,6.56,1.358,3.466,-29.2,LISTENING
31630.0,3420.93,-2455.507,-5644.672,6.56,1.358,3.466,-29.2,SENSING
31630.0,3420.93,-2455.507,-5644.672,6.56,1.358,3.466,-29.2,LISTENING
31635.38,3456.138,-2448.174,-5625.942,6.539,1.373,3.501,-29.2,SENSING
31635.38,3456.138,-2448.174,-5625.942,6.539,1.373,3.501,-29.2,LISTENING
31637.21,3468.089,-2445.661,-5619.528,6.531,1.378,3.512,-29.2,SENSING
31637.21,3468.089,-2445.661,-5619.528,6.531,1.378,3.512,-29.2,LISTENING
31640.0,3486.283,-2441.813,-5609.709,6.52,1.386,3.53,-29.2,SENSING
31640.0,3486.283,-2441.813,-5609.709,6.52,1.386,3.53,-29.2,LISTENING
31640.0,3486.283,-2441.813,-5609.709,6.52,1.386,3.53,-29.2,SENSING
31640.0,3486.283,-2441.813,-5609.709,6.52,1.386,3.53,-29.2,LISTENING
31645.95,3524.98,-2433.533,-5588.603,6.496,1.402,3.568,-29.2,SENSING
31645.95,3524.98,-2433.533,-5588.603,6.496,1.402,3.568,-29.2,LISTENING
31646.86,3530.885,-2432.258,-5585.355,6.493,1.405,3.574,-29.2,SENSING
31646.86,3530.885,-2432.258,-5585.355,6.493,1.405,3.574,-29.2,LISTENING
31650.0,3551.238,-2427.841,-5574.107,6.48,1.414,3.594,-29.2,SENSING
31650.0,3551.238,-2427.841,-5574.107,6.48,1.414,3.594,-29.2,LISTENING
31650.0,3551.238,-2427.841,-5574.107,6.48,1.414,3.594,-29.2,SENSING
31650.0,3551.238,-2427.841,-5574.107,6.48,1.414,3.594,-29.2,LISTENING
31650.0,3551.238,-2427.841,-5574.107,6.48,1.414,3.594,-29.2,SENSING
31650.0,3551.238,-2427.841,-5574.107,6.48,1.414,3.594,-29.2,MESSAGING
31650.0,3551.238,-2427.841,-5574.107,6.48,1.414,3.594,-29.2,MESSAGING
31650.0,3551.238,-2427.841,-5574.107,6.48,1.414,3.594,-29.2,MESSAGING
31650.0,3551.238,-2427.841,-5574.107,6.48,1.414,3.594,-29.2,SENSING
31650.0,3551.238,-2427.841,-5574.107,6.48,1.414,3.594,-29.2,LISTENING
31650.0,3551.238,-2427.841,-5574.107,6.48,1.414,3.594,-29.2,SENSING
31650.0,3551.238,-2427.841,-5574.107,6.48,1.414,3.594,-29.2,LISTENING
31650.0,3551.238,-2427.841,-5574.107,6.48,1.414,3.594,-29.2,SENSING
31650.0,3551.238,-2427.841,-5574.107,6.48,1.414,3.594,-29.2,LISTENING
31650.0,3551.238,-2427.841,-5574.107,6.48,1.414,3.594,-29.2,SENSING
31650.0,3551.238,-2427.841,-5574.107,6.48,1.414,3.594,-29.2,LISTENING
31655.37,3585.953,-2420.223,-5554.725,6.458,1.429,3.628,-29.2,SENSING
31655.37,3585.953,-2420.223,-5554.725,6.458,1.429,3.628,-29.2,LISTENING
31660.0,3615.789,-2413.592,-5537.868,6.439,1.441,3.657,-29.2,SENSING
31660.0,3615.789,-2413.592,-5537.868,6.439,1.441,3.657,-29.2,LISTENING
31660.0,3615.789,-2413.592,-5537.868,6.439,1.441,3.657,-29.2,SENSING
31660.0,3615.789,-2413.592,-5537.868,6.439,1.441,3.657,-29.2,LISTENING
31664.43,3644.253,-2407.192,-5521.612,6.421,1.453,3.685,-29.2,SENSING
31664.43,3644.253,-2407.192,-5521.612,6.421,1.453,3.685,-29.2,LISTENING
31666.98,3660.601,-2403.484,-5512.199,6.41,1.46,3.701,-29.2,SENSING
31666.98,3660.601,-2403.484,-5512.199,6.41,1.46,3.701,-29.2,LISTENING
31670.0,3679.927,-2399.069,-5500.998,6.398,1.469,3.72,-29.2,SENSING
31670.0,3679.927,-2399.069,-5500.998,6.398,1.469,3.72,-29.2,LISTENING
31670.0,3679.927,-2399.069,-5500.998,6.398,1.469,3.72,-29.2,SENSING
31670.0,3679.927,-2399.069,-5500.998,6.398,1.469,3.72,-29.2,LISTENING
31677.21,3725.91,-2388.429,-5474.024,6.367,1.488,3.766,-29.2,SENSING
31677.21,3725.91,-2388.429,-5474.024,6.367,1.488,3.766,-29.2,LISTENING
31677.76,3729.409,-2387.611,-5471.954,6.365,1.49,3.769,-29.2,SENSING
31677.76,3729.409,-2387.611,-5471.954,6.365,1.49,3.769,-29.2,LISTENING
31680.0,3743.645,-2384.273,-5463.499,6.355,1.496,3.783,-29.2,SENSING
31680.0,3743.645,-2384.273,-5463.499,6.355,1.496,3.783,-29.2,LISTENING
31690.0,3806.936,-2369.206,-5425.378,6.312,1.523,3.845,-29.2,SENSING
31690.0,3806.936,-2369.206,-5425.378,6.312,1.523,3.845,-29.2,LISTENING
31690.0,3806.936,-2369.206,-5425.378,6.312,1.523,3.845,-29.2,SENSING
31690.0,3806.936,-2369.206,-5425.378,6.312,1.523,3.845,-29.2,LISTENING
31698.2,3858.511,-2356.649,-5393.655,6.276,1.545,3.896,-29.2,SENSING
31698.2,3858.511,-2356.649,-5393.655,6.276,1.545,3.896,-29.2,LISTENING
31710.0,3932.208,-2338.263,-5347.279,6.224,1.577,3.968,-29.2,SENSING
31710.0,3932.208,-2338.263,-5347.279,6.224,1.577,3.968,-29.2,LISTENING
31724.87,4024.186,-2314.565,-5287.627,6.156,1.616,4.059,-29.2,SENSING
31724.87,4024.186,-2314.565,-5287.627,6.156,1.616,4.059,-29.2,LISTENING
31730.0,4055.682,-2306.254,-5266.737,6.132,1.63,4.09,-29.2,SENSING
31730.0,4055.682,-2306.254,-5266.737,6.132,1.63,4.09,-29.2,LISTENING
31760.0,4237.401,-2256.273,-5141.42,5.99,1.708,4.268,-29.2,SENSING
31760.0,4237.401,-2256.273,-5141.42,5.99,1.708,4.268,-29.2,LISTENING
31763.49,4258.262,-2250.307,-5126.495,5.973,1.717,4.289,-29.2,SENSING
31763.49,4258.262,-2250.307,-5126.495,5.973,1.717,4.289,-29.2,LISTENING
31770.0,4297.014,-2239.095,-5098.465,5.941,1.734,4.327,-29.2,SENSING
31770.0,4297.014,-2239.095,-5098.465,5.941,1.734,4.327,-29.2,LISTENING
31774.43,4323.266,-2231.403,-5079.249,5.919,1.745,4.353,-29.2,SENSING
31774.43,4323.266,-2231.403,-5079.249,5.919,1.745,4.353,-29.2,LISTENING
31780.0,4356.136,-2221.662,-5054.927,5.892,1.759,4.385,-29.2,SENSING
31780.0,4356.136,-2221.662,-5054.927,5.892,1.759,4.385,-29.2,LISTENING
31790.0,4414.759,-2203.975,-5010.809,5.841,1.785,4.443,-29.2,SENSING
31790.0,4414.759,-2203.975,-5010.809,5.841,1.785,4.443,-29.2,LISTENING
31792.89,4431.607,-2198.816,-4997.953,5.827,1.792,4.459,-29.2,SENSING
31792.89,4431.607,-2198.816,-4997.953,5.827,1.792,4.459,-29.2,LISTENING
31800.0,4472.877,-2186.036,-4966.119,5.79,1.81,4.5,-29.2,SENSING
31800.0,4472.877,-2186.036,-4966.119,5.79,1.81,4.5,-29.2,LISTENING
31803.96,4495.751,-2178.863,-4948.264,5.77,1.82,4.522,-29.2,SENSING
31803.96,4495.751,-2178.863,-4948.264,5.77,1.82,4.522,-29.2,LISTENING
31810.0,4530.483,-2167.848,-4920.859,5.739,1.835,4.557,-29.2,SENSING
31810.0,4530.483,-2167.848,-4920.859,5.739,1.835,4.557,-29.2,LISTENING
31816.89,4569.872,-2155.171,-4889.347,5.703,1.852,4.595,-29.2,SENSING
31816.89,4569.872,-2155.171,-4889.347,5.703,1.852,4.595,-29.2,LISTENING
31820.0,4587.57,-2149.411,-4875.036,5.687,1.859,4.613,-29.2,SENSING
31820.0,4587.57,-2149.411,-4875.036,5.687,1.859,4.613,-29.2,LISTENING
31831.07,4650.153,-2128.716,-4823.659,5.628,1.886,4.674,-29.2,SENSING
31831.07,4650.153,-2128.716,-4823.659,5.628,1.886,4.674,-29.2,LISTENING
31850.0,4755.653,-2092.638,-4734.237,5.526,1.932,4.778,-29.2,SENSING
31850.0,4755.653,-2092.638,-4734.237,5.526,1.932,4.778,-29.2,LISTENING
31854.59,4780.941,-2083.76,-4712.26,5.501,1.943,4.803,-29.2,SENSING
31854.59,4780.941,-2083.76,-4712.26,5.501,1.943,4.803,-29.2,LISTENING
31870.0,4864.994,-2053.588,-4637.647,5.416,1.98,4.886,-29.2,SENSING
31870.0,4864.994,-2053.588,-4637.647,5.416,1.98,4.886,-29.2,LISTENING
31873.98,4886.488,-2045.705,-4618.171,5.393,1.989,4.907,-29.2,SENSING
31873.98,4886.488,-2045.705,-4618.171,5.393,1.989,4.907,-29.2,LISTENING
31880.0,4918.831,-2033.71,-4588.552,5.359,2.003,4.938,-29.2,SENSING
31880.0,4918.831,-2033.71,-4588.552,5.359,2.003,4.938,-29.2,LISTENING
31890.0,4972.103,-2013.599,-4538.931,5.303,2.026,4.991,-29.2,SENSING
31890.0,4972.103,-2013.599,-4538.931,5.303,2.026,4.991,-29.2,LISTENING
31897.05,5009.318,-1999.282,-4503.634,5.262,2.043,5.027,-29.2,SENSING
31897.05,5009.318,-1999.282,-4503.634,5.262,2.043,5.027,-29.2,LISTENING
31900.0,5024.806,-1993.258,-4488.788,5.245,2.049,5.043,-29.2,SENSING
31900.0,5024.806,-1993.258,-4488.788,5.245,2.049,5.043,-29.2,LISTENING
31910.0,5076.932,-1972.688,-4438.13,5.187,2.072,5.094,-29.2,SENSING
31910.0,5076.932,-1972.688,-4438.13,5.187,2.072,5.094,-29.2,LISTENING
31916.8,5112.045,-1958.571,-4403.391,5.147,2.087,5.128,-29.2,SENSING
31916.8,5112.045,-1958.571,-4403.391,5.147,2.087,5.128,-29.2,LISTENING
31920.0,5128.475,-1951.892,-4386.963,5.129,2.095,5.145,-29.2,SENSING
31920.0,5128.475,-1951.892,-4386.963,5.129,2.095,5.145,-29.2,LISTENING
31930.0,5179.429,-1930.873,-4335.291,5.069,2.117,5.195,-29.2,SENSING
31930.0,5179.429,-1930.873,-4335.291,5.069,2.117,5.195,-29.2,LISTENING
31940.0,5229.789,-1909.633,-4283.122,5.01,2.139,5.244,-29.2,SENSING
31940.0,5229.789,-1909.633,-4283.122,5.01,2.139,5.244,-29.2,LISTENING
31950.41,5281.576,-1887.289,-4228.292,4.947,2.162,5.295,-29.2,SENSING
31950.41,5281.576,-1887.289,-4228.292,4.947,2.162,5.295,-29.2,LISTENING
31960.0,5328.701,-1866.498,-4177.314,4.888,2.182,5.342,-29.2,SENSING
31960.0,5328.701,-1866.498,-4177.314,4.888,2.182,5.342,-29.2,LISTENING
31973.27,5392.981,-1837.404,-4106.047,4.806,2.211,5.405,-29.2,SENSING
31973.27,5392.981,-1837.404,-4106.047,4.806,2.211,5.405,-29.2,LISTENING
31973.92,5396.102,-1835.97,-4102.535,4.802,2.212,5.408,-29.2,SENSING
31973.92,5396.102,-1835.97,-4102.535,4.802,2.212,5.408,-29.2,LISTENING
31980.0,5425.165,-1822.507,-4069.585,4.765,2.225,5.436,-29.2,SENSING
31980.0,5425.165,-1822.507,-4069.585,4.765,2.225,5.436,-29.2,LISTENING
31980.0,5425.165,-1822.507,-4069.585,4.765,2.225,5.436,-29.2,SENSING
31980.0,5425.165,-1822.507,-4069.585,4.765,2.225,5.436,-29.2,LISTENING
31988.94,5467.48,-1802.572,-4020.822,4.709,2.243,5.478,-29.2,SENSING
31988.94,5467.48,-1802.572,-4020.822,4.709,2.243,5.478,-29.2,LISTENING
31990.0,5472.464,-1800.197,-4015.016,4.702,2.246,5.483,-29.2,SENSING
31990.0,5472.464,-1800.197,-4015.016,4.702,2.246,5.483,-29.2,LISTENING
31995.31,5497.324,-1788.266,-3985.852,4.668,2.256,5.507,-29.2,SENSING
31995.31,5497.324,-1788.266,-3985.852,4.668,2.256,5.507,-29.2,LISTENING
32000.0,5519.134,-1777.68,-3959.985,4.639,2.266,5.529,-29.2,SENSING
32000.0,5519.134,-1777.68,-3959.985,4.639,2.266,5.529,-29.2,LISTENING
32006.07,5547.154,-1763.913,-3926.358,4.6,2.278,5.556,-29.2,SENSING
32006.07,5547.154,-1763.913,-3926.358,4.6,2.278,5.556,-29.2,LISTENING
32015.74,5591.305,-1741.827,-3872.446,4.538,2.298,5.6,-29.2,SENSING
32015.74,5591.305,-1741.827,-3872.446,4.538,2.298,5.6,-29.2,LISTENING
32020.0,5610.565,-1732.037,-3848.562,4.511,2.306,5.619,-29.2,SENSING
32020.0,5610.565,-1732.037,-3848.562,4.511,2.306,5.619,-29.2,LISTENING
32030.0,5655.315,-1708.917,-3792.184,4.446,2.326,5.663,-29.2,SENSING
32030.0,5655.315,-1708.917,-3792.184,4.446,2.326,5.663,-29.2,LISTENING
32036.7,5684.934,-1693.316,-3754.166,4.402,2.339,5.692,-29.2,SENSING
32036.7,5684.934,-1693.316,-3754.166,4.402,2.339,5.692,-29.2,LISTENING
32040.0,5699.415,-1685.6,-3735.369,4.38,2.346,5.706,-29.2,SENSING
32040.0,5699.415,-1685.6,-3735.369,4.38,2.346,5.706,-29.2,LISTENING
32050.0,5742.859,-1662.089,-3678.124,4.315,2.365,5.749,-29.2,SENSING
32050.0,5742.859,-1662.089,-3678.124,4.315,2.365,5.749,-29.2,LISTENING
32055.36,5765.873,-1649.408,-3647.266,4.279,2.375,5.771,-29.2,SENSING
32055.36,5765.873,-1649.408,-3647.266,4.279,2.375,5.771,-29.2,LISTENING
32070.0,5827.758,-1614.498,-3562.37,4.181,2.403,5.832,-29.2,SENSING
32070.0,5827.758,-1614.498,-3562.37,4.181,2.403,5.832,-29.2,LISTENING
32070.0,5827.758,-1614.498,-3562.37,4.181,2.403,5.832,-29.2,SENSING
32070.0,5827.758,-1614.498,-3562.37,4.181,2.403,5.832,-29.2,LISTENING
32080.0,5869.204,-1590.422,-3503.874,4.114,2.421,5.873,-29.2,SENSING
32080.0,5869.204,-1590.422,-3503.874,4.114,2.421,5.873,-29.2,LISTENING
32090.0,5909.974,-1566.164,-3444.975,4.046,2.439,5.913,-29.2,SENSING
32090.0,5909.974,-1566.164,-3444.975,4.046,2.439,5.913,-29.2,LISTENING
32095.33,5931.427,-1553.161,-3413.419,4.01,2.449,5.934,-29.2,SENSING
32095.33,5931.427,-1553.161,-3413.419,4.01,2.449,5.934,-29.2,LISTENING
32110.0,5989.468,-1517.111,-3325.992,3.909,2.475,5.991,-29.2,SENSING
32110.0,5989.468,-1517.111,-3325.992,3.909,2.475,5.991,-29.2,LISTENING
32133.69,6080.054,-1458.107,-3183.078,3.744,2.515,6.08,-29.2,SENSING
32133.69,6080.054,-1458.107,-3183.078,3.744,2.515,6.08,-29.2,LISTENING
32140.0,6103.522,-1442.231,-3144.661,3.7,2.526,6.103,-29.2,SENSING
32140.0,6103.522,-1442.231,-3144.661,3.7,2.526,6.103,-29.2,LISTENING
32140.0,6103.522,-1442.231,-3144.661,3.7,2.526,6.103,-29.2,SENSING
32140.0,6103.522,-1442.231,-3144.661,3.7,2.526,6.103,-29.2,LISTENING
32150.0,6140.139,-1416.935,-3083.483,3.629,2.542,6.139,-29.2,SENSING
32150.0,6140.139,-1416.935,-3083.483,3.629,2.542,6.139,-29.2,LISTENING
32160.0,6176.048,-1391.476,-3021.949,3.558,2.559,6.174,-29.2,SENSING
32160.0,6176.048,-1391.476,-3021.949,3.558,2.559,6.174,-29.2,LISTENING
32163.37,6187.989,-1382.86,-3001.133,3.534,2.564,6.186,-29.2,SENSING
32163.37,6187.989,-1382.86,-3001.133,3.534,2.564,6.186,-29.2,MANEUVERING
32163.37,6187.989,-1382.86,-3001.133,3.534,2.564,6.186,-29.2,LISTENING
32164.31,6191.306,-1380.453,-2995.32,3.527,2.566,6.189,-28.26,MANEUVERING
32164.31,6191.306,-1380.453,-2995.32,3.527,2.566,6.189,-28.26,SENSING
32164.31,6191.306,-1380.453,-2995.32,3.527,2.566,6.189,-28.26,MANEUVERING
32164.31,6191.306,-1380.453,-2995.32,3.527,2.566,6.189,-28.26,LISTENING
32169.99,6211.21,-1365.883,-2960.129,3.487,2.574,6.209,-22.58,MANEUVERING
32169.99,6211.21,-1365.883,-2960.129,3.487,2.574,6.209,-22.58,SENSING
32169.99,6211.21,-1365.883,-2960.129,3.487,2.574,6.209,-22.58,MANEUVERING
32169.99,6211.21,-1365.883,-2960.129,3.487,2.574,6.209,-22.58,LISTENING
32180.0,6245.726,-1340.081,-2897.843,3.415,2.59,6.242,-12.57,MANEUVERING
32180.0,6245.726,-1340.081,-2897.843,3.415,2.59,6.242,-12.57,SENSING
32180.0,6245.726,-1340.081,-2897.843,3.415,2.59,6.242,-12.57,MANEUVERING
32180.0,6245.726,-1340.081,-2897.843,3.415,2.59,6.242,-12.57,LISTENING
32190.0,6279.486,-1314.15,-2835.284,3.342,2.605,6.276,-2.57,MANEUVERING
32190.0,6279.486,-1314.15,-2835.284,3.342,2.605,6.276,-2.57,SENSING
32190.0,6279.486,-1314.15,-2835.284,3.342,2.605,6.276,-2.57,MEASURING
32190.0,6279.486,-1314.15,-2835.284,3.342,2.605,6.276,-2.57,SENSING
32190.0,6279.486,-1314.15,-2835.284,3.342,2.605,6.276,-2.57,LISTENING
32202.34,6320.148,-1281.944,-2757.637,3.253,2.624,6.315,-2.57,SENSING
32202.34,6320.148,-1281.944,-2757.637,3.253,2.624,6.315,-2.57,LISTENING
32220.0,6376.407,-1235.463,-2645.675,3.123,2.65,6.37,-2.57,SENSING
32220.0,6376.407,-1235.463,-2645.675,3.123,2.65,6.37,-2.57,LISTENING
32225.18,6392.474,-1221.745,-2612.653,3.085,2.657,6.386,-2.57,SENSING
32225.18,6392.474,-1221.745,-2612.653,3.085,2.657,6.386,-2.57,LISTENING
32226.11,6395.338,-1219.278,-2606.715,3.078,2.658,6.389,-2.57,SENSING
32226.11,6395.338,-1219.278,-2606.715,3.078,2.658,6.389,-2.57,MANEUVERING
32226.11,6395.338,-1219.278,-2606.715,3.078,2.658,6.389,-2.57,LISTENING
32230.0,6407.247,-1208.946,-2581.852,3.049,2.664,6.401,-6.46,MANEUVERING
32230.0,6407.247,-1208.946,-2581.852,3.049,2.664,6.401,-6.46,SENSING
32230.0,6407.247,-1208.946,-2581.852,3.049,2.664,6.401,-6.46,MEASURING
32230.0,6407.247,-1208.946,-2581.852,3.049,2.664,6.401,-6.46,SENSING
32230.0,6407.247,-1208.946,-2581.852,3.049,2.664,6.401,-6.46,LISTENING
32250.0,6466.705,-1155.496,-2453.318,2.901,2.691,6.459,-6.46,SENSING
32250.0,6466.705,-1155.496,-2453.318,2.901,2.691,6.459,-6.46,LISTENING
32256.48,6485.33,-1138.063,-2411.427,2.852,2.699,6.477,-6.46,SENSING
32256.48,6485.33,-1138.063,-2411.427,2.852,2.699,6.477,-6.46,MANEUVERING
32256.48,6485.33,-1138.063,-2411.427,2.852,2.699,6.477,-6.46,LISTENING
32270.0,6523.177,-1101.514,-2323.651,2.751,2.717,6.514,-19.98,MANEUVERING
32270.0,6523.177,-1101.514,-2323.651,2.751,2.717,6.514,-19.98,SENSING
32270.0,6523.177,-1101.514,-2323.651,2.751,2.717,6.514,-19.98,MANEUVERING
32270.0,6523.177,-1101.514,-2323.651,2.751,2.717,6.514,-19.98,LISTENING
32280.0,6550.286,-1074.331,-2258.411,2.675,2.73,6.54,-29.98,MANEUVERING
32280.0,6550.286,-1074.331,-2258.411,2.675,2.73,6.54,-29.98,SENSING
32280.0,6550.286,-1074.331,-2258.411,2.675,2.73,6.54,-29.98,MEASURING
32280.0,6550.286,-1074.331,-2258.411,2.675,2.73,6.54,-29.98,SENSING
32280.0,6550.286,-1074.331,-2258.411,2.675,2.73,6.54,-29.98,LISTENING
32304.16,6612.652,-1008.152,-2099.73,2.491,2.759,6.601,-29.98,SENSING
32304.16,6612.652,-1008.152,-2099.73,2.491,2.759,6.601,-29.98,LISTENING
32320.0,6651.123,-964.392,-1994.919,2.37,2.777,6.639,-29.98,SENSING
32320.0,6651.123,-964.392,-1994.919,2.37,2.777,6.639,-29.98,LISTENING
32326.58,6666.539,-946.131,-1951.208,2.319,2.784,6.654,-29.98,SENSING
32326.58,6666.539,-946.131,-1951.208,2.319,2.784,6.654,-29.98,LISTENING
32330.0,6674.419,-936.621,-1928.45,2.293,2.788,6.662,-29.98,SENSING
32330.0,6674.419,-936.621,-1928.45,2.293,2.788,6.662,-29.98,LISTENING
32335.52,6686.948,-921.245,-1891.663,2.25,2.794,6.674,-29.98,SENSING
32335.52,6686.948,-921.245,-1891.663,2.25,2.794,6.674,-29.98,LISTENING
32342.89,6703.31,-900.666,-1842.444,2.193,2.801,6.69,-29.98,SENSING
32342.89,6703.31,-900.666,-1842.444,2.193,2.801,6.69,-29.98,LISTENING
32350.0,6718.695,-880.759,-1794.852,2.138,2.809,6.705,-29.98,SENSING
32350.0,6718.695,-880.759,-1794.852,2.138,2.809,6.705,-29.98,LISTENING
32350.0,6718.695,-880.759,-1794.852,2.138,2.809,6.705,-29.98,SENSING
32350.0,6718.695,-880.759,-1794.852,2.138,2.809,6.705,-29.98,LISTENING
32367.28,6754.449,-832.166,-1678.752,2.003,2.826,6.739,-29.98,SENSING
32367.28,6754.449,-832.166,-1678.752,2.003,2.826,6.739,-29.98,LISTENING
32370.0,6759.865,-824.491,-1660.424,1.982,2.828,6.745,-29.98,SENSING
32370.0,6759.865,-824.491,-1660.424,1.982,2.828,6.745,-29.98,LISTENING
32370.0,6759.865,-824.491,-1660.424,1.982,2.828,6.745,-29.98,SENSING
32370.0,6759.865,-824.491,-1660.424,1.982,2.828,6.745,-29.98,LISTENING
32380.0,6779.279,-796.212,-1592.918,1.904,2.838,6.763,-29.98,SENSING
32380.0,6779.279,-796.212,-1592.918,1.904,2.838,6.763,-29.98,LISTENING
32380.53,6780.287,-794.711,-1589.335,1.9,2.838,6.764,-29.98,SENSING
32380.53,6780.287,-794.711,-1589.335,1.9,2.838,6.764,-29.98,LISTENING
32390.0,6797.91,-767.842,-1525.228,1.825,2.847,6.781,-29.98,SENSING
32390.0,6797.91,-767.842,-1525.228,1.825,2.847,6.781,-29.98,LISTENING
32396.89,6810.29,-748.243,-1478.486,1.771,2.853,6.793,-29.98,SENSING
32396.89,6810.29,-748.243,-1478.486,1.771,2.853,6.793,-29.98,LISTENING
32400.0,6815.755,-739.383,-1457.361,1.746,2.855,6.799,-29.98,SENSING
32400.0,6815.755,-739.383,-1457.361,1.746,2.855,6.799,-29.98,LISTENING
32407.23,6828.167,-718.754,-1408.188,1.689,2.861,6.811,-29.98,SENSING
32407.23,6828.167,-718.754,-1408.188,1.689,2.861,6.811,-29.98,LISTENING
32410.0,6832.812,-710.839,-1389.326,1.667,2.864,6.815,-29.98,SENSING
32410.0,6832.812,-710.839,-1389.326,1.667,2.864,6.815,-29.98,LISTENING
32422.51,6853.038,-675.014,-1303.989,1.568,2.874,6.835,-29.98,SENSING
32422.51,6853.038,-675.014,-1303.989,1.568,2.874,6.835,-29.98,LISTENING
32425.91,6858.321,-665.257,-1280.754,1.541,2.876,6.84,-29.98,SENSING
32425.91,6858.321,-665.257,-1280.754,1.541,2.876,6.84,-29.98,LISTENING
32440.0,6879.236,-624.727,-1184.289,1.429,2.887,6.86,-29.98,SENSING
32440.0,6879.236,-624.727,-1184.289,1.429,2.887,6.86,-29.98,LISTENING
32440.0,6879.236,-624.727,-1184.289,1.429,2.887,6.86,-29.98,SENSING
32440.0,6879.236,-624.727,-1184.289,1.429,2.887,6.86,-29.98,LISTENING
32446.79,6888.752,-605.143,-1137.703,1.375,2.892,6.869,-29.98,SENSING
32446.79,6888.752,-605.143,-1137.703,1.375,2.892,6.869,-29.98,LISTENING
32450.0,6893.122,-595.874,-1115.658,1.35,2.894,6.873,-29.98,SENSING
32450.0,6893.122,-595.874,-1115.658,1.35,2.894,6.873,-29.98,LISTENING
32470.0,6918.502,-537.966,-978.018,1.19,2.907,6.897,-29.98,SENSING
32470.0,6918.502,-537.966,-978.018,1.19,2.907,6.897,-29.98,LISTENING
32480.0,6929.992,-508.917,-909.024,1.11,2.913,6.908,-29.98,SENSING
32480.0,6929.992,-508.917,-909.024,1.11,2.913,6.908,-29.98,LISTENING
32484.6,6935.009,-495.535,-877.252,1.073,2.916,6.913,-29.98,SENSING
32484.6,6935.009,-495.535,-877.252,1.073,2.916,6.913,-29.98,LISTENING
32485.05,6935.49,-494.225,-874.142,1.069,2.916,6.914,-29.98,SENSING
32485.05,6935.49,-494.225,-874.142,1.069,2.916,6.914,-29.98,LISTENING
32487.65,6938.241,-486.655,-856.173,1.048,2.918,6.916,-29.98,SENSING
32487.65,6938.241,-486.655,-856.173,1.048,2.918,6.916,-29.98,MANEUVERING
32487.65,6938.241,-486.655,-856.173,1.048,2.918,6.916,-29.98,LISTENING
32490.0,6940.681,-479.809,-839.926,1.03,2.919,6.918,-27.63,MANEUVERING
32490.0,6940.681,-479.809,-839.926,1.03,2.919,6.918,-27.63,SENSING
32490.0,6940.681,-479.809,-839.926,1.03,2.919,6.918,-27.63,MANEUVERING
32490.0,6940.681,-479.809,-839.926,1.03,2.919,6.918,-27.63,LISTENING
32490.0,6940.681,-479.809,-839.926,1.03,2.919,6.918,-27.63,MANEUVERING
32490.0,6940.681,-479.809,-839.926,1.03,2.919,6.918,-27.63,SENSING
32490.0,6940.681,-479.809,-839.926,1.03,2.919,6.918,-27.63,MANEUVERING
32490.0,6940.681,-479.809,-839.926,1.03,2.919,6.918,-27.63,LISTENING
32499.91,6950.482,-450.909,-771.352,0.95,2.924,6.928,-17.72,MANEUVERING
32499.91,6950.482,-450.909,-771.352,0.95,2.924,6.928,-17.72,SENSING
32499.91,6950.482,-450.909,-771.352,0.95,2.924,6.928,-17.72,MANEUVERING
32499.91,6950.482,-450.909,-771.352,0.95,2.924,6.928,-17.72,LISTENING
32502.94,6953.321,-442.062,-750.368,0.926,2.926,6.93,-14.69,MANEUVERING
32502.94,6953.321,-442.062,-750.368,0.926,2.926,6.93,-14.69,SENSING
32502.94,6953.321,-442.062,-750.368,0.926,2.926,6.93,-14.69,MANEUVERING
32502.94,6953.321,-442.062,-750.368,0.926,2.926,6.93,-14.69,LISTENING
32510.0,6959.649,-421.431,-701.444,0.869,2.929,6.936,-7.63,MANEUVERING
32510.0,6959.649,-421.431,-701.444,0.869,2.929,6.936,-7.63,SENSING
32510.0,6959.649,-421.431,-701.444,0.869,2.929,6.936,-7.63,MANEUVERING
32510.0,6959.649,-421.431,-701.444,0.869,2.929,6.936,-7.63,LISTENING
32510.0,6959.649,-421.431,-701.444,0.869,2.929,6.936,-7.63,MANEUVERING
32510.0,6959.649,-421.431,-701.444,0.869,2.929,6.936,-7.63,SENSING
32510.0,6959.649,-421.431,-701.444,0.869,2.929,6.936,-7.63,MANEUVERING
32510.0,6959.649,-421.431,-701.444,0.869,2.929,6.936,-7.63,LISTENING
32520.0,6967.926,-392.167,-632.078,0.788,2.934,6.944,2.37,MANEUVERING
32520.0,6967.926,-392.167,-632.078,0.788,2.934,6.944,2.37,SENSING
32520.0,6967.926,-392.167,-632.078,0.788,2.934,6.944,2.37,MANEUVERING
32520.0,6967.926,-392.167,-632.078,0.788,2.934,6.944,2.37,LISTENING
32527.34,6973.489,-370.659,-581.116,0.729,2.937,6.949,9.71,MANEUVERING
32527.34,6973.489,-370.659,-581.116,0.729,2.937,6.949,9.71,SENSING
32527.34,6973.489,-370.659,-581.116,0.729,2.937,6.949,9.71,MANEUVERING
32527.34,6973.489,-370.659,-581.116,0.729,2.937,6.949,9.71,LISTENING
32530.0,6975.397,-362.858,-562.638,0.707,2.938,6.951,12.37,MANEUVERING
32530.0,6975.397,-362.858,-562.638,0.707,2.938,6.951,12.37,SENSING
32530.0,6975.397,-362.858,-562.638,0.707,2.938,6.951,12.37,MEASURING
32530.0,6975.397,-362.858,-562.638,0.707,2.938,6.951,12.37,SENSING
32530.0,6975.397,-362.858,-562.638,0.707,2.938,6.951,12.37,LISTENING
32540.0,6982.062,-333.507,-493.133,0.627,2.942,6.957,12.37,SENSING
32540.0,6982.062,-333.507,-493.133,0.627,2.942,6.957,12.37,LISTENING
32540.0,6982.062,-333.507,-493.133,0.627,2.942,6.957,12.37,SENSING
32540.0,6982.062,-333.507,-493.133,0.627,2.942,6.957,12.37,MESSAGING
32540.0,6982.062,-333.507,-493.133,0.627,2.942,6.957,12.37,SENSING
32540.0,6982.062,-333.507,-493.133,0.627,2.942,6.957,12.37,LISTENING
32540.0,6982.062,-333.507,-493.133,0.627,2.942,6.957,12.37,SENSING
32540.0,6982.062,-333.507,-493.133,0.627,2.942,6.957,12.37,LISTENING
32540.0,6982.062,-333.507,-493.133,0.627,2.942,6.957,12.37,SENSING
32540.0,6982.062,-333.507,-493.133,0.627,2.942,6.957,12.37,LISTENING
32540.0,6982.062,-333.507,-493.133,0.627,2.942,6.957,12.37,SENSING
32540.0,6982.062,-333.507,-493.133,0.627,2.942,6.957,12.37,MESSAGING
32540.0,6982.062,-333.507,-493.133,0.627,2.942,6.957,12.37,SENSING
32540.0,6982.062,-333.507,-493.133,0.627,2.942,6.957,12.37,LISTENING
32540.0,6982.062,-333.507,-493.133,0.627,2.942,6.957,12.37,SENSING
32540.0,6982.062,-333.507,-493.133,0.627,2.942,6.957,12.37,LISTENING
32540.0,6982.062,-333.507,-493.133,0.627,2.942,6.957,12.37,SENSING
32540.0,6982.062,-333.507,-493.133,0.627,2.942,6.957,12.37,LISTENING
32540.0,6982.062,-333.507,-493.133,0.627,2.942,6.957,12.37,SENSING
32540.0,6982.062,-333.507,-493.133,0.627,2.942,6.957,12.37,MESSAGING
32540.0,6982.062,-333.507,-493.133,0.627,2.942,6.957,12.37,SENSING
32540.0,6982.062,-333.507,-493.133,0.627,2.942,6.957,12.37,LISTENING
32540.0,6982.062,-333.507,-493.133,0.627,2.942,6.957,12.37,SENSING
32540.0,6982.062,-333.507,-493.133,0.627,2.942,6.957,12.37,LISTENING
32540.0,6982.062,-333.507,-493.133,0.627,2.942,6.957,12.37,SENSING
32540.0,6982.062,-333.507,-493.133,0.627,2.942,6.957,12.37,LISTENING
32540.0,6982.062,-333.507,-493.133,0.627,2.942,6.957,12.37,SENSING
32540.0,6982.062,-333.507,-493.133,0.627,2.942,6.957,12.37,LISTENING
32540.0,6982.062,-333.507,-493.133,0.627,2.942,6.957,12.37,SENSING
32540.0,6982.062,-333.507,-493.133,0.627,2.942,6.957,12.37,MESSAGING
32540.0,6982.062,-333.507,-493.133,0.627,2.942,6.957,12.37,SENSING
32540.0,6982.062,-333.507,-493.133,0.627,2.942,6.957,12.37,LISTENING
32540.0,6982.062,-333.507,-493.133,0.627,2.942,6.957,12.37,SENSING
32540.0,6982.062,-333.507,-493.133,0.627,2.942,6.957,12.37,LISTENING
32540.0,6982.062,-333.507,-493.133,0.627,2.942,6.957,12.37,SENSING
32540.0,6982.062,-333.507,-493.133,0.627,2.942,6.957,12.37,LISTENING
32540.0,6982.062,-333.507,-493.133,0.627,2.942,6.957,12.37,SENSING
32540.0,6982.062,-333.507,-493.133,0.627,2.942,6.957,12.37,LISTENING
32540.0,6982.062,-333.507,-493.133,0.627,2.942,6.957,12.37,SENSING
32540.0,6982.062,-333.507,-493.133,0.627,2.942,6.957,12.37,LISTENING
32540.0,6982.062,-333.507,-493.133,0.627,2.942,6.957,12.37,SENSING
32540.0,6982.062,-333.507,-493.133,0.627,2.942,6.957,12.37,LISTENING
32550.0,6987.918,-304.118,-423.572,0.546,2.946,6.962,12.37,SENSING
32550.0,6987.918,-304.118,-423.572,0.546,2.946,6.962,12.37,LISTENING
32551.52,6988.738,-299.647,-412.994,0.533,2.947,6.963,12.37,SENSING
32551.52,6988.738,-299.647,-412.994,0.533,2.947,6.963,12.37,MANEUVERING
32551.52,6988.738,-299.647,-412.994,0.533,2.947,6.963,12.37,LISTENING
32558.44,6992.232,-279.285,-364.823,0.477,2.949,6.966,5.45,MANEUVERING
32558.44,6992.232,-279.285,-364.823,0.477,2.949,6.966,5.45,SENSING
32558.44,6992.232,-279.285,-364.823,0.477,2.949,6.966,5.45,MANEUVERING
32558.44,6992.232,-279.285,-364.823,0.477,2.949,6.966,5.45,LISTENING
32560.0,6992.966,-274.693,-353.961,0.465,2.949,6.967,3.89,MANEUVERING
32560.0,6992.966,-274.693,-353.961,0.465,2.949,6.967,3.89,SENSING
32560.0,6992.966,-274.693,-353.961,0.465,2.949,6.967,3.89,MEASURING
32560.0,6992.966,-274.693,-353.961,0.465,2.949,6.967,3.89,SENSING
32560.0,6992.966,-274.693,-353.961,0.465,2.949,6.967,3.89,LISTENING
32560.0,6992.966,-274.693,-353.961,0.465,2.949,6.967,3.89,SENSING
32560.0,6992.966,-274.693,-353.961,0.465,2.949,6.967,3.89,MESSAGING
32560.0,6992.966,-274.693,-353.961,0.465,2.949,6.967,3.89,SENSING
32560.0,6992.966,-274.693,-353.961,0.465,2.949,6.967,3.89,LISTENING
32560.0,6992.966,-274.693,-353.961,0.465,2.949,6.967,3.89,SENSING
32560.0,6992.966,-274.693,-353.961,0.465,2.949,6.967,3.89,LISTENING
32560.0,6992.966,-274.693,-353.961,0.465,2.949,6.967,3.89,SENSING
32560.0,6992.966,-274.693,-353.961,0.465,2.949,6.967,3.89,LISTENING
32560.0,6992.966,-274.693,-353.961,0.465,2.949,6.967,3.89,SENSING
32560.0,6992.966,-274.693,-353.961,0.465,2.949,6.967,3.89,LISTENING
32560.0,6992.966,-274.693,-353.961,0.465,2.949,6.967,3.89,SENSING
32560.0,6992.966,-274.693,-353.961,0.465,2.949,6.967,3.89,MESSAGING
32560.0,6992.966,-274.693,-353.961,0.465,2.949,6.967,3.89,SENSING
32560.0,6992.966,-274.693,-353.961,0.465,2.949,6.967,3.89,LISTENING
32560.0,6992.966,-274.693,-353.961,0.465,2.949,6.967,3.89,SENSING
32560.0,6992.966,-274.693,-353.961,0.465,2.949,6.967,3.89,LISTENING
32560.0,6992.966,-274.693,-353.961,0.465,2.949,6.967,3.89,SENSING
32560.0,6992.966,-274.693,-353.961,0.465,2.949,6.967,3.89,LISTENING
32560.0,6992.966,-274.693,-353.961,0.465,2.949,6.967,3.89,SENSING
32560.0,6992.966,-274.693,-353.961,0.465,2.949,6.967,3.89,LISTENING
32562.19,6993.964,-268.245,-338.71,0.447,2.95,6.968,3.89,SENSING
32562.19,6993.964,-268.245,-338.71,0.447,2.95,6.968,3.89,LISTENING
32570.0,6997.206,-245.237,-284.309,0.384,2.952,6.971,3.89,SENSING
32570.0,6997.206,-245.237,-284.309,0.384,2.952,6.971,3.89,LISTENING
32575.39,6999.155,-229.348,-246.753,0.34,2.954,6.972,3.89,SENSING
32575.39,6999.155,-229.348,-246.753,0.34,2.954,6.972,3.89,LISTENING
32580.0,7000.636,-215.752,-214.625,0.303,2.955,6.973,3.89,SENSING
32580.0,7000.636,-215.752,-214.625,0.303,2.955,6.973,3.89,LISTENING
32580.0,7000.636,-215.752,-214.625,0.303,2.955,6.973,3.89,SENSING
32580.0,7000.636,-215.752,-214.625,0.303,2.955,6.973,3.89,MESSAGING
32580.0,7000.636,-215.752,-214.625,0.303,2.955,6.973,3.89,SENSING
32580.0,7000.636,-215.752,-214.625,0.303,2.955,6.973,3.89,LISTENING
32580.0,7000.636,-215.752,-214.625,0.303,2.955,6.973,3.89,SENSING
32580.0,7000.636,-215.752,-214.625,0.303,2.955,6.973,3.89,LISTENING
32580.0,7000.636,-215.752,-214.625,0.303,2.955,6.973,3.89,SENSING
32580.0,7000.636,-215.752,-214.625,0.303,2.955,6.973,3.89,MESSAGING
32580.0,7000.636,-215.752,-214.625,0.303,2.955,6.973,3.89,SENSING
32580.0,7000.636,-215.752,-214.625,0.303,2.955,6.973,3.89,LISTENING
32580.0,7000.636,-215.752,-214.625,0.303,2.955,6.973,3.89,SENSING
32580.0,7000.636,-215.752,-214.625,0.303,2.955,6.973,3.89,LISTENING
32580.0,7000.636,-215.752,-214.625,0.303,2.955,6.973,3.89,SENSING
32580.0,7000.636,-215.752,-214.625,0.303,2.955,6.973,3.89,MESSAGING
32580.0,7000.636,-215.752,-214.625,0.303,2.955,6.973,3.89,SENSING
32580.0,7000.636,-215.752,-214.625,0.303,2.955,6.973,3.89,MESSAGING
32580.0,7000.636,-215.752,-214.625,0.303,2.955,6.973,3.89,SENSING
32580.0,7000.636,-215.752,-214.625,0.303,2.955,6.973,3.89,MESSAGING
32580.0,7000.636,-215.752,-214.625,0.303,2.955,6.973,3.89,SENSING
32580.0,7000.636,-215.752,-214.625,0.303,2.955,6.973,3.89,LISTENING
32580.0,7000.636,-215.752,-214.625,0.303,2.955,6.973,3.89,SENSING
32580.0,7000.636,-215.752,-214.625,0.303,2.955,6.973,3.89,LISTENING
32580.0,7000.636,-215.752,-214.625,0.303,2.955,6.973,3.89,SENSING
32580.0,7000.636,-215.752,-214.625,0.303,2.955,6.973,3.89,LISTENING
32580.0,7000.636,-215.752,-214.625,0.303,2.955,6.973,3.89,SENSING
32580.0,7000.636,-215.752,-214.625,0.303,2.955,6.973,3.89,MESSAGING
32580.0,7000.636,-215.752,-214.625,0.303,2.955,6.973,3.89,SENSING
32580.0,7000.636,-215.752,-214.625,0.303,2.955,6.973,3.89,MESSAGING
32580.0,7000.636,-215.752,-214.625,0.303,2.955,6.973,3.89,SENSING
32580.0,7000.636,-215.752,-214.625,0.303,2.955,6.973,3.89,LISTENING
32580.0,7000.636,-215.752,-214.625,0.303,2.955,6.973,3.89,SENSING
32580.0,7000.636,-215.752,-214.625,0.303,2.955,6.973,3.89,LISTENING
32580.0,7000.636,-215.752,-214.625,0.303,2.955,6.973,3.89,SENSING
32580.0,7000.636,-215.752,-214.625,0.303,2.955,6.973,3.89,LISTENING
32580.0,7000.636,-215.752,-214.625,0.303,2.955,6.973,3.89,SENSING
32580.0,7000.636,-215.752,-214.625,0.303,2.955,6.973,3.89,LISTENING
32580.0,7000.636,-215.752,-214.625,0.303,2.955,6.973,3.89,SENSING
32580.0,7000.636,-215.752,-214.625,0.303,2.955,6.973,3.89,LISTENING
32580.0,7000.636,-215.752,-214.625,0.303,2.955,6.973,3.89,SENSING
32580.0,7000.636,-215.752,-214.625,0.303,2.955,6.973,3.89,LISTENING
32589.01,7003.032,-189.165,-151.817,0.23,2.957,6.975,3.89,SENSING
32589.01,7003.032,-189.165,-151.817,0.23,2.957,6.975,3.89,LISTENING
32589.82,7003.215,-186.773,-146.17,0.223,2.957,6.975,3.89,SENSING
32589.82,7003.215,-186.773,-146.17,0.223,2.957,6.975,3.89,LISTENING
32600.0,7005.065,-156.711,-75.189,0.141,2.959,6.977,3.89,SENSING
32600.0,7005.065,-156.711,-75.189,0.141,2.959,6.977,3.89,LISTENING
32600.0,7005.065,-156.711,-75.189,0.141,2.959,6.977,3.89,SENSING
32600.0,7005.065,-156.711,-75.189,0.141,2.959,6.977,3.89,LISTENING
32600.0,7005.065,-156.711,-75.189,0.141,2.959,6.977,3.89,SENSING
32600.0,7005.065,-156.711,-75.189,0.141,2.959,6.977,3.89,MESSAGING
32600.0,7005.065,-156.711,-75.189,0.141,2.959,6.977,3.89,MESSAGING
32600.0,7005.065,-156.711,-75.189,0.141,2.959,6.977,3.89,SENSING
32600.0,7005.065,-156.711,-75.189,0.141,2.959,6.977,3.89,MESSAGING
32600.0,7005.065,-156.711,-75.189,0.141,2.959,6.977,3.89,SENSING
32600.0,7005.065,-156.711,-75.189,0.141,2.959,6.977,3.89,LISTENING
32600.0,7005.065,-156.711,-75.189,0.141,2.959,6.977,3.89,SENSING
32600.0,7005.065,-156.711,-75.189,0.141,2.959,6.977,3.89,LISTENING
32600.0,7005.065,-156.711,-75.189,0.141,2.959,6.977,3.89,SENSING
32600.0,7005.065,-156.711,-75.189,0.141,2.959,6.977,3.89,LISTENING
32600.0,7005.065,-156.711,-75.189,0.141,2.959,6.977,3.89,SENSING
32600.0,7005.065,-156.711,-75.189,0.141,2.959,6.977,3.89,LISTENING
32600.0,7005.065,-156.711,-75.189,0.141,2.959,6.977,3.89,SENSING
32600.0,7005.065,-156.711,-75.189,0.141,2.959,6.977,3.89,LISTENING
32600.0,7005.065,-156.711,-75.189,0.141,2.959,6.977,3.89,SENSING
32600.0,7005.065,-156.711,-75.189,0.141,2.959,6.977,3.89,LISTENING
32604.01,7005.563,-144.864,-47.226,0.108,2.96,6.977,3.89,SENSING
32604.01,7005.563,-144.864,-47.226,0.108,2.96,6.977,3.89,LISTENING
32609.01,7006.002,-130.088,-12.358,0.068,2.961,6.977,3.89,SENSING
32609.01,7006.002,-130.088,-12.358,0.068,2.961,6.977,3.89,LISTENING
32612.8,7006.199,-118.885,14.072,0.037,2.961,6.977,3.89,SENSING
32612.8,7006.199,-118.885,14.072,0.037,2.961,6.977,3.89,LISTENING
32620.99,7006.228,-94.67,71.185,-0.03,2.962,6.977,3.89,SENSING
32620.99,7006.228,-94.67,71.185,-0.03,2.962,6.977,3.89,LISTENING
32630.0,7005.632,-68.022,134.01,-0.103,2.963,6.976,3.89,SENSING
32630.0,7005.632,-68.022,134.01,-0.103,2.963,6.976,3.89,LISTENING
32640.0,7004.2,-38.439,203.722,-0.184,2.964,6.974,3.89,SENSING
32640.0,7004.2,-38.439,203.722,-0.184,2.964,6.974,3.89,LISTENING
32640.0,7004.2,-38.439,203.722,-0.184,2.964,6.974,3.89,SENSING
32640.0,7004.2,-38.439,203.722,-0.184,2.964,6.974,3.89,LISTENING
32650.0,7001.958,-8.851,273.412,-0.265,2.964,6.971,3.89,SENSING
32650.0,7001.958,-8.851,273.412,-0.265,2.964,6.971,3.89,LISTENING
32653.82,7000.887,2.452,300.025,-0.296,2.964,6.97,3.89,SENSING
32653.82,7000.887,2.452,300.025,-0.296,2.964,6.97,3.89,LISTENING
32660.0,6998.905,20.737,343.069,-0.346,2.964,6.967,3.89,SENSING
32660.0,6998.905,20.737,343.069,-0.346,2.964,6.967,3.89,LISTENING
32675.99,6992.343,68.044,454.365,-0.475,2.963,6.96,3.89,SENSING
32675.99,6992.343,68.044,454.365,-0.475,2.963,6.96,3.89,LISTENING
32700.0,6978.605,139.035,621.221,-0.67,2.96,6.945,3.89,SENSING
32700.0,6978.605,139.035,621.221,-0.67,2.96,6.945,3.89,LISTENING
32730.0,6954.902,227.601,829.109,-0.911,2.954,6.92,3.89,SENSING
32730.0,6954.902,227.601,829.109,-0.911,2.954,6.92,3.89,MEASURING
32730.0,6954.902,227.601,829.109,-0.911,2.954,6.92,3.89,SENSING
32730.0,6954.902,227.601,829.109,-0.911,2.954,6.92,3.89,LISTENING
32770.0,6912.044,345.307,1104.912,-1.232,2.941,6.875,3.89,SENSING
32770.0,6912.044,345.307,1104.912,-1.232,2.941,6.875,3.89,MEASURING
32770.0,6912.044,345.307,1104.912,-1.232,2.941,6.875,3.89,SENSING
32770.0,6912.044,345.307,1104.912,-1.232,2.941,6.875,3.89,LISTENING
32770.0,6912.044,345.307,1104.912,-1.232,2.941,6.875,3.89,SENSING
32770.0,6912.044,345.307,1104.912,-1.232,2.941,6.875,3.89,MESSAGING
32770.0,6912.044,345.307,1104.912,-1.232,2.941,6.875,3.89,SENSING
32770.0,6912.044,345.307,1104.912,-1.232,2.941,6.875,3.89,LISTENING
32770.0,6912.044,345.307,1104.912,-1.232,2.941,6.875,3.89,SENSING
32770.0,6912.044,345.307,1104.912,-1.232,2.941,6.875,3.89,LISTENING
32770.0,6912.044,345.307,1104.912,-1.232,2.941,6.875,3.89,SENSING
32770.0,6912.044,345.307,1104.912,-1.232,2.941,6.875,3.89,LISTENING
32770.0,6912.044,345.307,1104.912,-1.232,2.941,6.875,3.89,SENSING
32770.0,6912.044,345.307,1104.912,-1.232,2.941,6.875,3.89,LISTENING
32770.0,6912.044,345.307,1104.912,-1.232,2.941,6.875,3.89,SENSING
32770.0,6912.044,345.307,1104.912,-1.232,2.941,6.875,3.89,LISTENING
32770.0,6912.044,345.307,1104.912,-1.232,2.941,6.875,3.89,SENSING
32770.0,6912.044,345.307,1104.912,-1.232,2.941,6.875,3.89,LISTENING
32809.32,6857.452,460.393,1374.036,-1.546,2.923,6.819,3.89,SENSING
32809.32,6857.452,460.393,1374.036,-1.546,2.923,6.819,3.89,LISTENING
32830.0,6823.815,520.604,1514.625,-1.709,2.911,6.784,3.89,SENSING
32830.0,6823.815,520.604,1514.625,-1.709,2.911,6.784,3.89,LISTENING
32837.16,6811.382,541.393,1563.129,-1.766,2.906,6.771,3.89,SENSING
32837.16,6811.382,541.393,1563.129,-1.766,2.906,6.771,3.89,LISTENING
32860.0,6769.028,607.488,1717.223,-1.945,2.891,6.728,3.89,SENSING
32860.0,6769.028,607.488,1717.223,-1.945,2.891,6.728,3.89,LISTENING
32876.19,6736.533,654.12,1825.83,-2.072,2.88,6.695,3.89,SENSING
32876.19,6736.533,654.12,1825.83,-2.072,2.88,6.695,3.89,LISTENING
32876.3,6736.305,654.437,1826.566,-2.073,2.879,6.695,3.89,SENSING
32876.3,6736.305,654.437,1826.566,-2.073,2.879,6.695,3.89,LISTENING
32877.4,6734.022,657.598,1833.925,-2.081,2.879,6.692,3.89,SENSING
32877.4,6734.022,657.598,1833.925,-2.081,2.879,6.692,3.89,LISTENING
32880.0,6728.589,665.066,1851.309,-2.101,2.877,6.687,3.89,SENSING
32880.0,6728.589,665.066,1851.309,-2.101,2.877,6.687,3.89,LISTENING
32890.0,6707.202,693.742,1918.035,-2.179,2.869,6.665,3.89,SENSING
32890.0,6707.202,693.742,1918.035,-2.179,2.869,6.665,3.89,LISTENING
32904.4,6675.044,734.894,2013.728,-2.29,2.857,6.632,3.89,SENSING
32904.4,6675.044,734.894,2013.728,-2.29,2.857,6.632,3.89,LISTENING
32910.0,6662.106,750.85,2050.814,-2.334,2.852,6.619,3.89,SENSING
32910.0,6662.106,750.85,2050.814,-2.334,2.852,6.619,3.89,LISTENING
32913.65,6653.543,761.236,2074.945,-2.362,2.849,6.61,3.89,SENSING
32913.65,6653.543,761.236,2074.945,-2.362,2.849,6.61,3.89,LISTENING
32938.91,6591.486,832.782,2241.055,-2.555,2.826,6.547,3.89,SENSING
32938.91,6591.486,832.782,2241.055,-2.555,2.826,6.547,3.89,LISTENING
32960.0,6535.952,892.05,2378.482,-2.715,2.805,6.491,3.89,SENSING
32960.0,6535.952,892.05,2378.482,-2.715,2.805,6.491,3.89,LISTENING
32970.0,6508.445,919.995,2443.221,-2.79,2.794,6.463,3.89,SENSING
32970.0,6508.445,919.995,2443.221,-2.79,2.794,6.463,3.89,LISTENING
32980.0,6480.187,947.834,2507.679,-2.865,2.783,6.435,3.89,SENSING
32980.0,6480.187,947.834,2507.679,-2.865,2.783,6.435,3.89,LISTENING
33000.0,6421.431,1003.181,2635.718,-3.014,2.761,6.375,3.89,SENSING
33000.0,6421.431,1003.181,2635.718,-3.014,2.761,6.375,3.89,LISTENING
33003.46,6410.964,1012.71,2657.747,-3.04,2.757,6.365,3.89,SENSING
33003.46,6410.964,1012.71,2657.747,-3.04,2.757,6.365,3.89,LISTENING
33010.0,6390.939,1030.683,2699.285,-3.088,2.749,6.344,3.89,SENSING
33010.0,6390.939,1030.683,2699.285,-3.088,2.749,6.344,3.89,LISTENING
33020.0,6359.711,1058.066,2762.54,-3.162,2.737,6.313,3.89,SENSING
33020.0,6359.711,1058.066,2762.54,-3.162,2.737,6.313,3.89,LISTENING
33022.43,6352.011,1064.702,2777.863,-3.18,2.734,6.305,3.89,SENSING
33022.43,6352.011,1064.702,2777.863,-3.18,2.734,6.305,3.89,LISTENING
33030.0,6327.749,1085.328,2825.477,-3.235,2.725,6.281,3.89,SENSING
33030.0,6327.749,1085.328,2825.477,-3.235,2.725,6.281,3.89,LISTENING
33035.46,6309.989,1100.16,2859.703,-3.275,2.718,6.263,3.89,SENSING
33035.46,6309.989,1100.16,2859.703,-3.275,2.718,6.263,3.89,LISTENING
33042.98,6285.174,1120.526,2906.681,-3.329,2.708,6.238,3.89,SENSING
33042.98,6285.174,1120.526,2906.681,-3.329,2.708,6.238,3.89,LISTENING
33050.0,6261.639,1139.473,2950.365,-3.38,2.699,6.214,3.89,SENSING
33050.0,6261.639,1139.473,2950.365,-3.38,2.699,6.214,3.89,LISTENING
33055.64,6242.473,1154.648,2985.339,-3.421,2.692,6.195,3.89,SENSING
33055.64,6242.473,1154.648,2985.339,-3.421,2.692,6.195,3.89,LISTENING
33056.23,6240.455,1156.233,2988.992,-3.425,2.691,6.193,3.89,SENSING
33056.23,6240.455,1156.233,2988.992,-3.425,2.691,6.193,3.89,LISTENING
33060.0,6227.5,1166.351,3012.302,-3.452,2.686,6.18,3.89,SENSING
33060.0,6227.5,1166.351,3012.302,-3.452,2.686,6.18,3.89,LISTENING
33083.09,6145.936,1227.894,3153.975,-3.617,2.654,6.097,3.89,SENSING
33083.09,6145.936,1227.894,3153.975,-3.617,2.654,6.097,3.89,LISTENING
33103.55,6070.505,1281.799,3277.895,-3.761,2.624,6.022,3.89,SENSING
33103.55,6070.505,1281.799,3277.895,-3.761,2.624,6.022,3.89,LISTENING
33120.0,6007.733,1324.694,3376.384,-3.876,2.6,5.958,3.89,SENSING
33120.0,6007.733,1324.694,3376.384,-3.876,2.6,5.958,3.89,LISTENING
33125.07,5988.008,1337.832,3406.528,-3.911,2.592,5.939,3.89,SENSING
33125.07,5988.008,1337.832,3406.528,-3.911,2.592,5.939,3.89,LISTENING
33125.92,5984.684,1340.03,3411.571,-3.917,2.591,5.935,3.89,SENSING
33125.92,5984.684,1340.03,3411.571,-3.917,2.591,5.935,3.89,LISTENING
33130.0,5968.658,1350.569,3435.742,-3.945,2.584,5.919,3.89,SENSING
33130.0,5968.658,1350.569,3435.742,-3.945,2.584,5.919,3.89,LISTENING
33130.0,5968.658,1350.569,3435.742,-3.945,2.584,5.919,3.89,SENSING
33130.0,5968.658,1350.569,3435.742,-3.945,2.584,5.919,3.89,MESSAGING
33130.0,5968.658,1350.569,3435.742,-3.945,2.584,5.919,3.89,SENSING
33130.0,5968.658,1350.569,3435.742,-3.945,2.584,5.919,3.89,LISTENING
33130.0,5968.658,1350.569,3435.742,-3.945,2.584,5.919,3.89,SENSING
33130.0,5968.658,1350.569,3435.742,-3.945,2.584,5.919,3.89,LISTENING
33130.0,5968.658,1350.569,3435.742,-3.945,2.584,5.919,3.89,SENSING
33130.0,5968.658,1350.569,3435.742,-3.945,2.584,5.919,3.89,LISTENING
33130.0,5968.658,1350.569,3435.742,-3.945,2.584,5.919,3.89,SENSING
33130.0,5968.658,1350.569,3435.742,-3.945,2.584,5.919,3.89,LISTENING
33130.0,5968.658,1350.569,3435.742,-3.945,2.584,5.919,3.89,SENSING
33130.0,5968.658,1350.569,3435.742,-3.945,2.584,5.919,3.89,LISTENING
33130.0,5968.658,1350.569,3435.742,-3.945,2.584,5.919,3.89,SENSING
33130.0,5968.658,1350.569,3435.742,-3.945,2.584,5.919,3.89,LISTENING
33138.65,5934.303,1372.826,3486.769,-4.004,2.571,5.885,3.89,SENSING
33138.65,5934.303,1372.826,3486.769,-4.004,2.571,5.885,3.89,LISTENING
33150.0,5888.45,1401.851,3553.266,-4.081,2.553,5.839,3.89,SENSING
33150.0,5888.45,1401.851,3553.266,-4.081,2.553,5.839,3.89,LISTENING
33169.59,5807.258,1451.457,3666.794,-4.213,2.521,5.757,3.89,SENSING
33169.59,5807.258,1451.457,3666.794,-4.213,2.521,5.757,3.89,LISTENING
33180.0,5763.067,1477.559,3726.466,-4.283,2.503,5.713,3.89,SENSING
33180.0,5763.067,1477.559,3726.466,-4.283,2.503,5.713,3.89,LISTENING
33180.0,5763.067,1477.559,3726.466,-4.283,2.503,5.713,3.89,SENSING
33180.0,5763.067,1477.559,3726.466,-4.283,2.503,5.713,3.89,LISTENING
33184.12,5745.379,1487.839,3749.955,-4.31,2.496,5.695,3.89,SENSING
33184.12,5745.379,1487.839,3749.955,-4.31,2.496,5.695,3.89,MANEUVERING
33184.12,5745.379,1487.839,3749.955,-4.31,2.496,5.695,3.89,LISTENING
33185.64,5738.825,1491.624,3758.602,-4.32,2.493,5.689,5.41,MANEUVERING
33185.64,5738.825,1491.624,3758.602,-4.32,2.493,5.689,5.41,SENSING
33185.64,5738.825,1491.624,3758.602,-4.32,2.493,5.689,5.41,MANEUVERING
33185.64,5738.825,1491.624,3758.602,-4.32,2.493,5.689,5.41,LISTENING
33190.0,5719.94,1502.46,3783.351,-4.349,2.486,5.67,9.77,MANEUVERING
33190.0,5719.94,1502.46,3783.351,-4.349,2.486,5.67,9.77,SENSING
33190.0,5719.94,1502.46,3783.351,-4.349,2.486,5.67,9.77,MANEUVERING
33190.0,5719.94,1502.46,3783.351,-4.349,2.486,5.67,9.77,LISTENING
33190.0,5719.94,1502.46,3783.351,-4.349,2.486,5.67,9.77,MANEUVERING
33190.0,5719.94,1502.46,3783.351,-4.349,2.486,5.67,9.77,SENSING
33190.0,5719.94,1502.46,3783.351,-4.349,2.486,5.67,9.77,MANEUVERING
33190.0,5719.94,1502.46,3783.351,-4.349,2.486,5.67,9.77,LISTENING
33200.0,5676.155,1527.188,3839.799,-4.414,2.468,5.626,19.77,MANEUVERING
33200.0,5676.155,1527.188,3839.799,-4.414,2.468,5.626,19.77,SENSING
33200.0,5676.155,1527.188,3839.799,-4.414,2.468,5.626,19.77,MANEUVERING
33200.0,5676.155,1527.188,3839.799,-4.414,2.468,5.626,19.77,LISTENING
33210.0,5631.717,1551.741,3895.807,-4.479,2.451,5.581,29.77,MANEUVERING
33210.0,5631.717,1551.741,3895.807,-4.479,2.451,5.581,29.77,SENSING
33210.0,5631.717,1551.741,3895.807,-4.479,2.451,5.581,29.77,MEASURING
33210.0,5631.717,1551.741,3895.807,-4.479,2.451,5.581,29.77,SENSING
33210.0,5631.717,1551.741,3895.807,-4.479,2.451,5.581,29.77,LISTENING
33220.0,5586.632,1576.117,3951.366,-4.544,2.433,5.536,29.77,SENSING
33220.0,5586.632,1576.117,3951.366,-4.544,2.433,5.536,29.77,MEASURING
33220.0,5586.632,1576.117,3951.366,-4.544,2.433,5.536,29.77,SENSING
33220.0,5586.632,1576.117,3951.366,-4.544,2.433,5.536,29.77,LISTENING
33226.85,5555.378,1592.709,3989.162,-4.588,2.42,5.505,29.77,SENSING
33226.85,5555.378,1592.709,3989.162,-4.588,2.42,5.505,29.77,LISTENING
33251.75,5439.256,1652.296,4124.724,-4.745,2.374,5.389,29.77,SENSING
33251.75,5439.256,1652.296,4124.724,-4.745,2.374,5.389,29.77,MANEUVERING
33251.75,5439.256,1652.296,4124.724,-4.745,2.374,5.389,29.77,LISTENING
33260.0,5399.923,1671.782,4168.995,-4.797,2.358,5.349,21.52,MANEUVERING
33260.0,5399.923,1671.782,4168.995,-4.797,2.358,5.349,21.52,SENSING
33260.0,5399.923,1671.782,4168.995,-4.797,2.358,5.349,21.52,MANEUVERING
33260.0,5399.923,1671.782,4168.995,-4.797,2.358,5.349,21.52,LISTENING
33260.0,5399.923,1671.782,4168.995,-4.797,2.358,5.349,21.52,MANEUVERING
33260.0,5399.923,1671.782,4168.995,-4.797,2.358,5.349,21.52,SENSING
33260.0,5399.923,1671.782,4168.995,-4.797,2.358,5.349,21.52,MANEUVERING
33260.0,5399.923,1671.782,4168.995,-4.797,2.358,5.349,21.52,LISTENING
33265.46,5373.66,1684.607,4198.116,-4.83,2.348,5.323,16.06,MANEUVERING
33265.46,5373.66,1684.607,4198.116,-4.83,2.348,5.323,16.06,SENSING
33265.46,5373.66,1684.607,4198.116,-4.83,2.348,5.323,16.06,MANEUVERING
33265.46,5373.66,1684.607,4198.116,-4.83,2.348,5.323,16.06,LISTENING
33270.0,5351.681,1695.226,4222.22,-4.858,2.339,5.301,11.52,MANEUVERING
33270.0,5351.681,1695.226,4222.22,-4.858,2.339,5.301,11.52,SENSING
33270.0,5351.681,1695.226,4222.22,-4.858,2.339,5.301,11.52,MANEUVERING
33270.0,5351.681,1695.226,4222.22,-4.858,2.339,5.301,11.52,LISTENING
33270.0,5351.681,1695.226,4222.22,-4.858,2.339,5.301,11.52,MANEUVERING
33270.0,5351.681,1695.226,4222.22,-4.858,2.339,5.301,11.52,SENSING
33270.0,5351.681,1695.226,4222.22,-4.858,2.339,5.301,11.52,MANEUVERING
33270.0,5351.681,1695.226,4222.22,-4.858,2.339,5.301,11.52,LISTENING
33290.0,5253.36,1741.529,4327.209,-4.98,2.299,5.203,-8.48,MANEUVERING
33290.0,5253.36,1741.529,4327.209,-4.98,2.299,5.203,-8.48,SENSING
33290.0,5253.36,1741.529,4327.209,-4.98,2.299,5.203,-8.48,MEASURING
33290.0,5253.36,1741.529,4327.209,-4.98,2.299,5.203,-8.48,SENSING
33290.0,5253.36,1741.529,4327.209,-4.98,2.299,5.203,-8.48,LISTENING
33296.91,5218.827,1757.343,4363.023,-5.022,2.286,5.168,-8.48,SENSING
33296.91,5218.827,1757.343,4363.023,-5.022,2.286,5.168,-8.48,LISTENING
33300.0,5203.292,1764.383,4378.961,-5.04,2.279,5.153,-8.48,SENSING
33300.0,5203.292,1764.383,4378.961,-5.04,2.279,5.153,-8.48,LISTENING
33305.19,5177.07,1776.164,4405.623,-5.071,2.269,5.127,-8.48,SENSING
33305.19,5177.07,1776.164,4405.623,-5.071,2.269,5.127,-8.48,LISTENING
33320.0,5101.37,1809.482,4480.951,-5.159,2.238,5.051,-8.48,SENSING
33320.0,5101.37,1809.482,4480.951,-5.159,2.238,5.051,-8.48,LISTENING
33333.47,5031.403,1839.39,4548.485,-5.237,2.21,4.981,-8.48,SENSING
33333.47,5031.403,1839.39,4548.485,-5.237,2.21,4.981,-8.48,MANEUVERING
33333.47,5031.403,1839.39,4548.485,-5.237,2.21,4.981,-8.48,LISTENING
33334.29,5027.11,1841.198,4552.566,-5.242,2.208,4.977,-7.66,MANEUVERING
33334.29,5027.11,1841.198,4552.566,-5.242,2.208,4.977,-7.66,SENSING
33334.29,5027.11,1841.198,4552.566,-5.242,2.208,4.977,-7.66,MANEUVERING
33334.29,5027.11,1841.198,4552.566,-5.242,2.208,4.977,-7.66,LISTENING
33340.0,4997.107,1853.752,4580.884,-5.275,2.196,4.947,-1.95,MANEUVERING
33340.0,4997.107,1853.752,4580.884,-5.275,2.196,4.947,-1.95,SENSING
33340.0,4997.107,1853.752,4580.884,-5.275,2.196,4.947,-1.95,MEASURING
33340.0,4997.107,1853.752,4580.884,-5.275,2.196,4.947,-1.95,SENSING
33340.0,4997.107,1853.752,4580.884,-5.275,2.196,4.947,-1.95,LISTENING
33350.0,4944.113,1875.57,4630.066,-5.332,2.175,4.894,-1.95,SENSING
33350.0,4944.113,1875.57,4630.066,-5.332,2.175,4.894,-1.95,MEASURING
33350.0,4944.113,1875.57,4630.066,-5.332,2.175,4.894,-1.95,SENSING
33350.0,4944.113,1875.57,4630.066,-5.332,2.175,4.894,-1.95,LISTENING
33358.89,4896.525,1894.786,4673.342,-5.382,2.156,4.847,-1.95,SENSING
33358.89,4896.525,1894.786,4673.342,-5.382,2.156,4.847,-1.95,MANEUVERING
33358.89,4896.525,1894.786,4673.342,-5.382,2.156,4.847,-1.95,LISTENING
33370.0,4836.431,1918.561,4726.829,-5.444,2.131,4.787,9.16,MANEUVERING
33370.0,4836.431,1918.561,4726.829,-5.444,2.131,4.787,9.16,SENSING
33370.0,4836.431,1918.561,4726.829,-5.444,2.131,4.787,9.16,MEASURING
33370.0,4836.431,1918.561,4726.829,-5.444,2.131,4.787,9.16,SENSING
33370.0,4836.431,1918.561,4726.829,-5.444,2.131,4.787,9.16,LISTENING
33383.25,4763.868,1946.56,4789.744,-5.517,2.102,4.715,9.16,SENSING
33383.25,4763.868,1946.56,4789.744,-5.517,2.102,4.715,9.16,MANEUVERING
33383.25,4763.868,1946.56,4789.744,-5.517,2.102,4.715,9.16,LISTENING
33400.0,4670.768,1981.396,4867.898,-5.607,2.064,4.622,-7.59,MANEUVERING
33400.0,4670.768,1981.396,4867.898,-5.607,2.064,4.622,-7.59,SENSING
33400.0,4670.768,1981.396,4867.898,-5.607,2.064,4.622,-7.59,MEASURING
33400.0,4670.768,1981.396,4867.898,-5.607,2.064,4.622,-7.59,SENSING
33400.0,4670.768,1981.396,4867.898,-5.607,2.064,4.622,-7.59,LISTENING
33414.91,4586.632,2011.871,4936.151,-5.686,2.03,4.538,-7.59,SENSING
33414.91,4586.632,2011.871,4936.151,-5.686,2.03,4.538,-7.59,LISTENING
33418.15,4568.194,2018.426,4950.817,-5.703,2.023,4.52,-7.59,SENSING
33418.15,4568.194,2018.426,4950.817,-5.703,2.023,4.52,-7.59,MANEUVERING
33418.15,4568.194,2018.426,4950.817,-5.703,2.023,4.52,-7.59,LISTENING
33420.0,4557.641,2022.158,4959.164,-5.713,2.019,4.509,-5.74,MANEUVERING
33420.0,4557.641,2022.158,4959.164,-5.713,2.019,4.509,-5.74,SENSING
33420.0,4557.641,2022.158,4959.164,-5.713,2.019,4.509,-5.74,MANEUVERING
33420.0,4557.641,2022.158,4959.164,-5.713,2.019,4.509,-5.74,LISTENING
33425.58,4525.704,2033.366,4984.224,-5.742,2.006,4.477,-0.16,MANEUVERING
33425.58,4525.704,2033.366,4984.224,-5.742,2.006,4.477,-0.16,SENSING
33425.58,4525.704,2033.366,4984.224,-5.742,2.006,4.477,-0.16,MANEUVERING
33425.58,4525.704,2033.366,4984.224,-5.742,2.006,4.477,-0.16,LISTENING
33430.0,4500.292,2042.194,5003.949,-5.765,1.995,4.452,4.26,MANEUVERING
33430.0,4500.292,2042.194,5003.949,-5.765,1.995,4.452,4.26,SENSING
33430.0,4500.292,2042.194,5003.949,-5.765,1.995,4.452,4.26,MANEUVERING
33430.0,4500.292,2042.194,5003.949,-5.765,1.995,4.452,4.26,LISTENING
33440.0,4442.428,2061.996,5048.16,-5.816,1.972,4.395,14.26,MANEUVERING
33440.0,4442.428,2061.996,5048.16,-5.816,1.972,4.395,14.26,SENSING
33440.0,4442.428,2061.996,5048.16,-5.816,1.972,4.395,14.26,MEASURING
33440.0,4442.428,2061.996,5048.16,-5.816,1.972,4.395,14.26,SENSING
33440.0,4442.428,2061.996,5048.16,-5.816,1.972,4.395,14.26,LISTENING
33559.49,3713.657,2279.819,5530.43,-6.374,1.675,3.671,14.26,SENSING
33559.49,3713.657,2279.819,5530.43,-6.374,1.675,3.671,14.26,MANEUVERING
33559.49,3713.657,2279.819,5530.43,-6.374,1.675,3.671,14.26,LISTENING
33600.0,3452.246,2345.426,5673.849,-6.539,1.569,3.412,-26.25,MANEUVERING
33600.0,3452.246,2345.426,5673.849,-6.539,1.569,3.412,-26.25,SENSING
33600.0,3452.246,2345.426,5673.849,-6.539,1.569,3.412,-26.25,MEASURING
33600.0,3452.246,2345.426,5673.849,-6.539,1.569,3.412,-26.25,SENSING
33600.0,3452.246,2345.426,5673.849,-6.539,1.569,3.412,-26.25,LISTENING
33653.54,3096.938,2425.407,5847.084,-6.739,1.423,3.061,-26.25,SENSING
33653.54,3096.938,2425.407,5847.084,-6.739,1.423,3.061,-26.25,MANEUVERING
33653.54,3096.938,2425.407,5847.084,-6.739,1.423,3.061,-26.25,LISTENING
33660.0,3053.361,2434.528,5866.707,-6.762,1.406,3.018,-19.79,MANEUVERING
33660.0,3053.361,2434.528,5866.707,-6.762,1.406,3.018,-19.79,SENSING
33660.0,3053.361,2434.528,5866.707,-6.762,1.406,3.018,-19.79,MEASURING
33660.0,3053.361,2434.528,5866.707,-6.762,1.406,3.018,-19.79,SENSING
33660.0,3053.361,2434.528,5866.707,-6.762,1.406,3.018,-19.79,LISTENING
33686.51,2873.041,2470.75,5944.309,-6.851,1.332,2.84,-19.79,SENSING
33686.51,2873.041,2470.75,5944.309,-6.851,1.332,2.84,-19.79,MANEUVERING
33686.51,2873.041,2470.75,5944.309,-6.851,1.332,2.84,-19.79,LISTENING
33690.0,2849.128,2475.372,5954.173,-6.862,1.322,2.816,-16.3,MANEUVERING
33690.0,2849.128,2475.372,5954.173,-6.862,1.322,2.816,-16.3,SENSING
33690.0,2849.128,2475.372,5954.173,-6.862,1.322,2.816,-16.3,MEASURING
33690.0,2849.128,2475.372,5954.173,-6.862,1.322,2.816,-16.3,SENSING
33690.0,2849.128,2475.372,5954.173,-6.862,1.322,2.816,-16.3,LISTENING
33700.0,2780.393,2488.428,5981.979,-6.894,1.294,2.748,-16.3,SENSING
33700.0,2780.393,2488.428,5981.979,-6.894,1.294,2.748,-16.3,MEASURING
33700.0,2780.393,2488.428,5981.979,-6.894,1.294,2.748,-16.3,SENSING
33700.0,2780.393,2488.428,5981.979,-6.894,1.294,2.748,-16.3,LISTENING
33733.21,2549.9,2529.754,6069.43,-6.995,1.199,2.521,-16.3,SENSING
33733.21,2549.9,2529.754,6069.43,-6.995,1.199,2.521,-16.3,MANEUVERING
33733.21,2549.9,2529.754,6069.43,-6.995,1.199,2.521,-16.3,LISTENING
33760.0,2361.627,2560.792,6134.443,-7.07,1.122,2.335,10.49,MANEUVERING
33760.0,2361.627,2560.792,6134.443,-7.07,1.122,2.335,10.49,SENSING
33760.0,2361.627,2560.792,6134.443,-7.07,1.122,2.335,10.49,MEASURING
33760.0,2361.627,2560.792,6134.443,-7.07,1.122,2.335,10.49,SENSING
33760.0,2361.627,2560.792,6134.443,-7.07,1.122,2.335,10.49,LISTENING
33771.55,2279.854,2573.533,6160.934,-7.1,1.088,2.254,10.49,SENSING
33771.55,2279.854,2573.533,6160.934,-7.1,1.088,2.254,10.49,LISTENING
33810.0,2005.22,2613.142,6242.391,-7.193,0.975,1.984,10.49,SENSING
33810.0,2005.22,2613.142,6242.391,-7.193,0.975,1.984,10.49,LISTENING
33830.79,1855.297,2632.745,6282.089,-7.239,0.914,1.837,10.49,SENSING
33830.79,1855.297,2632.745,6282.089,-7.239,0.914,1.837,10.49,MANEUVERING
33830.79,1855.297,2632.745,6282.089,-7.239,0.914,1.837,10.49,LISTENING
33840.0,1788.587,2641.019,6298.694,-7.258,0.886,1.771,19.7,MANEUVERING
33840.0,1788.587,2641.019,6298.694,-7.258,0.886,1.771,19.7,SENSING
33840.0,1788.587,2641.019,6298.694,-7.258,0.886,1.771,19.7,MEASURING
33840.0,1788.587,2641.019,6298.694,-7.258,0.886,1.771,19.7,SENSING
33840.0,1788.587,2641.019,6298.694,-7.258,0.886,1.771,19.7,LISTENING
33849.01,1723.159,2648.869,6314.353,-7.276,0.859,1.707,19.7,SENSING
33849.01,1723.159,2648.869,6314.353,-7.276,0.859,1.707,19.7,LISTENING
33877.95,1511.967,2672.439,6360.724,-7.329,0.772,1.499,19.7,SENSING
33877.95,1511.967,2672.439,6360.724,-7.329,0.772,1.499,19.7,MANEUVERING
33877.95,1511.967,2672.439,6360.724,-7.329,0.772,1.499,19.7,LISTENING
33890.0,1423.598,2681.51,6378.258,-7.349,0.736,1.412,7.65,MANEUVERING
33890.0,1423.598,2681.51,6378.258,-7.349,0.736,1.412,7.65,SENSING
33890.0,1423.598,2681.51,6378.258,-7.349,0.736,1.412,7.65,MEASURING
33890.0,1423.598,2681.51,6378.258,-7.349,0.736,1.412,7.65,SENSING
33890.0,1423.598,2681.51,6378.258,-7.349,0.736,1.412,7.65,LISTENING
33910.0,1276.418,2695.597,6405.051,-7.379,0.675,1.268,7.65,SENSING
33910.0,1276.418,2695.597,6405.051,-7.379,0.675,1.268,7.65,LISTENING
33930.0,1128.663,2708.47,6428.951,-7.406,0.614,1.123,7.65,SENSING
33930.0,1128.663,2708.47,6428.951,-7.406,0.614,1.123,7.65,LISTENING
33945.15,1016.396,2717.41,6445.125,-7.425,0.568,1.013,7.65,SENSING
33945.15,1016.396,2717.41,6445.125,-7.425,0.568,1.013,7.65,LISTENING
33950.0,980.399,2720.124,6449.95,-7.43,0.553,0.978,7.65,SENSING
33950.0,980.399,2720.124,6449.95,-7.43,0.553,0.978,7.65,LISTENING
33957.08,927.804,2723.956,6456.687,-7.438,0.531,0.926,7.65,SENSING
33957.08,927.804,2723.956,6456.687,-7.438,0.531,0.926,7.65,LISTENING
33960.0,906.097,2725.492,6459.359,-7.441,0.522,0.905,7.65,SENSING
33960.0,906.097,2725.492,6459.359,-7.441,0.522,0.905,7.65,LISTENING
33970.0,831.692,2730.554,6468.04,-7.451,0.492,0.832,7.65,SENSING
33970.0,831.692,2730.554,6468.04,-7.451,0.492,0.832,7.65,LISTENING
33970.51,827.895,2730.804,6468.463,-7.451,0.49,0.828,7.65,SENSING
33970.51,827.895,2730.804,6468.463,-7.451,0.49,0.828,7.65,MANEUVERING
33970.51,827.895,2730.804,6468.463,-7.451,0.49,0.828,7.65,LISTENING
33975.52,790.581,2733.217,6472.52,-7.456,0.475,0.792,2.64,MANEUVERING
33975.52,790.581,2733.217,6472.52,-7.456,0.475,0.792,2.64,SENSING
33975.52,790.581,2733.217,6472.52,-7.456,0.475,0.792,2.64,MANEUVERING
33975.52,790.581,2733.217,6472.52,-7.456,0.475,0.792,2.64,LISTENING
33980.0,757.195,2735.31,6475.992,-7.46,0.461,0.759,-1.84,MANEUVERING
33980.0,757.195,2735.31,6475.992,-7.46,0.461,0.759,-1.84,SENSING
33980.0,757.195,2735.31,6475.992,-7.46,0.461,0.759,-1.84,MANEUVERING
33980.0,757.195,2735.31,6475.992,-7.46,0.461,0.759,-1.84,LISTENING
33985.09,719.242,2737.612,6479.76,-7.464,0.445,0.722,-6.93,MANEUVERING
33985.09,719.242,2737.612,6479.76,-7.464,0.445,0.722,-6.93,SENSING
33985.09,719.242,2737.612,6479.76,-7.464,0.445,0.722,-6.93,MANEUVERING
33985.09,719.242,2737.612,6479.76,-7.464,0.445,0.722,-6.93,LISTENING
33990.0,682.612,2739.757,6483.215,-7.468,0.43,0.686,-11.84,MANEUVERING
33990.0,682.612,2739.757,6483.215,-7.468,0.43,0.686,-11.84,SENSING
33990.0,682.612,2739.757,6483.215,-7.468,0.43,0.686,-11.84,MEASURING
33990.0,682.612,2739.757,6483.215,-7.468,0.43,0.686,-11.84,SENSING
33990.0,682.612,2739.757,6483.215,-7.468,0.43,0.686,-11.84,LISTENING
34000.0,607.952,2743.897,6489.708,-7.475,0.399,0.613,-11.84,SENSING
34000.0,607.952,2743.897,6489.708,-7.475,0.399,0.613,-11.84,LISTENING
34006.76,557.443,2746.522,6493.683,-7.479,0.378,0.564,-11.84,SENSING
34006.76,557.443,2746.522,6493.683,-7.479,0.378,0.564,-11.84,LISTENING
34010.0,533.223,2747.729,6495.47,-7.481,0.368,0.54,-11.84,SENSING
34010.0,533.223,2747.729,6495.47,-7.481,0.368,0.54,-11.84,MEASURING
34010.0,533.223,2747.729,6495.47,-7.481,0.368,0.54,-11.84,SENSING
34010.0,533.223,2747.729,6495.47,-7.481,0.368,0.54,-11.84,LISTENING
34020.0,458.435,2751.253,6500.501,-7.487,0.337,0.467,-11.84,SENSING
34020.0,458.435,2751.253,6500.501,-7.487,0.337,0.467,-11.84,LISTENING
34021.19,449.532,2751.652,6501.051,-7.487,0.334,0.458,-11.84,SENSING
34021.19,449.532,2751.652,6501.051,-7.487,0.334,0.458,-11.84,MANEUVERING
34021.19,449.532,2751.652,6501.051,-7.487,0.334,0.458,-11.84,LISTENING
34030.0,383.595,2754.468,6504.8,-7.492,0.306,0.394,-3.03,MANEUVERING
34030.0,383.595,2754.468,6504.8,-7.492,0.306,0.394,-3.03,SENSING
34030.0,383.595,2754.468,6504.8,-7.492,0.306,0.394,-3.03,MEASURING
34030.0,383.595,2754.468,6504.8,-7.492,0.306,0.394,-3.03,SENSING
34030.0,383.595,2754.468,6504.8,-7.492,0.306,0.394,-3.03,LISTENING
34034.02,353.497,2755.673,6506.323,-7.493,0.294,0.364,-3.03,SENSING
34034.02,353.497,2755.673,6506.323,-7.493,0.294,0.364,-3.03,LISTENING
34035.96,338.97,2756.237,6507.015,-7.494,0.288,0.35,-3.03,SENSING
34035.96,338.97,2756.237,6507.015,-7.494,0.288,0.35,-3.03,MANEUVERING
34035.96,338.97,2756.237,6507.015,-7.494,0.288,0.35,-3.03,LISTENING
34050.0,233.795,2759.971,6511.205,-7.499,0.244,0.247,11.01,MANEUVERING
34050.0,233.795,2759.971,6511.205,-7.499,0.244,0.247,11.01,SENSING
34050.0,233.795,2759.971,6511.205,-7.499,0.244,0.247,11.01,MANEUVERING
34050.0,233.795,2759.971,6511.205,-7.499,0.244,0.247,11.01,LISTENING
34050.0,233.795,2759.971,6511.205,-7.499,0.244,0.247,11.01,MANEUVERING
34050.0,233.795,2759.971,6511.205,-7.499,0.244,0.247,11.01,SENSING
34050.0,233.795,2759.971,6511.205,-7.499,0.244,0.247,11.01,MANEUVERING
34050.0,233.795,2759.971,6511.205,-7.499,0.244,0.247,11.01,LISTENING
34060.0,158.851,2762.258,6513.31,-7.501,0.213,0.174,21.01,MANEUVERING
34060.0,158.851,2762.258,6513.31,-7.501,0.213,0.174,21.01,SENSING
34060.0,158.851,2762.258,6513.31,-7.501,0.213,0.174,21.01,MANEUVERING
34060.0,158.851,2762.258,6513.31,-7.501,0.213,0.174,21.01,LISTENING
34070.0,83.89,2764.236,6514.682,-7.502,0.182,0.101,31.01,MANEUVERING
34070.0,83.89,2764.236,6514.682,-7.502,0.182,0.101,31.01,SENSING
34070.0,83.89,2764.236,6514.682,-7.502,0.182,0.101,31.01,MEASURING
34070.0,83.89,2764.236,6514.682,-7.502,0.182,0.101,31.01,SENSING
34070.0,83.89,2764.236,6514.682,-7.502,0.182,0.101,31.01,LISTENING
34080.0,8.919,2765.904,6515.323,-7.503,0.151,0.028,31.01,SENSING
34080.0,8.919,2765.904,6515.323,-7.503,0.151,0.028,31.01,MEASURING
34080.0,8.919,2765.904,6515.323,-7.503,0.151,0.028,31.01,SENSING
34080.0,8.919,2765.904,6515.323,-7.503,0.151,0.028,31.01,LISTENING
34086.3,-38.314,2766.796,6515.351,-7.503,0.132,-0.019,31.01,SENSING
34086.3,-38.314,2766.796,6515.351,-7.503,0.132,-0.019,31.01,LISTENING
34090.0,-66.054,2767.262,6515.233,-7.502,0.12,-0.046,31.01,SENSING
34090.0,-66.054,2767.262,6515.233,-7.502,0.12,-0.046,31.01,LISTENING
34095.69,-108.71,2767.897,6514.855,-7.502,0.103,-0.087,31.01,SENSING
34095.69,-108.71,2767.897,6514.855,-7.502,0.103,-0.087,31.01,LISTENING
34100.0,-141.018,2768.311,6514.411,-7.501,0.089,-0.119,31.01,SENSING
34100.0,-141.018,2768.311,6514.411,-7.501,0.089,-0.119,31.01,LISTENING
34105.72,-183.891,2768.772,6513.612,-7.5,0.072,-0.161,31.01,SENSING
34105.72,-183.891,2768.772,6513.612,-7.5,0.072,-0.161,31.01,LISTENING
34110.0,-215.967,2769.05,6512.858,-7.499,0.058,-0.192,31.01,SENSING
34110.0,-215.967,2769.05,6512.858,-7.499,0.058,-0.192,31.01,LISTENING
34116.86,-267.368,2769.377,6511.37,-7.497,0.037,-0.242,31.01,SENSING
34116.86,-267.368,2769.377,6511.37,-7.497,0.037,-0.242,31.01,LISTENING
34120.0,-290.891,2769.479,6510.574,-7.496,0.027,-0.265,31.01,SENSING
34120.0,-290.891,2769.479,6510.574,-7.496,0.027,-0.265,31.01,LISTENING
34126.57,-340.1,2769.592,6508.676,-7.494,0.007,-0.313,31.01,SENSING
34126.57,-340.1,2769.592,6508.676,-7.494,0.007,-0.313,31.01,LISTENING
34130.0,-365.783,2769.598,6507.56,-7.493,-0.004,-0.338,31.01,SENSING
34130.0,-365.783,2769.598,6507.56,-7.493,-0.004,-0.338,31.01,LISTENING
34140.0,-440.634,2769.407,6503.817,-7.488,-0.035,-0.411,31.01,SENSING
34140.0,-440.634,2769.407,6503.817,-7.488,-0.035,-0.411,31.01,LISTENING
34143.36,-465.773,2769.274,6502.396,-7.486,-0.045,-0.436,31.01,SENSING
34143.36,-465.773,2769.274,6502.396,-7.486,-0.045,-0.436,31.01,MANEUVERING
34143.36,-465.773,2769.274,6502.396,-7.486,-0.045,-0.436,31.01,LISTENING
34157.18,-569.108,2768.357,6495.685,-7.478,-0.088,-0.536,17.19,MANEUVERING
34157.18,-569.108,2768.357,6495.685,-7.478,-0.088,-0.536,17.19,SENSING
34157.18,-569.108,2768.357,6495.685,-7.478,-0.088,-0.536,17.19,MANEUVERING
34157.18,-569.108,2768.357,6495.685,-7.478,-0.088,-0.536,17.19,LISTENING
34160.0,-590.179,2768.098,6494.144,-7.477,-0.097,-0.557,14.37,MANEUVERING
34160.0,-590.179,2768.098,6494.144,-7.477,-0.097,-0.557,14.37,SENSING
34160.0,-590.179,2768.098,6494.144,-7.477,-0.097,-0.557,14.37,MEASURING
34160.0,-590.179,2768.098,6494.144,-7.477,-0.097,-0.557,14.37,SENSING
34160.0,-590.179,2768.098,6494.144,-7.477,-0.097,-0.557,14.37,LISTENING
34166.89,-641.64,2767.36,6490.138,-7.472,-0.118,-0.607,14.37,SENSING
34166.89,-641.64,2767.36,6490.138,-7.472,-0.118,-0.607,14.37,LISTENING
34170.0,-664.857,2766.979,6488.217,-7.47,-0.128,-0.629,14.37,SENSING
34170.0,-664.857,2766.979,6488.217,-7.47,-0.128,-0.629,14.37,LISTENING
34178.21,-726.112,2765.83,6482.807,-7.463,-0.153,-0.689,14.37,SENSING
34178.21,-726.112,2765.83,6482.807,-7.463,-0.153,-0.689,14.37,MANEUVERING
34178.21,-726.112,2765.83,6482.807,-7.463,-0.153,-0.689,14.37,LISTENING
34190.0,-813.981,2763.815,6474.183,-7.453,-0.19,-0.775,26.16,MANEUVERING
34190.0,-813.981,2763.815,6474.183,-7.453,-0.19,-0.775,26.16,SENSING
34190.0,-813.981,2763.815,6474.183,-7.453,-0.19,-0.775,26.16,MEASURING
34190.0,-813.981,2763.815,6474.183,-7.453,-0.19,-0.775,26.16,SENSING
34190.0,-813.981,2763.815,6474.183,-7.453,-0.19,-0.775,26.16,LISTENING
34200.0,-888.41,2761.77,6466.079,-7.443,-0.221,-0.847,26.16,SENSING
34200.0,-888.41,2761.77,6466.079,-7.443,-0.221,-0.847,26.16,MEASURING
34200.0,-888.41,2761.77,6466.079,-7.443,-0.221,-0.847,26.16,SENSING
34200.0,-888.41,2761.77,6466.079,-7.443,-0.221,-0.847,26.16,LISTENING
34218.81,-1028.136,2757.089,6448.876,-7.423,-0.279,-0.983,26.16,SENSING
34218.81,-1028.136,2757.089,6448.876,-7.423,-0.279,-0.983,26.16,MANEUVERING
34218.81,-1028.136,2757.089,6448.876,-7.423,-0.279,-0.983,26.16,LISTENING
34230.0,-1111.069,2753.788,6437.431,-7.41,-0.313,-1.064,14.97,MANEUVERING
34230.0,-1111.069,2753.788,6437.431,-7.41,-0.313,-1.064,14.97,SENSING
34230.0,-1111.069,2753.788,6437.431,-7.41,-0.313,-1.064,14.97,MEASURING
34230.0,-1111.069,2753.788,6437.431,-7.41,-0.313,-1.064,14.97,SENSING
34230.0,-1111.069,2753.788,6437.431,-7.41,-0.313,-1.064,14.97,LISTENING
34244.36,-1217.267,2748.989,6421.425,-7.391,-0.357,-1.167,14.97,SENSING
34244.36,-1217.267,2748.989,6421.425,-7.391,-0.357,-1.167,14.97,LISTENING
34249.33,-1253.958,2747.181,6415.54,-7.384,-0.372,-1.202,14.97,SENSING
34249.33,-1253.958,2747.181,6415.54,-7.384,-0.372,-1.202,14.97,MANEUVERING
34249.33,-1253.958,2747.181,6415.54,-7.384,-0.372,-1.202,14.97,LISTENING
34250.0,-1258.901,2746.931,6414.733,-7.383,-0.374,-1.207,15.64,MANEUVERING
34250.0,-1258.901,2746.931,6414.733,-7.383,-0.374,-1.207,15.64,SENSING
34250.0,-1258.901,2746.931,6414.733,-7.383,-0.374,-1.207,15.64,MANEUVERING
34250.0,-1258.901,2746.931,6414.733,-7.383,-0.374,-1.207,15.64,LISTENING
34250.0,-1258.901,2746.931,6414.733,-7.383,-0.374,-1.207,15.64,MANEUVERING
34250.0,-1258.901,2746.931,6414.733,-7.383,-0.374,-1.207,15.64,SENSING
34250.0,-1258.901,2746.931,6414.733,-7.383,-0.374,-1.207,15.64,MESSAGING
34250.0,-1258.901,2746.931,6414.733,-7.383,-0.374,-1.207,15.64,SENSING
34250.0,-1258.901,2746.931,6414.733,-7.383,-0.374,-1.207,15.64,MANEUVERING
34250.0,-1258.901,2746.931,6414.733,-7.383,-0.374,-1.207,15.64,LISTENING
34250.0,-1258.901,2746.931,6414.733,-7.383,-0.374,-1.207,15.64,MANEUVERING
34250.0,-1258.901,2746.931,6414.733,-7.383,-0.374,-1.207,15.64,SENSING
34250.0,-1258.901,2746.931,6414.733,-7.383,-0.374,-1.207,15.64,MANEUVERING
34250.0,-1258.901,2746.931,6414.733,-7.383,-0.374,-1.207,15.64,LISTENING
34250.0,-1258.901,2746.931,6414.733,-7.383,-0.374,-1.207,15.64,MANEUVERING
34250.0,-1258.901,2746.931,6414.733,-7.383,-0.374,-1.207,15.64,SENSING
34250.0,-1258.901,2746.931,6414.733,-7.383,-0.374,-1.207,15.64,MANEUVERING
34250.0,-1258.901,2746.931,6414.733,-7.383,-0.374,-1.207,15.64,LISTENING
34250.0,-1258.901,2746.931,6414.733,-7.383,-0.374,-1.207,15.64,MANEUVERING
34250.0,-1258.901,2746.931,6414.733,-7.383,-0.374,-1.207,15.64,SENSING
34250.0,-1258.901,2746.931,6414.733,-7.383,-0.374,-1.207,15.64,MANEUVERING
34250.0,-1258.901,2746.931,6414.733,-7.383,-0.374,-1.207,15.64,LISTENING
34250.0,-1258.901,2746.931,6414.733,-7.383,-0.374,-1.207,15.64,MANEUVERING
34250.0,-1258.901,2746.931,6414.733,-7.383,-0.374,-1.207,15.64,SENSING
34250.0,-1258.901,2746.931,6414.733,-7.383,-0.374,-1.207,15.64,MANEUVERING
34250.0,-1258.901,2746.931,6414.733,-7.383,-0.374,-1.207,15.64,LISTENING
34250.0,-1258.901,2746.931,6414.733,-7.383,-0.374,-1.207,15.64,MANEUVERING
34250.0,-1258.901,2746.931,6414.733,-7.383,-0.374,-1.207,15.64,SENSING
34250.0,-1258.901,2746.931,6414.733,-7.383,-0.374,-1.207,15.64,MANEUVERING
34250.0,-1258.901,2746.931,6414.733,-7.383,-0.374,-1.207,15.64,LISTENING
34254.97,-1295.553,2745.038,6408.648,-7.376,-0.39,-1.243,20.61,MANEUVERING
34254.97,-1295.553,2745.038,6408.648,-7.376,-0.39,-1.243,20.61,SENSING
34254.97,-1295.553,2745.038,6408.648,-7.376,-0.39,-1.243,20.61,MANEUVERING
34254.97,-1295.553,2745.038,6408.648,-7.376,-0.39,-1.243,20.61,LISTENING
34259.68,-1330.255,2743.173,6402.718,-7.369,-0.404,-1.277,25.32,MANEUVERING
34259.68,-1330.255,2743.173,6402.718,-7.369,-0.404,-1.277,25.32,SENSING
34259.68,-1330.255,2743.173,6402.718,-7.369,-0.404,-1.277,25.32,MANEUVERING
34259.68,-1330.255,2743.173,6402.718,-7.369,-0.404,-1.277,25.32,LISTENING
34260.0,-1332.611,2743.044,6402.309,-7.369,-0.405,-1.279,25.64,MANEUVERING
34260.0,-1332.611,2743.044,6402.309,-7.369,-0.405,-1.279,25.64,SENSING
34260.0,-1332.611,2743.044,6402.309,-7.369,-0.405,-1.279,25.64,MEASURING
34260.0,-1332.611,2743.044,6402.309,-7.369,-0.405,-1.279,25.64,SENSING
34260.0,-1332.611,2743.044,6402.309,-7.369,-0.405,-1.279,25.64,LISTENING
34265.68,-1374.412,2740.7,6394.934,-7.36,-0.422,-1.319,25.64,SENSING
34265.68,-1374.412,2740.7,6394.934,-7.36,-0.422,-1.319,25.64,MANEUVERING
34265.68,-1374.412,2740.7,6394.934,-7.36,-0.422,-1.319,25.64,LISTENING
34270.0,-1406.172,2738.851,6389.17,-7.354,-0.436,-1.35,21.32,MANEUVERING
34270.0,-1406.172,2738.851,6389.17,-7.354,-0.436,-1.35,21.32,SENSING
34270.0,-1406.172,2738.851,6389.17,-7.354,-0.436,-1.35,21.32,MEASURING
34270.0,-1406.172,2738.851,6389.17,-7.354,-0.436,-1.35,21.32,SENSING
34270.0,-1406.172,2738.851,6389.17,-7.354,-0.436,-1.35,21.32,LISTENING
34277.08,-1458.158,2735.698,6379.436,-7.342,-0.457,-1.401,21.32,SENSING
34277.08,-1458.158,2735.698,6379.436,-7.342,-0.457,-1.401,21.32,MANEUVERING
34277.08,-1458.158,2735.698,6379.436,-7.342,-0.457,-1.401,21.32,LISTENING
34280.0,-1479.575,2734.353,6375.318,-7.338,-0.466,-1.422,18.4,MANEUVERING
34280.0,-1479.575,2734.353,6375.318,-7.338,-0.466,-1.422,18.4,SENSING
34280.0,-1479.575,2734.353,6375.318,-7.338,-0.466,-1.422,18.4,MEASURING
34280.0,-1479.575,2734.353,6375.318,-7.338,-0.466,-1.422,18.4,SENSING
34280.0,-1479.575,2734.353,6375.318,-7.338,-0.466,-1.422,18.4,LISTENING
34293.15,-1575.849,2727.975,6356.02,-7.315,-0.506,-1.515,18.4,SENSING
34293.15,-1575.849,2727.975,6356.02,-7.315,-0.506,-1.515,18.4,MANEUVERING
34293.15,-1575.849,2727.975,6356.02,-7.315,-0.506,-1.515,18.4,LISTENING
34300.0,-1625.88,2724.445,6345.481,-7.303,-0.527,-1.564,11.55,MANEUVERING
34300.0,-1625.88,2724.445,6345.481,-7.303,-0.527,-1.564,11.55,SENSING
34300.0,-1625.88,2724.445,6345.481,-7.303,-0.527,-1.564,11.55,MEASURING
34300.0,-1625.88,2724.445,6345.481,-7.303,-0.527,-1.564,11.55,SENSING
34300.0,-1625.88,2724.445,6345.481,-7.303,-0.527,-1.564,11.55,LISTENING
34310.0,-1698.764,2719.036,6329.5,-7.284,-0.557,-1.634,11.55,SENSING
34310.0,-1698.764,2719.036,6329.5,-7.284,-0.557,-1.634,11.55,MEASURING
34310.0,-1698.764,2719.036,6329.5,-7.284,-0.557,-1.634,11.55,SENSING
34310.0,-1698.764,2719.036,6329.5,-7.284,-0.557,-1.634,11.55,LISTENING
34313.98,-1727.72,2716.799,6322.944,-7.277,-0.569,-1.662,11.55,SENSING
34313.98,-1727.72,2716.799,6322.944,-7.277,-0.569,-1.662,11.55,MANEUVERING
34313.98,-1727.72,2716.799,6322.944,-7.277,-0.569,-1.662,11.55,LISTENING
34320.0,-1771.459,2713.324,6312.814,-7.265,-0.587,-1.705,17.57,MANEUVERING
34320.0,-1771.459,2713.324,6312.814,-7.265,-0.587,-1.705,17.57,SENSING
34320.0,-1771.459,2713.324,6312.814,-7.265,-0.587,-1.705,17.57,MEASURING
34320.0,-1771.459,2713.324,6312.814,-7.265,-0.587,-1.705,17.57,SENSING
34320.0,-1771.459,2713.324,6312.814,-7.265,-0.587,-1.705,17.57,LISTENING
34330.0,-1843.957,2707.312,6295.424,-7.245,-0.618,-1.775,17.57,SENSING
34330.0,-1843.957,2707.312,6295.424,-7.245,-0.618,-1.775,17.57,LISTENING
34336.7,-1892.416,2703.115,6283.38,-7.231,-0.638,-1.822,17.57,SENSING
34336.7,-1892.416,2703.115,6283.38,-7.231,-0.638,-1.822,17.57,LISTENING
34340.0,-1916.249,2700.998,6277.333,-7.224,-0.648,-1.845,17.57,SENSING
34340.0,-1916.249,2700.998,6277.333,-7.224,-0.648,-1.845,17.57,MEASURING
34340.0,-1916.249,2700.998,6277.333,-7.224,-0.648,-1.845,17.57,SENSING
34340.0,-1916.249,2700.998,6277.333,-7.224,-0.648,-1.845,17.57,LISTENING
34345.73,-1957.577,2697.245,6266.651,-7.212,-0.665,-1.885,17.57,SENSING
34345.73,-1957.577,2697.245,6266.651,-7.212,-0.665,-1.885,17.57,LISTENING
34347.36,-1969.32,2696.159,6263.571,-7.208,-0.67,-1.897,17.57,SENSING
34347.36,-1969.32,2696.159,6263.571,-7.208,-0.67,-1.897,17.57,MANEUVERING
34347.36,-1969.32,2696.159,6263.571,-7.208,-0.67,-1.897,17.57,LISTENING
34350.0,-1988.328,2694.384,6258.542,-7.202,-0.678,-1.915,20.21,MANEUVERING
34350.0,-1988.328,2694.384,6258.542,-7.202,-0.678,-1.915,20.21,SENSING
34350.0,-1988.328,2694.384,6258.542,-7.202,-0.678,-1.915,20.21,MEASURING
34350.0,-1988.328,2694.384,6258.542,-7.202,-0.678,-1.915,20.21,SENSING
34350.0,-1988.328,2694.384,6258.542,-7.202,-0.678,-1.915,20.21,LISTENING
34356.23,-2033.122,2690.112,6246.484,-7.188,-0.696,-1.958,20.21,SENSING
34356.23,-2033.122,2690.112,6246.484,-7.188,-0.696,-1.958,20.21,MANEUVERING
34356.23,-2033.122,2690.112,6246.484,-7.188,-0.696,-1.958,20.21,LISTENING
34358.42,-2048.847,2688.583,6242.18,-7.183,-0.703,-1.974,22.4,MANEUVERING
34358.42,-2048.847,2688.583,6242.18,-7.183,-0.703,-1.974,22.4,SENSING
34358.42,-2048.847,2688.583,6242.18,-7.183,-0.703,-1.974,22.4,MANEUVERING
34358.42,-2048.847,2688.583,6242.18,-7.183,-0.703,-1.974,22.4,LISTENING
34360.0,-2060.186,2687.471,6239.055,-7.18,-0.708,-1.985,23.98,MANEUVERING
34360.0,-2060.186,2687.471,6239.055,-7.18,-0.708,-1.985,23.98,SENSING
34360.0,-2060.186,2687.471,6239.055,-7.18,-0.708,-1.985,23.98,MEASURING
34360.0,-2060.186,2687.471,6239.055,-7.18,-0.708,-1.985,23.98,SENSING
34360.0,-2060.186,2687.471,6239.055,-7.18,-0.708,-1.985,23.98,LISTENING
34365.32,-2098.321,2683.672,6228.405,-7.167,-0.724,-2.021,23.98,SENSING
34365.32,-2098.321,2683.672,6228.405,-7.167,-0.724,-2.021,23.98,MANEUVERING
34365.32,-2098.321,2683.672,6228.405,-7.167,-0.724,-2.021,23.98,LISTENING
34370.0,-2131.814,2680.26,6218.873,-7.156,-0.738,-2.054,28.66,MANEUVERING
34370.0,-2131.814,2680.26,6218.873,-7.156,-0.738,-2.054,28.66,SENSING
34370.0,-2131.814,2680.26,6218.873,-7.156,-0.738,-2.054,28.66,MEASURING
34370.0,-2131.814,2680.26,6218.873,-7.156,-0.738,-2.054,28.66,SENSING
34370.0,-2131.814,2680.26,6218.873,-7.156,-0.738,-2.054,28.66,LISTENING
34380.0,-2203.205,2672.751,6198.0,-7.132,-0.767,-2.123,28.66,SENSING
34380.0,-2203.205,2672.751,6198.0,-7.132,-0.767,-2.123,28.66,MEASURING
34380.0,-2203.205,2672.751,6198.0,-7.132,-0.767,-2.123,28.66,SENSING
34380.0,-2203.205,2672.751,6198.0,-7.132,-0.767,-2.123,28.66,LISTENING
34384.82,-2237.529,2669.026,6187.692,-7.12,-0.782,-2.156,28.66,SENSING
34384.82,-2237.529,2669.026,6187.692,-7.12,-0.782,-2.156,28.66,LISTENING
34386.79,-2251.541,2667.483,6183.433,-7.115,-0.787,-2.17,28.66,SENSING
34386.79,-2251.541,2667.483,6183.433,-7.115,-0.787,-2.17,28.66,MANEUVERING
34386.79,-2251.541,2667.483,6183.433,-7.115,-0.787,-2.17,28.66,LISTENING
34390.0,-2274.352,2664.946,6176.436,-7.107,-0.797,-2.192,31.87,MANEUVERING
34390.0,-2274.352,2664.946,6176.436,-7.107,-0.797,-2.192,31.87,SENSING
34390.0,-2274.352,2664.946,6176.436,-7.107,-0.797,-2.192,31.87,MEASURING
34390.0,-2274.352,2664.946,6176.436,-7.107,-0.797,-2.192,31.87,SENSING
34390.0,-2274.352,2664.946,6176.436,-7.107,-0.797,-2.192,31.87,LISTENING
34400.0,-2345.245,2656.845,6154.186,-7.082,-0.827,-2.26,31.87,SENSING
34400.0,-2345.245,2656.845,6154.186,-7.082,-0.827,-2.26,31.87,MEASURING
34400.0,-2345.245,2656.845,6154.186,-7.082,-0.827,-2.26,31.87,SENSING
34400.0,-2345.245,2656.845,6154.186,-7.082,-0.827,-2.26,31.87,LISTENING
34407.42,-2397.68,2650.643,6137.234,-7.062,-0.848,-2.311,31.87,SENSING
34407.42,-2397.68,2650.643,6137.234,-7.062,-0.848,-2.311,31.87,MANEUVERING
34407.42,-2397.68,2650.643,6137.234,-7.062,-0.848,-2.311,31.87,LISTENING
34410.0,-2415.878,2648.449,6131.252,-7.055,-0.856,-2.329,29.29,MANEUVERING
34410.0,-2415.878,2648.449,6131.252,-7.055,-0.856,-2.329,29.29,SENSING
34410.0,-2415.878,2648.449,6131.252,-7.055,-0.856,-2.329,29.29,MEASURING
34410.0,-2415.878,2648.449,6131.252,-7.055,-0.856,-2.329,29.29,SENSING
34410.0,-2415.878,2648.449,6131.252,-7.055,-0.856,-2.329,29.29,LISTENING
34410.0,-2415.878,2648.449,6131.252,-7.055,-0.856,-2.329,29.29,SENSING
34410.0,-2415.878,2648.449,6131.252,-7.055,-0.856,-2.329,29.29,MESSAGING
34410.0,-2415.878,2648.449,6131.252,-7.055,-0.856,-2.329,29.29,SENSING
34410.0,-2415.878,2648.449,6131.252,-7.055,-0.856,-2.329,29.29,LISTENING
34410.0,-2415.878,2648.449,6131.252,-7.055,-0.856,-2.329,29.29,SENSING
34410.0,-2415.878,2648.449,6131.252,-7.055,-0.856,-2.329,29.29,LISTENING
34410.0,-2415.878,2648.449,6131.252,-7.055,-0.856,-2.329,29.29,SENSING
34410.0,-2415.878,2648.449,6131.252,-7.055,-0.856,-2.329,29.29,LISTENING
34410.0,-2415.878,2648.449,6131.252,-7.055,-0.856,-2.329,29.29,SENSING
34410.0,-2415.878,2648.449,6131.252,-7.055,-0.856,-2.329,29.29,LISTENING
34410.0,-2415.878,2648.449,6131.252,-7.055,-0.856,-2.329,29.29,SENSING
34410.0,-2415.878,2648.449,6131.252,-7.055,-0.856,-2.329,29.29,LISTENING
34413.65,-2441.592,2645.312,6122.711,-7.045,-0.867,-2.354,29.29,SENSING
34413.65,-2441.592,2645.312,6122.711,-7.045,-0.867,-2.354,29.29,LISTENING
34420.0,-2486.242,2639.76,6107.636,-7.028,-0.885,-2.397,29.29,SENSING
34420.0,-2486.242,2639.76,6107.636,-7.028,-0.885,-2.397,29.29,MEASURING
34420.0,-2486.242,2639.76,6107.636,-7.028,-0.885,-2.397,29.29,SENSING
34420.0,-2486.242,2639.76,6107.636,-7.028,-0.885,-2.397,29.29,LISTENING
34424.7,-2519.218,2635.575,6096.302,-7.015,-0.899,-2.429,29.29,SENSING
34424.7,-2519.218,2635.575,6096.302,-7.015,-0.899,-2.429,29.29,MANEUVERING
34424.7,-2519.218,2635.575,6096.302,-7.015,-0.899,-2.429,29.29,LISTENING
34430.0,-2556.33,2630.778,6083.342,-7.0,-0.915,-2.465,23.99,MANEUVERING
34430.0,-2556.33,2630.778,6083.342,-7.0,-0.915,-2.465,23.99,SENSING
34430.0,-2556.33,2630.778,6083.342,-7.0,-0.915,-2.465,23.99,MEASURING
34430.0,-2556.33,2630.778,6083.342,-7.0,-0.915,-2.465,23.99,SENSING
34430.0,-2556.33,2630.778,6083.342,-7.0,-0.915,-2.465,23.99,LISTENING
34435.34,-2593.641,2625.863,6070.092,-6.985,-0.93,-2.501,23.99,SENSING
34435.34,-2593.641,2625.863,6070.092,-6.985,-0.93,-2.501,23.99,MANEUVERING
34435.34,-2593.641,2625.863,6070.092,-6.985,-0.93,-2.501,23.99,LISTENING
34440.0,-2626.134,2621.505,6058.372,-6.971,-0.944,-2.532,28.65,MANEUVERING
34440.0,-2626.134,2621.505,6058.372,-6.971,-0.944,-2.532,28.65,SENSING
34440.0,-2626.134,2621.505,6058.372,-6.971,-0.944,-2.532,28.65,MEASURING
34440.0,-2626.134,2621.505,6058.372,-6.971,-0.944,-2.532,28.65,SENSING
34440.0,-2626.134,2621.505,6058.372,-6.971,-0.944,-2.532,28.65,MESSAGING
34440.0,-2626.134,2621.505,6058.372,-6.971,-0.944,-2.532,28.65,MESSAGING
34440.0,-2626.134,2621.505,6058.372,-6.971,-0.944,-2.532,28.65,SENSING
34440.0,-2626.134,2621.505,6058.372,-6.971,-0.944,-2.532,28.65,LISTENING
34440.0,-2626.134,2621.505,6058.372,-6.971,-0.944,-2.532,28.65,SENSING
34440.0,-2626.134,2621.505,6058.372,-6.971,-0.944,-2.532,28.65,MESSAGING
34440.0,-2626.134,2621.505,6058.372,-6.971,-0.944,-2.532,28.65,SENSING
34440.0,-2626.134,2621.505,6058.372,-6.971,-0.944,-2.532,28.65,LISTENING
34440.0,-2626.134,2621.505,6058.372,-6.971,-0.944,-2.532,28.65,SENSING
34440.0,-2626.134,2621.505,6058.372,-6.971,-0.944,-2.532,28.65,LISTENING
34440.0,-2626.134,2621.505,6058.372,-6.971,-0.944,-2.532,28.65,SENSING
34440.0,-2626.134,2621.505,6058.372,-6.971,-0.944,-2.532,28.65,LISTENING
34440.0,-2626.134,2621.505,6058.372,-6.971,-0.944,-2.532,28.65,SENSING
34440.0,-2626.134,2621.505,6058.372,-6.971,-0.944,-2.532,28.65,LISTENING
34446.58,-2671.907,2615.245,6041.574,-6.952,-0.963,-2.576,28.65,SENSING
34446.58,-2671.907,2615.245,6041.574,-6.952,-0.963,-2.576,28.65,MANEUVERING
34446.58,-2671.907,2615.245,6041.574,-6.952,-0.963,-2.576,28.65,LISTENING
34450.0,-2695.647,2611.942,6032.729,-6.941,-0.973,-2.599,32.07,MANEUVERING
34450.0,-2695.647,2611.942,6032.729,-6.941,-0.973,-2.599,32.07,SENSING
34450.0,-2695.647,2611.942,6032.729,-6.941,-0.973,-2.599,32.07,MEASURING
34450.0,-2695.647,2611.942,6032.729,-6.941,-0.973,-2.599,32.07,SENSING
34450.0,-2695.647,2611.942,6032.729,-6.941,-0.973,-2.599,32.07,LISTENING
34455.8,-2735.828,2606.262,6017.549,-6.924,-0.99,-2.638,32.07,SENSING
34455.8,-2735.828,2606.262,6017.549,-6.924,-0.99,-2.638,32.07,MANEUVERING
34455.8,-2735.828,2606.262,6017.549,-6.924,-0.99,-2.638,32.07,LISTENING
34460.0,-2764.861,2602.089,6006.416,-6.911,-1.002,-2.666,27.87,MANEUVERING
34460.0,-2764.861,2602.089,6006.416,-6.911,-1.002,-2.666,27.87,SENSING
34460.0,-2764.861,2602.089,6006.416,-6.911,-1.002,-2.666,27.87,MEASURING
34460.0,-2764.861,2602.089,6006.416,-6.911,-1.002,-2.666,27.87,SENSING
34460.0,-2764.861,2602.089,6006.416,-6.911,-1.002,-2.666,27.87,LISTENING
34465.54,-2803.074,2596.507,5991.552,-6.894,-1.018,-2.703,27.87,SENSING
34465.54,-2803.074,2596.507,5991.552,-6.894,-1.018,-2.703,27.87,MANEUVERING
34465.54,-2803.074,2596.507,5991.552,-6.894,-1.018,-2.703,27.87,LISTENING
34470.0,-2833.768,2591.948,5979.437,-6.88,-1.031,-2.733,32.33,MANEUVERING
34470.0,-2833.768,2591.948,5979.437,-6.88,-1.031,-2.733,32.33,SENSING
34470.0,-2833.768,2591.948,5979.437,-6.88,-1.031,-2.733,32.33,MEASURING
34470.0,-2833.768,2591.948,5979.437,-6.88,-1.031,-2.733,32.33,SENSING
34470.0,-2833.768,2591.948,5979.437,-6.88,-1.031,-2.733,32.33,LISTENING
34480.0,-2902.36,2581.521,5951.794,-6.848,-1.059,-2.799,32.33,SENSING
34480.0,-2902.36,2581.521,5951.794,-6.848,-1.059,-2.799,32.33,MEASURING
34480.0,-2902.36,2581.521,5951.794,-6.848,-1.059,-2.799,32.33,SENSING
34480.0,-2902.36,2581.521,5951.794,-6.848,-1.059,-2.799,32.33,LISTENING
34490.0,-2970.631,2570.808,5923.491,-6.816,-1.088,-2.865,32.33,SENSING
34490.0,-2970.631,2570.808,5923.491,-6.816,-1.088,-2.865,32.33,MEASURING
34490.0,-2970.631,2570.808,5923.491,-6.816,-1.088,-2.865,32.33,SENSING
34490.0,-2970.631,2570.808,5923.491,-6.816,-1.088,-2.865,32.33,LISTENING
34494.86,-3003.692,2565.498,5909.499,-6.8,-1.102,-2.897,32.33,SENSING
34494.86,-3003.692,2565.498,5909.499,-6.8,-1.102,-2.897,32.33,LISTENING
34500.0,-3038.573,2559.81,5894.532,-6.782,-1.116,-2.93,32.33,SENSING
34500.0,-3038.573,2559.81,5894.532,-6.782,-1.116,-2.93,32.33,MEASURING
34500.0,-3038.573,2559.81,5894.532,-6.782,-1.116,-2.93,32.33,SENSING
34500.0,-3038.573,2559.81,5894.532,-6.782,-1.116,-2.93,32.33,LISTENING
34507.08,-3086.472,2551.853,5873.633,-6.758,-1.136,-2.976,32.33,SENSING
34507.08,-3086.472,2551.853,5873.633,-6.758,-1.136,-2.976,32.33,MANEUVERING
34507.08,-3086.472,2551.853,5873.633,-6.758,-1.136,-2.976,32.33,LISTENING
34510.0,-3106.177,2548.53,5864.919,-6.748,-1.144,-2.995,29.41,MANEUVERING
34510.0,-3106.177,2548.53,5864.919,-6.748,-1.144,-2.995,29.41,SENSING
34510.0,-3106.177,2548.53,5864.919,-6.748,-1.144,-2.995,29.41,MEASURING
34510.0,-3106.177,2548.53,5864.919,-6.748,-1.144,-2.995,29.41,SENSING
34510.0,-3106.177,2548.53,5864.919,-6.748,-1.144,-2.995,29.41,LISTENING
34520.0,-3173.438,2536.968,5834.656,-6.713,-1.173,-3.06,29.41,SENSING
34520.0,-3173.438,2536.968,5834.656,-6.713,-1.173,-3.06,29.41,MEASURING
34520.0,-3173.438,2536.968,5834.656,-6.713,-1.173,-3.06,29.41,SENSING
34520.0,-3173.438,2536.968,5834.656,-6.713,-1.173,-3.06,29.41,LISTENING
34530.0,-3240.347,2525.125,5803.746,-6.678,-1.201,-3.125,29.41,SENSING
34530.0,-3240.347,2525.125,5803.746,-6.678,-1.201,-3.125,29.41,MEASURING
34530.0,-3240.347,2525.125,5803.746,-6.678,-1.201,-3.125,29.41,SENSING
34530.0,-3240.347,2525.125,5803.746,-6.678,-1.201,-3.125,29.41,LISTENING
34534.47,-3270.14,2519.741,5789.722,-6.662,-1.213,-3.153,29.41,SENSING
34534.47,-3270.14,2519.741,5789.722,-6.662,-1.213,-3.153,29.41,LISTENING
34540.0,-3306.898,2513.004,5772.194,-6.642,-1.228,-3.189,29.41,SENSING
34540.0,-3306.898,2513.004,5772.194,-6.642,-1.228,-3.189,29.41,MEASURING
34540.0,-3306.898,2513.004,5772.194,-6.642,-1.228,-3.189,29.41,SENSING
34540.0,-3306.898,2513.004,5772.194,-6.642,-1.228,-3.189,29.41,LISTENING
34550.0,-3373.082,2500.605,5740.003,-6.605,-1.256,-3.253,29.41,SENSING
34550.0,-3373.082,2500.605,5740.003,-6.605,-1.256,-3.253,29.41,MEASURING
34550.0,-3373.082,2500.605,5740.003,-6.605,-1.256,-3.253,29.41,SENSING
34550.0,-3373.082,2500.605,5740.003,-6.605,-1.256,-3.253,29.41,LISTENING
34550.92,-3379.153,2499.45,5737.009,-6.601,-1.259,-3.259,29.41,SENSING
34550.92,-3379.153,2499.45,5737.009,-6.601,-1.259,-3.259,29.41,LISTENING
34560.0,-3438.893,2487.93,5707.176,-6.567,-1.284,-3.316,29.41,SENSING
34560.0,-3438.893,2487.93,5707.176,-6.567,-1.284,-3.316,29.41,MEASURING
34560.0,-3438.893,2487.93,5707.176,-6.567,-1.284,-3.316,29.41,SENSING
34560.0,-3438.893,2487.93,5707.176,-6.567,-1.284,-3.316,29.41,LISTENING
34566.9,-3484.082,2479.024,5684.157,-6.541,-1.303,-3.36,29.41,SENSING
34566.9,-3484.082,2479.024,5684.157,-6.541,-1.303,-3.36,29.41,LISTENING
34570.0,-3504.324,2474.98,5673.717,-6.529,-1.311,-3.379,29.41,SENSING
34570.0,-3504.324,2474.98,5673.717,-6.529,-1.311,-3.379,29.41,MEASURING
34570.0,-3504.324,2474.98,5673.717,-6.529,-1.311,-3.379,29.41,SENSING
34570.0,-3504.324,2474.98,5673.717,-6.529,-1.311,-3.379,29.41,LISTENING
34577.15,-3550.87,2465.554,5649.41,-6.501,-1.331,-3.424,29.41,SENSING
34577.15,-3550.87,2465.554,5649.41,-6.501,-1.331,-3.424,29.41,MANEUVERING
34577.15,-3550.87,2465.554,5649.41,-6.501,-1.331,-3.424,29.41,LISTENING
34580.0,-3569.367,2461.757,5639.631,-6.489,-1.339,-3.442,26.56,MANEUVERING
34580.0,-3569.367,2461.757,5639.631,-6.489,-1.339,-3.442,26.56,SENSING
34580.0,-3569.367,2461.757,5639.631,-6.489,-1.339,-3.442,26.56,MEASURING
34580.0,-3569.367,2461.757,5639.631,-6.489,-1.339,-3.442,26.56,SENSING
34580.0,-3569.367,2461.757,5639.631,-6.489,-1.339,-3.442,26.56,LISTENING
34582.91,-3588.221,2457.858,5629.595,-6.478,-1.346,-3.46,26.56,SENSING
34582.91,-3588.221,2457.858,5629.595,-6.478,-1.346,-3.46,26.56,LISTENING
34587.31,-3616.664,2451.92,5614.32,-6.46,-1.358,-3.487,26.56,SENSING
34587.31,-3616.664,2451.92,5614.32,-6.46,-1.358,-3.487,26.56,MANEUVERING
34587.31,-3616.664,2451.92,5614.32,-6.46,-1.358,-3.487,26.56,LISTENING
34590.0,-3634.016,2448.263,5604.921,-6.45,-1.366,-3.504,29.25,MANEUVERING
34590.0,-3634.016,2448.263,5604.921,-6.45,-1.366,-3.504,29.25,SENSING
34590.0,-3634.016,2448.263,5604.921,-6.45,-1.366,-3.504,29.25,MEASURING
34590.0,-3634.016,2448.263,5604.921,-6.45,-1.366,-3.504,29.25,SENSING
34590.0,-3634.016,2448.263,5604.921,-6.45,-1.366,-3.504,29.25,LISTENING
34600.0,-3698.263,2434.499,5569.592,-6.409,-1.393,-3.566,29.25,SENSING
34600.0,-3698.263,2434.499,5569.592,-6.409,-1.393,-3.566,29.25,MEASURING
34600.0,-3698.263,2434.499,5569.592,-6.409,-1.393,-3.566,29.25,SENSING
34600.0,-3698.263,2434.499,5569.592,-6.409,-1.393,-3.566,29.25,LISTENING
34602.71,-3715.603,2430.722,5559.911,-6.398,-1.4,-3.582,29.25,SENSING
34602.71,-3715.603,2430.722,5559.911,-6.398,-1.4,-3.582,29.25,LISTENING
34610.0,-3762.101,2420.466,5533.646,-6.368,-1.419,-3.627,29.25,SENSING
34610.0,-3762.101,2420.466,5533.646,-6.368,-1.419,-3.627,29.25,MEASURING
34610.0,-3762.101,2420.466,5533.646,-6.368,-1.419,-3.627,29.25,SENSING
34610.0,-3762.101,2420.466,5533.646,-6.368,-1.419,-3.627,29.25,LISTENING
34620.0,-3825.523,2406.166,5497.089,-6.326,-1.446,-3.688,29.25,SENSING
34620.0,-3825.523,2406.166,5497.089,-6.326,-1.446,-3.688,29.25,LISTENING
34620.0,-3825.523,2406.166,5497.089,-6.326,-1.446,-3.688,29.25,SENSING
34620.0,-3825.523,2406.166,5497.089,-6.326,-1.446,-3.688,29.25,LISTENING
34627.33,-3871.744,2395.516,5469.907,-6.295,-1.466,-3.732,29.25,SENSING
34627.33,-3871.744,2395.516,5469.907,-6.295,-1.466,-3.732,29.25,MANEUVERING
34627.33,-3871.744,2395.516,5469.907,-6.295,-1.466,-3.732,29.25,LISTENING
34630.0,-3888.523,2391.601,5459.925,-6.283,-1.473,-3.749,26.58,MANEUVERING
34630.0,-3888.523,2391.601,5459.925,-6.283,-1.473,-3.749,26.58,SENSING
34630.0,-3888.523,2391.601,5459.925,-6.283,-1.473,-3.749,26.58,MEASURING
34630.0,-3888.523,2391.601,5459.925,-6.283,-1.473,-3.749,26.58,SENSING
34630.0,-3888.523,2391.601,5459.925,-6.283,-1.473,-3.749,26.58,LISTENING
34640.0,-3951.094,2376.773,5422.158,-6.24,-1.499,-3.809,26.58,SENSING
34640.0,-3951.094,2376.773,5422.158,-6.24,-1.499,-3.809,26.58,MEASURING
34640.0,-3951.094,2376.773,5422.158,-6.24,-1.499,-3.809,26.58,SENSING
34640.0,-3951.094,2376.773,5422.158,-6.24,-1.499,-3.809,26.58,LISTENING
34645.75,-3986.875,2368.128,5400.17,-6.215,-1.514,-3.843,26.58,SENSING
34645.75,-3986.875,2368.128,5400.17,-6.215,-1.514,-3.843,26.58,LISTENING
34646.84,-3993.641,2366.48,5395.98,-6.21,-1.517,-3.85,26.58,SENSING
34646.84,-3993.641,2366.48,5395.98,-6.21,-1.517,-3.85,26.58,MANEUVERING
34646.84,-3993.641,2366.48,5395.98,-6.21,-1.517,-3.85,26.58,LISTENING
34650.0,-4013.228,2361.683,5383.792,-6.196,-1.525,-3.868,29.74,MANEUVERING
34650.0,-4013.228,2361.683,5383.792,-6.196,-1.525,-3.868,29.74,SENSING
34650.0,-4013.228,2361.683,5383.792,-6.196,-1.525,-3.868,29.74,MEASURING
34650.0,-4013.228,2361.683,5383.792,-6.196,-1.525,-3.868,29.74,SENSING
34650.0,-4013.228,2361.683,5383.792,-6.196,-1.525,-3.868,29.74,LISTENING
34650.0,-4013.228,2361.683,5383.792,-6.196,-1.525,-3.868,29.74,SENSING
34650.0,-4013.228,2361.683,5383.792,-6.196,-1.525,-3.868,29.74,MESSAGING
34650.0,-4013.228,2361.683,5383.792,-6.196,-1.525,-3.868,29.74,SENSING
34650.0,-4013.228,2361.683,5383.792,-6.196,-1.525,-3.868,29.74,LISTENING
34650.0,-4013.228,2361.683,5383.792,-6.196,-1.525,-3.868,29.74,SENSING
34650.0,-4013.228,2361.683,5383.792,-6.196,-1.525,-3.868,29.74,LISTENING
34650.0,-4013.228,2361.683,5383.792,-6.196,-1.525,-3.868,29.74,SENSING
34650.0,-4013.228,2361.683,5383.792,-6.196,-1.525,-3.868,29.74,LISTENING
34650.0,-4013.228,2361.683,5383.792,-6.196,-1.525,-3.868,29.74,SENSING
34650.0,-4013.228,2361.683,5383.792,-6.196,-1.525,-3.868,29.74,LISTENING
34656.8,-4055.227,2351.273,5357.363,-6.166,-1.543,-3.909,29.74,SENSING
34656.8,-4055.227,2351.273,5357.363,-6.166,-1.543,-3.909,29.74,MANEUVERING
34656.8,-4055.227,2351.273,5357.363,-6.166,-1.543,-3.909,29.74,LISTENING
34660.0,-4074.92,2346.333,5344.831,-6.151,-1.551,-3.928,26.54,MANEUVERING
34660.0,-4074.92,2346.333,5344.831,-6.151,-1.551,-3.928,26.54,SENSING
34660.0,-4074.92,2346.333,5344.831,-6.151,-1.551,-3.928,26.54,MEASURING
34660.0,-4074.92,2346.333,5344.831,-6.151,-1.551,-3.928,26.54,SENSING
34660.0,-4074.92,2346.333,5344.831,-6.151,-1.551,-3.928,26.54,LISTENING
34661.19,-4082.231,2344.489,5340.155,-6.146,-1.554,-3.935,26.54,SENSING
34661.19,-4082.231,2344.489,5340.155,-6.146,-1.554,-3.935,26.54,LISTENING
34666.17,-4112.76,2336.733,5320.498,-6.123,-1.567,-3.964,26.54,SENSING
34666.17,-4112.76,2336.733,5320.498,-6.123,-1.567,-3.964,26.54,MANEUVERING
34666.17,-4112.76,2336.733,5320.498,-6.123,-1.567,-3.964,26.54,LISTENING
34670.0,-4136.162,2330.724,5305.28,-6.106,-1.577,-3.986,30.37,MANEUVERING
34670.0,-4136.162,2330.724,5305.28,-6.106,-1.577,-3.986,30.37,SENSING
34670.0,-4136.162,2330.724,5305.28,-6.106,-1.577,-3.986,30.37,MEASURING
34670.0,-4136.162,2330.724,5305.28,-6.106,-1.577,-3.986,30.37,SENSING
34670.0,-4136.162,2330.724,5305.28,-6.106,-1.577,-3.986,30.37,LISTENING
34680.0,-4196.947,2314.86,5265.145,-6.06,-1.602,-4.045,30.37,SENSING
34680.0,-4196.947,2314.86,5265.145,-6.06,-1.602,-4.045,30.37,MEASURING
34680.0,-4196.947,2314.86,5265.145,-6.06,-1.602,-4.045,30.37,SENSING
34680.0,-4196.947,2314.86,5265.145,-6.06,-1.602,-4.045,30.37,LISTENING
34690.0,-4257.27,2298.74,5224.428,-6.013,-1.628,-4.103,30.37,SENSING
34690.0,-4257.27,2298.74,5224.428,-6.013,-1.628,-4.103,30.37,MEASURING
34690.0,-4257.27,2298.74,5224.428,-6.013,-1.628,-4.103,30.37,SENSING
34690.0,-4257.27,2298.74,5224.428,-6.013,-1.628,-4.103,30.37,LISTENING
34705.83,-4351.799,2272.706,5158.797,-5.938,-1.668,-4.193,30.37,SENSING
34705.83,-4351.799,2272.706,5158.797,-5.938,-1.668,-4.193,30.37,MANEUVERING
34705.83,-4351.799,2272.706,5158.797,-5.938,-1.668,-4.193,30.37,LISTENING
34720.0,-4435.397,2248.871,5098.839,-5.869,-1.703,-4.274,16.2,MANEUVERING
34720.0,-4435.397,2248.871,5098.839,-5.869,-1.703,-4.274,16.2,SENSING
34720.0,-4435.397,2248.871,5098.839,-5.869,-1.703,-4.274,16.2,MEASURING
34720.0,-4435.397,2248.871,5098.839,-5.869,-1.703,-4.274,16.2,SENSING
34720.0,-4435.397,2248.871,5098.839,-5.869,-1.703,-4.274,16.2,LISTENING
34735.74,-4527.106,2221.814,5030.916,-5.792,-1.742,-4.361,16.2,SENSING
34735.74,-4527.106,2221.814,5030.916,-5.792,-1.742,-4.361,16.2,MANEUVERING
34735.74,-4527.106,2221.814,5030.916,-5.792,-1.742,-4.361,16.2,LISTENING
34750.0,-4609.126,2196.778,4968.194,-5.72,-1.776,-4.44,30.46,MANEUVERING
34750.0,-4609.126,2196.778,4968.194,-5.72,-1.776,-4.44,30.46,SENSING
34750.0,-4609.126,2196.778,4968.194,-5.72,-1.776,-4.44,30.46,MEASURING
34750.0,-4609.126,2196.778,4968.194,-5.72,-1.776,-4.44,30.46,SENSING
34750.0,-4609.126,2196.778,4968.194,-5.72,-1.776,-4.44,30.46,LISTENING
34780.0,-4778.289,2142.513,4832.624,-5.565,-1.848,-4.602,30.46,SENSING
34780.0,-4778.289,2142.513,4832.624,-5.565,-1.848,-4.602,30.46,MEASURING
34780.0,-4778.289,2142.513,4832.624,-5.565,-1.848,-4.602,30.46,SENSING
34780.0,-4778.289,2142.513,4832.624,-5.565,-1.848,-4.602,30.46,MESSAGING
34780.0,-4778.289,2142.513,4832.624,-5.565,-1.848,-4.602,30.46,MESSAGING
34780.0,-4778.289,2142.513,4832.624,-5.565,-1.848,-4.602,30.46,SENSING
34780.0,-4778.289,2142.513,4832.624,-5.565,-1.848,-4.602,30.46,LISTENING
34780.0,-4778.289,2142.513,4832.624,-5.565,-1.848,-4.602,30.46,SENSING
34780.0,-4778.289,2142.513,4832.624,-5.565,-1.848,-4.602,30.46,MEASURING
34780.0,-4778.289,2142.513,4832.624,-5.565,-1.848,-4.602,30.46,MESSAGING
34780.0,-4778.289,2142.513,4832.624,-5.565,-1.848,-4.602,30.46,SENSING
34780.0,-4778.289,2142.513,4832.624,-5.565,-1.848,-4.602,30.46,MESSAGING
34780.0,-4778.289,2142.513,4832.624,-5.565,-1.848,-4.602,30.46,MESSAGING
34780.0,-4778.289,2142.513,4832.624,-5.565,-1.848,-4.602,30.46,SENSING
34780.0,-4778.289,2142.513,4832.624,-5.565,-1.848,-4.602,30.46,LISTENING
34780.0,-4778.289,2142.513,4832.624,-5.565,-1.848,-4.602,30.46,SENSING
34780.0,-4778.289,2142.513,4832.624,-5.565,-1.848,-4.602,30.46,LISTENING
34780.0,-4778.289,2142.513,4832.624,-5.565,-1.848,-4.602,30.46,SENSING
34780.0,-4778.289,2142.513,4832.624,-5.565,-1.848,-4.602,30.46,LISTENING
34780.0,-4778.289,2142.513,4832.624,-5.565,-1.848,-4.602,30.46,SENSING
34780.0,-4778.289,2142.513,4832.624,-5.565,-1.848,-4.602,30.46,LISTENING
34780.0,-4778.289,2142.513,4832.624,-5.565,-1.848,-4.602,30.46,SENSING
34780.0,-4778.289,2142.513,4832.624,-5.565,-1.848,-4.602,30.46,LISTENING
34780.0,-4778.289,2142.513,4832.624,-5.565,-1.848,-4.602,30.46,SENSING
34780.0,-4778.289,2142.513,4832.624,-5.565,-1.848,-4.602,30.46,LISTENING
34790.29,-4835.231,2123.41,4785.015,-5.51,-1.872,-4.656,30.46,SENSING
34790.29,-4835.231,2123.41,4785.015,-5.51,-1.872,-4.656,30.46,MANEUVERING
34790.29,-4835.231,2123.41,4785.015,-5.51,-1.872,-4.656,30.46,LISTENING
34830.0,-5049.637,2047.396,4596.109,-5.294,-1.963,-4.861,-9.25,MANEUVERING
34830.0,-5049.637,2047.396,4596.109,-5.294,-1.963,-4.861,-9.25,SENSING
34830.0,-5049.637,2047.396,4596.109,-5.294,-1.963,-4.861,-9.25,MEASURING
34830.0,-5049.637,2047.396,4596.109,-5.294,-1.963,-4.861,-9.25,SENSING
34830.0,-5049.637,2047.396,4596.109,-5.294,-1.963,-4.861,-9.25,LISTENING
34839.38,-5099.018,2028.919,4550.312,-5.242,-1.984,-4.909,-9.25,SENSING
34839.38,-5099.018,2028.919,4550.312,-5.242,-1.984,-4.909,-9.25,LISTENING
34843.81,-5122.169,2020.125,4528.529,-5.217,-1.994,-4.931,-9.25,SENSING
34843.81,-5122.169,2020.125,4528.529,-5.217,-1.994,-4.931,-9.25,MANEUVERING
34843.81,-5122.169,2020.125,4528.529,-5.217,-1.994,-4.931,-9.25,LISTENING
34850.0,-5154.332,2007.763,4497.929,-5.182,-2.008,-4.961,-15.44,MANEUVERING
34850.0,-5154.332,2007.763,4497.929,-5.182,-2.008,-4.961,-15.44,SENSING
34850.0,-5154.332,2007.763,4497.929,-5.182,-2.008,-4.961,-15.44,MEASURING
34850.0,-5154.332,2007.763,4497.929,-5.182,-2.008,-4.961,-15.44,SENSING
34850.0,-5154.332,2007.763,4497.929,-5.182,-2.008,-4.961,-15.44,LISTENING
34857.45,-5192.755,1992.774,4460.849,-5.14,-2.024,-4.998,-15.44,SENSING
34857.45,-5192.755,1992.774,4460.849,-5.14,-2.024,-4.998,-15.44,LISTENING
34870.0,-5256.763,1967.25,4397.772,-5.068,-2.051,-5.059,-15.44,SENSING
34870.0,-5256.763,1967.25,4397.772,-5.068,-2.051,-5.059,-15.44,MEASURING
34870.0,-5256.763,1967.25,4397.772,-5.068,-2.051,-5.059,-15.44,SENSING
34870.0,-5256.763,1967.25,4397.772,-5.068,-2.051,-5.059,-15.44,LISTENING
34877.02,-5292.171,1952.825,4362.157,-5.027,-2.066,-5.093,-15.44,SENSING
34877.02,-5292.171,1952.825,4362.157,-5.027,-2.066,-5.093,-15.44,LISTENING
34880.0,-5307.115,1946.669,4346.966,-5.01,-2.073,-5.107,-15.44,SENSING
34880.0,-5307.115,1946.669,4346.966,-5.01,-2.073,-5.107,-15.44,LISTENING
34883.7,-5325.598,1939.0,4328.047,-4.988,-2.081,-5.125,-15.44,SENSING
34883.7,-5325.598,1939.0,4328.047,-4.988,-2.081,-5.125,-15.44,MANEUVERING
34883.7,-5325.598,1939.0,4328.047,-4.988,-2.081,-5.125,-15.44,LISTENING
34890.0,-5356.885,1925.875,4295.683,-4.951,-2.094,-5.155,-9.14,MANEUVERING
34890.0,-5356.885,1925.875,4295.683,-4.951,-2.094,-5.155,-9.14,SENSING
34890.0,-5356.885,1925.875,4295.683,-4.951,-2.094,-5.155,-9.14,MEASURING
34890.0,-5356.885,1925.875,4295.683,-4.951,-2.094,-5.155,-9.14,SENSING
34890.0,-5356.885,1925.875,4295.683,-4.951,-2.094,-5.155,-9.14,LISTENING
34899.47,-5403.476,1905.988,4246.683,-4.895,-2.114,-5.199,-9.14,SENSING
34899.47,-5403.476,1905.988,4246.683,-4.895,-2.114,-5.199,-9.14,LISTENING
34900.0,-5406.067,1904.87,4243.928,-4.892,-2.115,-5.202,-9.14,SENSING
34900.0,-5406.067,1904.87,4243.928,-4.892,-2.115,-5.202,-9.14,MEASURING
34900.0,-5406.067,1904.87,4243.928,-4.892,-2.115,-5.202,-9.14,SENSING
34900.0,-5406.067,1904.87,4243.928,-4.892,-2.115,-5.202,-9.14,LISTENING
34906.62,-5438.3,1890.849,4209.41,-4.853,-2.129,-5.232,-9.14,SENSING
34906.62,-5438.3,1890.849,4209.41,-4.853,-2.129,-5.232,-9.14,MANEUVERING
34906.62,-5438.3,1890.849,4209.41,-4.853,-2.129,-5.232,-9.14,LISTENING
34910.0,-5454.656,1883.656,4191.708,-4.833,-2.136,-5.248,-5.76,MANEUVERING
34910.0,-5454.656,1883.656,4191.708,-4.833,-2.136,-5.248,-5.76,SENSING
34910.0,-5454.656,1883.656,4191.708,-4.833,-2.136,-5.248,-5.76,MANEUVERING
34910.0,-5454.656,1883.656,4191.708,-4.833,-2.136,-5.248,-5.76,LISTENING
34920.0,-5502.647,1862.236,4139.027,-4.772,-2.156,-5.294,4.24,MANEUVERING
34920.0,-5502.647,1862.236,4139.027,-4.772,-2.156,-5.294,4.24,SENSING
34920.0,-5502.647,1862.236,4139.027,-4.772,-2.156,-5.294,4.24,MEASURING
34920.0,-5502.647,1862.236,4139.027,-4.772,-2.156,-5.294,4.24,SENSING
34920.0,-5502.647,1862.236,4139.027,-4.772,-2.156,-5.294,4.24,LISTENING
34930.66,-5553.14,1839.178,4082.37,-4.708,-2.178,-5.342,4.24,SENSING
34930.66,-5553.14,1839.178,4082.37,-4.708,-2.178,-5.342,4.24,LISTENING
34930.95,-5554.504,1838.547,4080.821,-4.706,-2.179,-5.343,4.24,SENSING
34930.95,-5554.504,1838.547,4080.821,-4.706,-2.179,-5.343,4.24,MANEUVERING
34930.95,-5554.504,1838.547,4080.821,-4.706,-2.179,-5.343,4.24,LISTENING
34940.0,-5596.812,1818.787,4032.309,-4.651,-2.197,-5.383,-4.81,MANEUVERING
34940.0,-5596.812,1818.787,4032.309,-4.651,-2.197,-5.383,-4.81,SENSING
34940.0,-5596.812,1818.787,4032.309,-4.651,-2.197,-5.383,-4.81,MEASURING
34940.0,-5596.812,1818.787,4032.309,-4.651,-2.197,-5.383,-4.81,SENSING
34940.0,-5596.812,1818.787,4032.309,-4.651,-2.197,-5.383,-4.81,LISTENING
34950.0,-5642.977,1796.763,3978.284,-4.589,-2.217,-5.427,-4.81,SENSING
34950.0,-5642.977,1796.763,3978.284,-4.589,-2.217,-5.427,-4.81,MEASURING
34950.0,-5642.977,1796.763,3978.284,-4.589,-2.217,-5.427,-4.81,SENSING
34950.0,-5642.977,1796.763,3978.284,-4.589,-2.217,-5.427,-4.81,LISTENING
34962.64,-5700.444,1768.644,3909.373,-4.51,-2.241,-5.482,-4.81,SENSING
34962.64,-5700.444,1768.644,3909.373,-4.51,-2.241,-5.482,-4.81,MANEUVERING
34962.64,-5700.444,1768.644,3909.373,-4.51,-2.241,-5.482,-4.81,LISTENING
34970.0,-5733.446,1752.128,3868.931,-4.464,-2.255,-5.513,2.55,MANEUVERING
34970.0,-5733.446,1752.128,3868.931,-4.464,-2.255,-5.513,2.55,SENSING
34970.0,-5733.446,1752.128,3868.931,-4.464,-2.255,-5.513,2.55,MEASURING
34970.0,-5733.446,1752.128,3868.931,-4.464,-2.255,-5.513,2.55,SENSING
34970.0,-5733.446,1752.128,3868.931,-4.464,-2.255,-5.513,2.55,LISTENING
35026.51,-5975.363,1621.936,3550.949,-4.102,-2.36,-5.743,2.55,SENSING
35026.51,-5975.363,1621.936,3550.949,-4.102,-2.36,-5.743,2.55,MANEUVERING
35026.51,-5975.363,1621.936,3550.949,-4.102,-2.36,-5.743,2.55,LISTENING
35030.0,-5989.627,1613.705,3530.891,-4.079,-2.366,-5.757,-0.94,MANEUVERING
35030.0,-5989.627,1613.705,3530.891,-4.079,-2.366,-5.757,-0.94,SENSING
35030.0,-5989.627,1613.705,3530.891,-4.079,-2.366,-5.757,-0.94,MEASURING
35030.0,-5989.627,1613.705,3530.891,-4.079,-2.366,-5.757,-0.94,SENSING
35030.0,-5989.627,1613.705,3530.891,-4.079,-2.366,-5.757,-0.94,LISTENING
35036.81,-6017.23,1597.583,3491.619,-4.034,-2.378,-5.783,-0.94,SENSING
35036.81,-6017.23,1597.583,3491.619,-4.034,-2.378,-5.783,-0.94,MANEUVERING
35036.81,-6017.23,1597.583,3491.619,-4.034,-2.378,-5.783,-0.94,LISTENING
35040.0,-6030.055,1590.003,3473.162,-4.013,-2.383,-5.795,-4.13,MANEUVERING
35040.0,-6030.055,1590.003,3473.162,-4.013,-2.383,-5.795,-4.13,SENSING
35040.0,-6030.055,1590.003,3473.162,-4.013,-2.383,-5.795,-4.13,MEASURING
35040.0,-6030.055,1590.003,3473.162,-4.013,-2.383,-5.795,-4.13,SENSING
35040.0,-6030.055,1590.003,3473.162,-4.013,-2.383,-5.795,-4.13,LISTENING
35050.0,-6069.823,1566.127,3415.052,-3.947,-2.401,-5.833,-4.13,SENSING
35050.0,-6069.823,1566.127,3415.052,-3.947,-2.401,-5.833,-4.13,MEASURING
35050.0,-6069.823,1566.127,3415.052,-3.947,-2.401,-5.833,-4.13,SENSING
35050.0,-6069.823,1566.127,3415.052,-3.947,-2.401,-5.833,-4.13,LISTENING
35060.0,-6108.928,1542.08,3356.568,-3.88,-2.418,-5.87,-4.13,SENSING
35060.0,-6108.928,1542.08,3356.568,-3.88,-2.418,-5.87,-4.13,MEASURING
35060.0,-6108.928,1542.08,3356.568,-3.88,-2.418,-5.87,-4.13,SENSING
35060.0,-6108.928,1542.08,3356.568,-3.88,-2.418,-5.87,-4.13,LISTENING
35070.0,-6147.363,1517.865,3297.716,-3.813,-2.434,-5.906,-4.13,SENSING
35070.0,-6147.363,1517.865,3297.716,-3.813,-2.434,-5.906,-4.13,MEASURING
35070.0,-6147.363,1517.865,3297.716,-3.813,-2.434,-5.906,-4.13,SENSING
35070.0,-6147.363,1517.865,3297.716,-3.813,-2.434,-5.906,-4.13,LISTENING
35073.85,-6161.982,1508.497,3274.962,-3.787,-2.441,-5.92,-4.13,SENSING
35073.85,-6161.982,1508.497,3274.962,-3.787,-2.441,-5.92,-4.13,LISTENING
35080.0,-6185.127,1493.484,3238.504,-3.745,-2.451,-5.942,-4.13,SENSING
35080.0,-6185.127,1493.484,3238.504,-3.745,-2.451,-5.942,-4.13,LISTENING
35086.3,-6208.571,1478.04,3201.018,-3.703,-2.461,-5.964,-4.13,SENSING
35086.3,-6208.571,1478.04,3201.018,-3.703,-2.461,-5.964,-4.13,LISTENING
35096.84,-6247.19,1452.059,3137.993,-3.631,-2.478,-6.001,-4.13,SENSING
35096.84,-6247.19,1452.059,3137.993,-3.631,-2.478,-6.001,-4.13,MANEUVERING
35096.84,-6247.19,1452.059,3137.993,-3.631,-2.478,-6.001,-4.13,LISTENING
35100.0,-6258.62,1444.235,3119.023,-3.609,-2.483,-6.012,-7.29,MANEUVERING
35100.0,-6258.62,1444.235,3119.023,-3.609,-2.483,-6.012,-7.29,SENSING
35100.0,-6258.62,1444.235,3119.023,-3.609,-2.483,-6.012,-7.29,MEASURING
35100.0,-6258.62,1444.235,3119.023,-3.609,-2.483,-6.012,-7.29,SENSING
35100.0,-6258.62,1444.235,3119.023,-3.609,-2.483,-6.012,-7.29,LISTENING
35110.0,-6294.342,1419.373,3058.768,-3.54,-2.499,-6.046,-7.29,SENSING
35110.0,-6294.342,1419.373,3058.768,-3.54,-2.499,-6.046,-7.29,LISTENING
35116.24,-6316.285,1403.781,3020.999,-3.497,-2.508,-6.066,-7.29,SENSING
35116.24,-6316.285,1403.781,3020.999,-3.497,-2.508,-6.066,-7.29,MANEUVERING
35116.24,-6316.285,1403.781,3020.999,-3.497,-2.508,-6.066,-7.29,LISTENING
35120.0,-6329.377,1394.357,2998.178,-3.471,-2.514,-6.079,-3.53,MANEUVERING
35120.0,-6329.377,1394.357,2998.178,-3.471,-2.514,-6.079,-3.53,SENSING
35120.0,-6329.377,1394.357,2998.178,-3.471,-2.514,-6.079,-3.53,MANEUVERING
35120.0,-6329.377,1394.357,2998.178,-3.471,-2.514,-6.079,-3.53,LISTENING
35124.95,-6346.463,1381.917,2968.064,-3.437,-2.522,-6.095,1.42,MANEUVERING
35124.95,-6346.463,1381.917,2968.064,-3.437,-2.522,-6.095,1.42,SENSING
35124.95,-6346.463,1381.917,2968.064,-3.437,-2.522,-6.095,1.42,MANEUVERING
35124.95,-6346.463,1381.917,2968.064,-3.437,-2.522,-6.095,1.42,LISTENING
35130.0,-6363.719,1369.188,2937.26,-3.402,-2.529,-6.111,6.47,MANEUVERING
35130.0,-6363.719,1369.188,2937.26,-3.402,-2.529,-6.111,6.47,SENSING
35130.0,-6363.719,1369.188,2937.26,-3.402,-2.529,-6.111,6.47,MEASURING
35130.0,-6363.719,1369.188,2937.26,-3.402,-2.529,-6.111,6.47,SENSING
35130.0,-6363.719,1369.188,2937.26,-3.402,-2.529,-6.111,6.47,LISTENING
35140.0,-6397.366,1343.87,2876.021,-3.332,-2.544,-6.143,6.47,SENSING
35140.0,-6397.366,1343.87,2876.021,-3.332,-2.544,-6.143,6.47,LISTENING
35140.0,-6397.366,1343.87,2876.021,-3.332,-2.544,-6.143,6.47,SENSING
35140.0,-6397.366,1343.87,2876.021,-3.332,-2.544,-6.143,6.47,LISTENING
35149.23,-6427.802,1320.371,2819.219,-3.268,-2.557,-6.172,6.47,SENSING
35149.23,-6427.802,1320.371,2819.219,-3.268,-2.557,-6.172,6.47,MANEUVERING
35149.23,-6427.802,1320.371,2819.219,-3.268,-2.557,-6.172,6.47,LISTENING
35160.0,-6462.559,1292.797,2752.607,-3.192,-2.573,-6.204,-4.3,MANEUVERING
35160.0,-6462.559,1292.797,2752.607,-3.192,-2.573,-6.204,-4.3,SENSING
35160.0,-6462.559,1292.797,2752.607,-3.192,-2.573,-6.204,-4.3,MEASURING
35160.0,-6462.559,1292.797,2752.607,-3.192,-2.573,-6.204,-4.3,SENSING
35160.0,-6462.559,1292.797,2752.607,-3.192,-2.573,-6.204,-4.3,LISTENING
35180.0,-6524.928,1241.16,2627.99,-3.05,-2.6,-6.263,-4.3,SENSING
35180.0,-6524.928,1241.16,2627.99,-3.05,-2.6,-6.263,-4.3,MEASURING
35180.0,-6524.928,1241.16,2627.99,-3.05,-2.6,-6.263,-4.3,SENSING
35180.0,-6524.928,1241.16,2627.99,-3.05,-2.6,-6.263,-4.3,LISTENING
35189.0,-6552.066,1217.745,2571.534,-2.985,-2.613,-6.289,-4.3,SENSING
35189.0,-6552.066,1217.745,2571.534,-2.985,-2.613,-6.289,-4.3,MANEUVERING
35189.0,-6552.066,1217.745,2571.534,-2.985,-2.613,-6.289,-4.3,LISTENING
35191.49,-6559.472,1211.248,2555.874,-2.968,-2.616,-6.296,-1.81,MANEUVERING
35191.49,-6559.472,1211.248,2555.874,-2.968,-2.616,-6.296,-1.81,SENSING
35191.49,-6559.472,1211.248,2555.874,-2.968,-2.616,-6.296,-1.81,MANEUVERING
35191.49,-6559.472,1211.248,2555.874,-2.968,-2.616,-6.296,-1.81,LISTENING
35200.0,-6584.447,1188.982,2502.224,-2.906,-2.627,-6.319,6.7,MANEUVERING
35200.0,-6584.447,1188.982,2502.224,-2.906,-2.627,-6.319,6.7,SENSING
35200.0,-6584.447,1188.982,2502.224,-2.906,-2.627,-6.319,6.7,MANEUVERING
35200.0,-6584.447,1188.982,2502.224,-2.906,-2.627,-6.319,6.7,LISTENING
35210.0,-6613.129,1162.697,2438.927,-2.834,-2.64,-6.346,16.7,MANEUVERING
35210.0,-6613.129,1162.697,2438.927,-2.834,-2.64,-6.346,16.7,SENSING
35210.0,-6613.129,1162.697,2438.927,-2.834,-2.64,-6.346,16.7,MANEUVERING
35210.0,-6613.129,1162.697,2438.927,-2.834,-2.64,-6.346,16.7,LISTENING
35220.0,-6641.09,1136.286,2375.365,-2.762,-2.652,-6.373,26.7,MANEUVERING
35220.0,-6641.09,1136.286,2375.365,-2.762,-2.652,-6.373,26.7,SENSING
35220.0,-6641.09,1136.286,2375.365,-2.762,-2.652,-6.373,26.7,MEASURING
35220.0,-6641.09,1136.286,2375.365,-2.762,-2.652,-6.373,26.7,SENSING
35220.0,-6641.09,1136.286,2375.365,-2.762,-2.652,-6.373,26.7,LISTENING
35238.25,-6690.247,1087.768,2258.699,-2.629,-2.675,-6.419,26.7,SENSING
35238.25,-6690.247,1087.768,2258.699,-2.629,-2.675,-6.419,26.7,LISTENING
35256.29,-6736.448,1039.42,2142.568,-2.497,-2.695,-6.462,26.7,SENSING
35256.29,-6736.448,1039.42,2142.568,-2.497,-2.695,-6.462,26.7,MANEUVERING
35256.29,-6736.448,1039.42,2142.568,-2.497,-2.695,-6.462,26.7,LISTENING
35260.0,-6745.654,1029.431,2118.589,-2.469,-2.7,-6.471,30.41,MANEUVERING
35260.0,-6745.654,1029.431,2118.589,-2.469,-2.7,-6.471,30.41,SENSING
35260.0,-6745.654,1029.431,2118.589,-2.469,-2.7,-6.471,30.41,MEASURING
35260.0,-6745.654,1029.431,2118.589,-2.469,-2.7,-6.471,30.41,SENSING
35260.0,-6745.654,1029.431,2118.589,-2.469,-2.7,-6.471,30.41,LISTENING
35266.05,-6760.448,1013.109,2079.419,-2.425,-2.706,-6.485,30.41,SENSING
35266.05,-6760.448,1013.109,2079.419,-2.425,-2.706,-6.485,30.41,LISTENING
35270.0,-6769.961,1002.43,2053.8,-2.396,-2.711,-6.494,30.41,SENSING
35270.0,-6769.961,1002.43,2053.8,-2.396,-2.711,-6.494,30.41,MEASURING
35270.0,-6769.961,1002.43,2053.8,-2.396,-2.711,-6.494,30.41,SENSING
35270.0,-6769.961,1002.43,2053.8,-2.396,-2.711,-6.494,30.41,LISTENING
35280.86,-6795.522,972.983,1983.185,-2.315,-2.722,-6.518,30.41,SENSING
35280.86,-6795.522,972.983,1983.185,-2.315,-2.722,-6.518,30.41,LISTENING
35288.65,-6813.319,951.783,1932.374,-2.257,-2.731,-6.534,30.41,SENSING
35288.65,-6813.319,951.783,1932.374,-2.257,-2.731,-6.534,30.41,LISTENING
35300.0,-6838.442,920.783,1858.114,-2.173,-2.742,-6.558,30.41,SENSING
35300.0,-6838.442,920.783,1858.114,-2.173,-2.742,-6.558,30.41,LISTENING
35314.22,-6868.561,881.763,1764.71,-2.066,-2.756,-6.586,30.41,SENSING
35314.22,-6868.561,881.763,1764.71,-2.066,-2.756,-6.586,30.41,LISTENING
35320.0,-6880.37,865.846,1726.632,-2.023,-2.762,-6.597,30.41,SENSING
35320.0,-6880.37,865.846,1726.632,-2.023,-2.762,-6.597,30.41,LISTENING
35320.0,-6880.37,865.846,1726.632,-2.023,-2.762,-6.597,30.41,SENSING
35320.0,-6880.37,865.846,1726.632,-2.023,-2.762,-6.597,30.41,LISTENING
35330.0,-6900.21,838.235,1660.604,-1.948,-2.771,-6.615,30.41,SENSING
35330.0,-6900.21,838.235,1660.604,-1.948,-2.771,-6.615,30.41,LISTENING
35333.02,-6906.054,829.878,1640.628,-1.925,-2.774,-6.621,30.41,SENSING
35333.02,-6906.054,829.878,1640.628,-1.925,-2.774,-6.621,30.41,MANEUVERING
35333.02,-6906.054,829.878,1640.628,-1.925,-2.774,-6.621,30.41,LISTENING
35334.25,-6908.414,826.472,1632.488,-1.916,-2.775,-6.623,29.18,MANEUVERING
35334.25,-6908.414,826.472,1632.488,-1.916,-2.775,-6.623,29.18,SENSING
35334.25,-6908.414,826.472,1632.488,-1.916,-2.775,-6.623,29.18,MANEUVERING
35334.25,-6908.414,826.472,1632.488,-1.916,-2.775,-6.623,29.18,LISTENING
35340.0,-6919.297,810.532,1594.396,-1.872,-2.78,-6.633,23.43,MANEUVERING
35340.0,-6919.297,810.532,1594.396,-1.872,-2.78,-6.633,23.43,SENSING
35340.0,-6919.297,810.532,1594.396,-1.872,-2.78,-6.633,23.43,MANEUVERING
35340.0,-6919.297,810.532,1594.396,-1.872,-2.78,-6.633,23.43,LISTENING
35350.0,-6937.63,782.741,1528.013,-1.797,-2.789,-6.65,13.43,MANEUVERING
35350.0,-6937.63,782.741,1528.013,-1.797,-2.789,-6.65,13.43,SENSING
35350.0,-6937.63,782.741,1528.013,-1.797,-2.789,-6.65,13.43,MANEUVERING
35350.0,-6937.63,782.741,1528.013,-1.797,-2.789,-6.65,13.43,LISTENING
35350.0,-6937.63,782.741,1528.013,-1.797,-2.789,-6.65,13.43,MANEUVERING
35350.0,-6937.63,782.741,1528.013,-1.797,-2.789,-6.65,13.43,SENSING
35350.0,-6937.63,782.741,1528.013,-1.797,-2.789,-6.65,13.43,MANEUVERING
35350.0,-6937.63,782.741,1528.013,-1.797,-2.789,-6.65,13.43,LISTENING
35360.0,-6955.206,754.865,1461.464,-1.721,-2.797,-6.666,3.43,MANEUVERING
35360.0,-6955.206,754.865,1461.464,-1.721,-2.797,-6.666,3.43,SENSING
35360.0,-6955.206,754.865,1461.464,-1.721,-2.797,-6.666,3.43,MANEUVERING
35360.0,-6955.206,754.865,1461.464,-1.721,-2.797,-6.666,3.43,LISTENING
35363.93,-6961.906,743.887,1435.266,-1.691,-2.8,-6.673,-0.5,MANEUVERING
35363.93,-6961.906,743.887,1435.266,-1.691,-2.8,-6.673,-0.5,SENSING
35363.93,-6961.906,743.887,1435.266,-1.691,-2.8,-6.673,-0.5,MANEUVERING
35363.93,-6961.906,743.887,1435.266,-1.691,-2.8,-6.673,-0.5,LISTENING
35367.46,-6967.824,734.016,1411.714,-1.664,-2.803,-6.678,-4.03,MANEUVERING
35367.46,-6967.824,734.016,1411.714,-1.664,-2.803,-6.678,-4.03,SENSING
35367.46,-6967.824,734.016,1411.714,-1.664,-2.803,-6.678,-4.03,MANEUVERING
35367.46,-6967.824,734.016,1411.714,-1.664,-2.803,-6.678,-4.03,LISTENING
35370.0,-6972.024,726.907,1394.756,-1.645,-2.805,-6.682,-6.57,MANEUVERING
35370.0,-6972.024,726.907,1394.756,-1.645,-2.805,-6.682,-6.57,SENSING
35370.0,-6972.024,726.907,1394.756,-1.645,-2.805,-6.682,-6.57,MEASURING
35370.0,-6972.024,726.907,1394.756,-1.645,-2.805,-6.682,-6.57,SENSING
35370.0,-6972.024,726.907,1394.756,-1.645,-2.805,-6.682,-6.57,LISTENING
35375.97,-6981.703,710.177,1354.857,-1.6,-2.81,-6.691,-6.57,SENSING
35375.97,-6981.703,710.177,1354.857,-1.6,-2.81,-6.691,-6.57,MANEUVERING
35375.97,-6981.703,710.177,1354.857,-1.6,-2.81,-6.691,-6.57,LISTENING
35380.0,-6988.082,698.869,1327.895,-1.569,-2.813,-6.697,-10.6,MANEUVERING
35380.0,-6988.082,698.869,1327.895,-1.569,-2.813,-6.697,-10.6,SENSING
35380.0,-6988.082,698.869,1327.895,-1.569,-2.813,-6.697,-10.6,MEASURING
35380.0,-6988.082,698.869,1327.895,-1.569,-2.813,-6.697,-10.6,SENSING
35380.0,-6988.082,698.869,1327.895,-1.569,-2.813,-6.697,-10.6,LISTENING
35390.0,-7003.378,670.756,1260.889,-1.493,-2.82,-6.711,-10.6,SENSING
35390.0,-7003.378,670.756,1260.889,-1.493,-2.82,-6.711,-10.6,MEASURING
35390.0,-7003.378,670.756,1260.889,-1.493,-2.82,-6.711,-10.6,SENSING
35390.0,-7003.378,670.756,1260.889,-1.493,-2.82,-6.711,-10.6,LISTENING
35397.17,-7013.876,650.553,1212.761,-1.438,-2.825,-6.721,-10.6,SENSING
35397.17,-7013.876,650.553,1212.761,-1.438,-2.825,-6.721,-10.6,MANEUVERING
35397.17,-7013.876,650.553,1212.761,-1.438,-2.825,-6.721,-10.6,LISTENING
35400.0,-7017.911,642.569,1193.746,-1.416,-2.827,-6.724,-13.43,MANEUVERING
35400.0,-7017.911,642.569,1193.746,-1.416,-2.827,-6.724,-13.43,SENSING
35400.0,-7017.911,642.569,1193.746,-1.416,-2.827,-6.724,-13.43,MEASURING
35400.0,-7017.911,642.569,1193.746,-1.416,-2.827,-6.724,-13.43,SENSING
35400.0,-7017.911,642.569,1193.746,-1.416,-2.827,-6.724,-13.43,LISTENING
35407.28,-7028.01,622.005,1144.784,-1.36,-2.832,-6.734,-13.43,SENSING
35407.28,-7028.01,622.005,1144.784,-1.36,-2.832,-6.734,-13.43,MANEUVERING
35407.28,-7028.01,622.005,1144.784,-1.36,-2.832,-6.734,-13.43,LISTENING
35410.0,-7031.679,614.313,1126.473,-1.34,-2.834,-6.737,-10.71,MANEUVERING
35410.0,-7031.679,614.313,1126.473,-1.34,-2.834,-6.737,-10.71,SENSING
35410.0,-7031.679,614.313,1126.473,-1.34,-2.834,-6.737,-10.71,MEASURING
35410.0,-7031.679,614.313,1126.473,-1.34,-2.834,-6.737,-10.71,SENSING
35410.0,-7031.679,614.313,1126.473,-1.34,-2.834,-6.737,-10.71,LISTENING
35426.2,-7052.356,568.397,1017.233,-1.215,-2.845,-6.756,-10.71,SENSING
35426.2,-7052.356,568.397,1017.233,-1.215,-2.845,-6.756,-10.71,LISTENING
35428.23,-7054.805,562.632,1003.523,-1.199,-2.846,-6.758,-10.71,SENSING
35428.23,-7054.805,562.632,1003.523,-1.199,-2.846,-6.758,-10.71,MANEUVERING
35428.23,-7054.805,562.632,1003.523,-1.199,-2.846,-6.758,-10.71,LISTENING
35440.0,-7068.379,529.155,923.946,-1.109,-2.853,-6.771,-22.48,MANEUVERING
35440.0,-7068.379,529.155,923.946,-1.109,-2.853,-6.771,-22.48,SENSING
35440.0,-7068.379,529.155,923.946,-1.109,-2.853,-6.771,-22.48,MEASURING
35440.0,-7068.379,529.155,923.946,-1.109,-2.853,-6.771,-22.48,SENSING
35440.0,-7068.379,529.155,923.946,-1.109,-2.853,-6.771,-22.48,LISTENING
35456.32,-7085.434,482.607,813.377,-0.983,-2.862,-6.786,-22.48,SENSING
35456.32,-7085.434,482.607,813.377,-0.983,-2.862,-6.786,-22.48,MANEUVERING
35456.32,-7085.434,482.607,813.377,-0.983,-2.862,-6.786,-22.48,LISTENING
35460.0,-7088.996,472.091,788.412,-0.954,-2.864,-6.789,-18.8,MANEUVERING
35460.0,-7088.996,472.091,788.412,-0.954,-2.864,-6.789,-18.8,SENSING
35460.0,-7088.996,472.091,788.412,-0.954,-2.864,-6.789,-18.8,MANEUVERING
35460.0,-7088.996,472.091,788.412,-0.954,-2.864,-6.789,-18.8,LISTENING
35470.0,-7098.146,443.48,720.512,-0.877,-2.869,-6.798,-8.8,MANEUVERING
35470.0,-7098.146,443.48,720.512,-0.877,-2.869,-6.798,-8.8,SENSING
35470.0,-7098.146,443.48,720.512,-0.877,-2.869,-6.798,-8.8,MEASURING
35470.0,-7098.146,443.48,720.512,-0.877,-2.869,-6.798,-8.8,SENSING
35470.0,-7098.146,443.48,720.512,-0.877,-2.869,-6.798,-8.8,LISTENING
35477.27,-7104.313,422.649,671.099,-0.821,-2.872,-6.803,-8.8,SENSING
35477.27,-7104.313,422.649,671.099,-0.821,-2.872,-6.803,-8.8,MANEUVERING
35477.27,-7104.313,422.649,671.099,-0.821,-2.872,-6.803,-8.8,LISTENING
35500.0,-7120.953,357.37,516.372,-0.644,-2.882,-6.818,-31.53,MANEUVERING
35500.0,-7120.953,357.37,516.372,-0.644,-2.882,-6.818,-31.53,SENSING
35500.0,-7120.953,357.37,516.372,-0.644,-2.882,-6.818,-31.53,MEASURING
35500.0,-7120.953,357.37,516.372,-0.644,-2.882,-6.818,-31.53,SENSING
35500.0,-7120.953,357.37,516.372,-0.644,-2.882,-6.818,-31.53,LISTENING
35517.83,-7131.201,306.021,394.791,-0.506,-2.888,-6.827,-31.53,SENSING
35517.83,-7131.201,306.021,394.791,-0.506,-2.888,-6.827,-31.53,LISTENING
35550.0,-7143.441,213.118,175.111,-0.256,-2.898,-6.837,-31.53,SENSING
35550.0,-7143.441,213.118,175.111,-0.256,-2.898,-6.837,-31.53,LISTENING
35550.0,-7143.441,213.118,175.111,-0.256,-2.898,-6.837,-31.53,SENSING
35550.0,-7143.441,213.118,175.111,-0.256,-2.898,-6.837,-31.53,MESSAGING
35550.0,-7143.441,213.118,175.111,-0.256,-2.898,-6.837,-31.53,SENSING
35550.0,-7143.441,213.118,175.111,-0.256,-2.898,-6.837,-31.53,LISTENING
35550.0,-7143.441,213.118,175.111,-0.256,-2.898,-6.837,-31.53,SENSING
35550.0,-7143.441,213.118,175.111,-0.256,-2.898,-6.837,-31.53,LISTENING
35550.0,-7143.441,213.118,175.111,-0.256,-2.898,-6.837,-31.53,SENSING
35550.0,-7143.441,213.118,175.111,-0.256,-2.898,-6.837,-31.53,LISTENING
35550.0,-7143.441,213.118,175.111,-0.256,-2.898,-6.837,-31.53,SENSING
35550.0,-7143.441,213.118,175.111,-0.256,-2.898,-6.837,-31.53,LISTENING
35550.0,-7143.441,213.118,175.111,-0.256,-2.898,-6.837,-31.53,SENSING
35550.0,-7143.441,213.118,175.111,-0.256,-2.898,-6.837,-31.53,MESSAGING
35550.0,-7143.441,213.118,175.111,-0.256,-2.898,-6.837,-31.53,SENSING
35550.0,-7143.441,213.118,175.111,-0.256,-2.898,-6.837,-31.53,LISTENING
35550.0,-7143.441,213.118,175.111,-0.256,-2.898,-6.837,-31.53,SENSING
35550.0,-7143.441,213.118,175.111,-0.256,-2.898,-6.837,-31.53,LISTENING
35550.0,-7143.441,213.118,175.111,-0.256,-2.898,-6.837,-31.53,SENSING
35550.0,-7143.441,213.118,175.111,-0.256,-2.898,-6.837,-31.53,LISTENING
35550.0,-7143.441,213.118,175.111,-0.256,-2.898,-6.837,-31.53,SENSING
35550.0,-7143.441,213.118,175.111,-0.256,-2.898,-6.837,-31.53,LISTENING
35560.15,-7145.632,183.751,105.747,-0.177,-2.9,-6.838,-31.53,SENSING
35560.15,-7145.632,183.751,105.747,-0.177,-2.9,-6.838,-31.53,LISTENING
35570.0,-7146.991,155.232,38.421,-0.1,-2.902,-6.839,-31.53,SENSING
35570.0,-7146.991,155.232,38.421,-0.1,-2.902,-6.839,-31.53,LISTENING
35581.18,-7147.619,122.843,-38.0,-0.013,-2.903,-6.839,-31.53,SENSING
35581.18,-7147.619,122.843,-38.0,-0.013,-2.903,-6.839,-31.53,MANEUVERING
35581.18,-7147.619,122.843,-38.0,-0.013,-2.903,-6.839,-31.53,LISTENING
35585.21,-7147.606,111.164,-65.546,0.019,-2.904,-6.839,-27.5,MANEUVERING
35585.21,-7147.606,111.164,-65.546,0.019,-2.904,-6.839,-27.5,SENSING
35585.21,-7147.606,111.164,-65.546,0.019,-2.904,-6.839,-27.5,MANEUVERING
35585.21,-7147.606,111.164,-65.546,0.019,-2.904,-6.839,-27.5,LISTENING
35600.0,-7146.476,68.285,-166.627,0.134,-2.905,-6.837,-12.71,MANEUVERING
35600.0,-7146.476,68.285,-166.627,0.134,-2.905,-6.837,-12.71,SENSING
35600.0,-7146.476,68.285,-166.627,0.134,-2.905,-6.837,-12.71,MANEUVERING
35600.0,-7146.476,68.285,-166.627,0.134,-2.905,-6.837,-12.71,LISTENING
35622.81,-7141.396,2.127,-322.433,0.312,-2.906,-6.831,10.1,MANEUVERING
35622.81,-7141.396,2.127,-322.433,0.312,-2.906,-6.831,10.1,SENSING
35622.81,-7141.396,2.127,-322.433,0.312,-2.906,-6.831,10.1,MANEUVERING
35622.81,-7141.396,2.127,-322.433,0.312,-2.906,-6.831,10.1,LISTENING
35630.0,-7138.955,-18.728,-371.511,0.368,-2.906,-6.828,17.29,MANEUVERING
35630.0,-7138.955,-18.728,-371.511,0.368,-2.906,-6.828,17.29,SENSING
35630.0,-7138.955,-18.728,-371.511,0.368,-2.906,-6.828,17.29,MEASURING
35630.0,-7138.955,-18.728,-371.511,0.368,-2.906,-6.828,17.29,SENSING
35630.0,-7138.955,-18.728,-371.511,0.368,-2.906,-6.828,17.29,MESSAGING
35630.0,-7138.955,-18.728,-371.511,0.368,-2.906,-6.828,17.29,MESSAGING
35630.0,-7138.955,-18.728,-371.511,0.368,-2.906,-6.828,17.29,SENSING
35630.0,-7138.955,-18.728,-371.511,0.368,-2.906,-6.828,17.29,LISTENING
35630.0,-7138.955,-18.728,-371.511,0.368,-2.906,-6.828,17.29,SENSING
35630.0,-7138.955,-18.728,-371.511,0.368,-2.906,-6.828,17.29,LISTENING
35630.0,-7138.955,-18.728,-371.511,0.368,-2.906,-6.828,17.29,SENSING
35630.0,-7138.955,-18.728,-371.511,0.368,-2.906,-6.828,17.29,LISTENING
35630.0,-7138.955,-18.728,-371.511,0.368,-2.906,-6.828,17.29,SENSING
35630.0,-7138.955,-18.728,-371.511,0.368,-2.906,-6.828,17.29,LISTENING
35630.0,-7138.955,-18.728,-371.511,0.368,-2.906,-6.828,17.29,SENSING
35630.0,-7138.955,-18.728,-371.511,0.368,-2.906,-6.828,17.29,LISTENING
35630.0,-7138.955,-18.728,-371.511,0.368,-2.906,-6.828,17.29,SENSING
35630.0,-7138.955,-18.728,-371.511,0.368,-2.906,-6.828,17.29,LISTENING
35630.0,-7138.955,-18.728,-371.511,0.368,-2.906,-6.828,17.29,SENSING
35630.0,-7138.955,-18.728,-371.511,0.368,-2.906,-6.828,17.29,LISTENING
35630.0,-7138.955,-18.728,-371.511,0.368,-2.906,-6.828,17.29,SENSING
35630.0,-7138.955,-18.728,-371.511,0.368,-2.906,-6.828,17.29,LISTENING
35637.41,-7136.019,-40.222,-422.069,0.425,-2.906,-6.825,17.29,SENSING
35637.41,-7136.019,-40.222,-422.069,0.425,-2.906,-6.825,17.29,MANEUVERING
35637.41,-7136.019,-40.222,-422.069,0.425,-2.906,-6.825,17.29,LISTENING
35643.02,-7133.512,-56.492,-460.329,0.469,-2.906,-6.822,22.9,MANEUVERING
35643.02,-7133.512,-56.492,-460.329,0.469,-2.906,-6.822,22.9,SENSING
35643.02,-7133.512,-56.492,-460.329,0.469,-2.906,-6.822,22.9,MANEUVERING
35643.02,-7133.512,-56.492,-460.329,0.469,-2.906,-6.822,22.9,LISTENING
35650.0,-7130.051,-76.733,-507.91,0.523,-2.905,-6.818,29.88,MANEUVERING
35650.0,-7130.051,-76.733,-507.91,0.523,-2.905,-6.818,29.88,SENSING
35650.0,-7130.051,-76.733,-507.91,0.523,-2.905,-6.818,29.88,MEASURING
35650.0,-7130.051,-76.733,-507.91,0.523,-2.905,-6.818,29.88,SENSING
35650.0,-7130.051,-76.733,-507.91,0.523,-2.905,-6.818,29.88,LISTENING
35650.21,-7129.941,-77.342,-509.342,0.525,-2.905,-6.818,29.88,SENSING
35650.21,-7129.941,-77.342,-509.342,0.525,-2.905,-6.818,29.88,LISTENING
35660.0,-7124.433,-105.724,-576.031,0.601,-2.904,-6.813,29.88,SENSING
35660.0,-7124.433,-105.724,-576.031,0.601,-2.904,-6.813,29.88,MEASURING
35660.0,-7124.433,-105.724,-576.031,0.601,-2.904,-6.813,29.88,SENSING
35660.0,-7124.433,-105.724,-576.031,0.601,-2.904,-6.813,29.88,LISTENING
35669.18,-7118.593,-132.329,-638.51,0.672,-2.903,-6.806,29.88,SENSING
35669.18,-7118.593,-132.329,-638.51,0.672,-2.903,-6.806,29.88,LISTENING
35693.05,-7100.349,-201.442,-800.682,0.857,-2.898,-6.788,29.88,SENSING
35693.05,-7100.349,-201.442,-800.682,0.857,-2.898,-6.788,29.88,LISTENING
35710.0,-7084.716,-250.447,-915.543,0.988,-2.894,-6.772,29.88,SENSING
35710.0,-7084.716,-250.447,-915.543,0.988,-2.894,-6.772,29.88,MEASURING
35710.0,-7084.716,-250.447,-915.543,0.988,-2.894,-6.772,29.88,SENSING
35710.0,-7084.716,-250.447,-915.543,0.988,-2.894,-6.772,29.88,LISTENING
35717.19,-7077.415,-271.211,-964.181,1.044,-2.892,-6.764,29.88,SENSING
35717.19,-7077.415,-271.211,-964.181,1.044,-2.892,-6.764,29.88,LISTENING
35730.0,-7063.418,-308.167,-1050.7,1.143,-2.888,-6.75,29.88,SENSING
35730.0,-7063.418,-308.167,-1050.7,1.143,-2.888,-6.75,29.88,LISTENING
35730.0,-7063.418,-308.167,-1050.7,1.143,-2.888,-6.75,29.88,SENSING
35730.0,-7063.418,-308.167,-1050.7,1.143,-2.888,-6.75,29.88,LISTENING
35735.14,-7057.447,-322.981,-1085.364,1.182,-2.886,-6.744,29.88,SENSING
35735.14,-7057.447,-322.981,-1085.364,1.182,-2.886,-6.744,29.88,LISTENING
35740.0,-7051.614,-336.979,-1118.111,1.22,-2.885,-6.739,29.88,SENSING
35740.0,-7051.614,-336.979,-1118.111,1.22,-2.885,-6.739,29.88,MEASURING
35740.0,-7051.614,-336.979,-1118.111,1.22,-2.885,-6.739,29.88,SENSING
35740.0,-7051.614,-336.979,-1118.111,1.22,-2.885,-6.739,29.88,LISTENING
35740.0,-7051.614,-336.979,-1118.111,1.22,-2.885,-6.739,29.88,SENSING
35740.0,-7051.614,-336.979,-1118.111,1.22,-2.885,-6.739,29.88,MESSAGING
35740.0,-7051.614,-336.979,-1118.111,1.22,-2.885,-6.739,29.88,SENSING
35740.0,-7051.614,-336.979,-1118.111,1.22,-2.885,-6.739,29.88,LISTENING
35740.0,-7051.614,-336.979,-1118.111,1.22,-2.885,-6.739,29.88,SENSING
35740.0,-7051.614,-336.979,-1118.111,1.22,-2.885,-6.739,29.88,LISTENING
35745.95,-7044.226,-354.104,-1158.163,1.265,-2.882,-6.731,29.88,SENSING
35745.95,-7044.226,-354.104,-1158.163,1.265,-2.882,-6.731,29.88,LISTENING
35754.14,-7033.611,-377.655,-1213.22,1.328,-2.879,-6.721,29.88,SENSING
35754.14,-7033.611,-377.655,-1213.22,1.328,-2.879,-6.721,29.88,MANEUVERING
35754.14,-7033.611,-377.655,-1213.22,1.328,-2.879,-6.721,29.88,LISTENING
35760.0,-7025.701,-394.489,-1252.56,1.373,-2.877,-6.713,24.02,MANEUVERING
35760.0,-7025.701,-394.489,-1252.56,1.373,-2.877,-6.713,24.02,SENSING
35760.0,-7025.701,-394.489,-1252.56,1.373,-2.877,-6.713,24.02,MEASURING
35760.0,-7025.701,-394.489,-1252.56,1.373,-2.877,-6.713,24.02,SENSING
35760.0,-7025.701,-394.489,-1252.56,1.373,-2.877,-6.713,24.02,LISTENING
35771.48,-7009.442,-427.424,-1329.49,1.461,-2.872,-6.697,24.02,SENSING
35771.48,-7009.442,-427.424,-1329.49,1.461,-2.872,-6.697,24.02,MANEUVERING
35771.48,-7009.442,-427.424,-1329.49,1.461,-2.872,-6.697,24.02,LISTENING
35800.0,-6964.696,-508.97,-1519.759,1.679,-2.857,-6.652,-4.5,MANEUVERING
35800.0,-6964.696,-508.97,-1519.759,1.679,-2.857,-6.652,-4.5,SENSING
35800.0,-6964.696,-508.97,-1519.759,1.679,-2.857,-6.652,-4.5,MEASURING
35800.0,-6964.696,-508.97,-1519.759,1.679,-2.857,-6.652,-4.5,SENSING
35800.0,-6964.696,-508.97,-1519.759,1.679,-2.857,-6.652,-4.5,MESSAGING
35800.0,-6964.696,-508.97,-1519.759,1.679,-2.857,-6.652,-4.5,MESSAGING
35800.0,-6964.696,-508.97,-1519.759,1.679,-2.857,-6.652,-4.5,SENSING
35800.0,-6964.696,-508.97,-1519.759,1.679,-2.857,-6.652,-4.5,MEASURING
35800.0,-6964.696,-508.97,-1519.759,1.679,-2.857,-6.652,-4.5,MESSAGING
35800.0,-6964.696,-508.97,-1519.759,1.679,-2.857,-6.652,-4.5,SENSING
35800.0,-6964.696,-508.97,-1519.759,1.679,-2.857,-6.652,-4.5,MESSAGING
35800.0,-6964.696,-508.97,-1519.759,1.679,-2.857,-6.652,-4.5,MESSAGING
35800.0,-6964.696,-508.97,-1519.759,1.679,-2.857,-6.652,-4.5,SENSING
35800.0,-6964.696,-508.97,-1519.759,1.679,-2.857,-6.652,-4.5,LISTENING
35800.0,-6964.696,-508.97,-1519.759,1.679,-2.857,-6.652,-4.5,SENSING
35800.0,-6964.696,-508.97,-1519.759,1.679,-2.857,-6.652,-4.5,LISTENING
35800.0,-6964.696,-508.97,-1519.759,1.679,-2.857,-6.652,-4.5,SENSING
35800.0,-6964.696,-508.97,-1519.759,1.679,-2.857,-6.652,-4.5,LISTENING
35800.0,-6964.696,-508.97,-1519.759,1.679,-2.857,-6.652,-4.5,SENSING
35800.0,-6964.696,-508.97,-1519.759,1.679,-2.857,-6.652,-4.5,LISTENING
35800.0,-6964.696,-508.97,-1519.759,1.679,-2.857,-6.652,-4.5,SENSING
35800.0,-6964.696,-508.97,-1519.759,1.679,-2.857,-6.652,-4.5,LISTENING
35800.0,-6964.696,-508.97,-1519.759,1.679,-2.857,-6.652,-4.5,SENSING
35800.0,-6964.696,-508.97,-1519.759,1.679,-2.857,-6.652,-4.5,LISTENING
35810.0,-6947.542,-537.46,-1586.162,1.755,-2.851,-6.635,-4.5,SENSING
35810.0,-6947.542,-537.46,-1586.162,1.755,-2.851,-6.635,-4.5,MEASURING
35810.0,-6947.542,-537.46,-1586.162,1.755,-2.851,-6.635,-4.5,SENSING
35810.0,-6947.542,-537.46,-1586.162,1.755,-2.851,-6.635,-4.5,LISTENING
35835.28,-6900.803,-609.214,-1753.242,1.946,-2.836,-6.589,-4.5,SENSING
35835.28,-6900.803,-609.214,-1753.242,1.946,-2.836,-6.589,-4.5,MANEUVERING
35835.28,-6900.803,-609.214,-1753.242,1.946,-2.836,-6.589,-4.5,LISTENING
35850.0,-6871.37,-650.803,-1849.974,2.056,-2.825,-6.56,10.22,MANEUVERING
35850.0,-6871.37,-650.803,-1849.974,2.056,-2.825,-6.56,10.22,SENSING
35850.0,-6871.37,-650.803,-1849.974,2.056,-2.825,-6.56,10.22,MEASURING
35850.0,-6871.37,-650.803,-1849.974,2.056,-2.825,-6.56,10.22,SENSING
35850.0,-6871.37,-650.803,-1849.974,2.056,-2.825,-6.56,10.22,LISTENING
35857.26,-6856.255,-671.259,-1897.522,2.111,-2.82,-6.545,10.22,SENSING
35857.26,-6856.255,-671.259,-1897.522,2.111,-2.82,-6.545,10.22,MANEUVERING
35857.26,-6856.255,-671.259,-1897.522,2.111,-2.82,-6.545,10.22,LISTENING
35870.0,-6828.778,-707.062,-1980.697,2.206,-2.811,-6.518,-2.52,MANEUVERING
35870.0,-6828.778,-707.062,-1980.697,2.206,-2.811,-6.518,-2.52,SENSING
35870.0,-6828.778,-707.062,-1980.697,2.206,-2.811,-6.518,-2.52,MEASURING
35870.0,-6828.778,-707.062,-1980.697,2.206,-2.811,-6.518,-2.52,SENSING
35870.0,-6828.778,-707.062,-1980.697,2.206,-2.811,-6.518,-2.52,LISTENING
35891.48,-6779.715,-767.141,-2120.129,2.365,-2.793,-6.47,-2.52,SENSING
35891.48,-6779.715,-767.141,-2120.129,2.365,-2.793,-6.47,-2.52,MANEUVERING
35891.48,-6779.715,-767.141,-2120.129,2.365,-2.793,-6.47,-2.52,LISTENING
35910.0,-6734.673,-818.633,-2239.492,2.502,-2.777,-6.426,16.0,MANEUVERING
35910.0,-6734.673,-818.633,-2239.492,2.502,-2.777,-6.426,16.0,SENSING
35910.0,-6734.673,-818.633,-2239.492,2.502,-2.777,-6.426,16.0,MEASURING
35910.0,-6734.673,-818.633,-2239.492,2.502,-2.777,-6.426,16.0,SENSING
35910.0,-6734.673,-818.633,-2239.492,2.502,-2.777,-6.426,16.0,LISTENING
35915.32,-6721.267,-833.369,-2273.627,2.541,-2.773,-6.413,16.0,SENSING
35915.32,-6721.267,-833.369,-2273.627,2.541,-2.773,-6.413,16.0,MANEUVERING
35915.32,-6721.267,-833.369,-2273.627,2.541,-2.773,-6.413,16.0,LISTENING
35936.55,-6665.707,-891.913,-2409.135,2.696,-2.753,-6.359,-5.23,MANEUVERING
35936.55,-6665.707,-891.913,-2409.135,2.696,-2.753,-6.359,-5.23,SENSING
35936.55,-6665.707,-891.913,-2409.135,2.696,-2.753,-6.359,-5.23,MANEUVERING
35936.55,-6665.707,-891.913,-2409.135,2.696,-2.753,-6.359,-5.23,LISTENING
35944.48,-6644.11,-913.67,-2459.45,2.754,-2.745,-6.338,-13.16,MANEUVERING
35944.48,-6644.11,-913.67,-2459.45,2.754,-2.745,-6.338,-13.16,SENSING
35944.48,-6644.11,-913.67,-2459.45,2.754,-2.745,-6.338,-13.16,MANEUVERING
35944.48,-6644.11,-913.67,-2459.45,2.754,-2.745,-6.338,-13.16,LISTENING
35950.0,-6628.808,-928.779,-2494.375,2.794,-2.739,-6.323,-18.68,MANEUVERING
35950.0,-6628.808,-928.779,-2494.375,2.794,-2.739,-6.323,-18.68,SENSING
35950.0,-6628.808,-928.779,-2494.375,2.794,-2.739,-6.323,-18.68,MANEUVERING
35950.0,-6628.808,-928.779,-2494.375,2.794,-2.739,-6.323,-18.68,LISTENING
35960.0,-6600.525,-956.07,-2557.432,2.866,-2.729,-6.295,-28.68,MANEUVERING
35960.0,-6600.525,-956.07,-2557.432,2.866,-2.729,-6.295,-28.68,SENSING
35960.0,-6600.525,-956.07,-2557.432,2.866,-2.729,-6.295,-28.68,MEASURING
35960.0,-6600.525,-956.07,-2557.432,2.866,-2.729,-6.295,-28.68,SENSING
35960.0,-6600.525,-956.07,-2557.432,2.866,-2.729,-6.295,-28.68,LISTENING
35960.17,-6600.038,-956.533,-2558.501,2.868,-2.729,-6.295,-28.68,SENSING
35960.17,-6600.038,-956.533,-2558.501,2.868,-2.729,-6.295,-28.68,LISTENING
35980.0,-6541.799,-1010.336,-2682.701,3.01,-2.707,-6.238,-28.68,SENSING
35980.0,-6541.799,-1010.336,-2682.701,3.01,-2.707,-6.238,-28.68,LISTENING
36007.36,-6456.837,-1083.854,-2852.158,3.205,-2.676,-6.155,-28.68,SENSING
36007.36,-6456.837,-1083.854,-2852.158,3.205,-2.676,-6.155,-28.68,MANEUVERING
36007.36,-6456.837,-1083.854,-2852.158,3.205,-2.676,-6.155,-28.68,LISTENING
36010.0,-6448.359,-1090.903,-2868.388,3.223,-2.673,-6.147,-31.32,MANEUVERING
36010.0,-6448.359,-1090.903,-2868.388,3.223,-2.673,-6.147,-31.32,SENSING
36010.0,-6448.359,-1090.903,-2868.388,3.223,-2.673,-6.147,-31.32,MEASURING
36010.0,-6448.359,-1090.903,-2868.388,3.223,-2.673,-6.147,-31.32,SENSING
36010.0,-6448.359,-1090.903,-2868.388,3.223,-2.673,-6.147,-31.32,LISTENING
36013.02,-6438.6,-1098.955,-2886.927,3.244,-2.669,-6.137,-31.32,SENSING
36013.02,-6438.6,-1098.955,-2886.927,3.244,-2.669,-6.137,-31.32,LISTENING
36020.0,-6415.798,-1117.524,-2929.665,3.293,-2.661,-6.115,-31.32,SENSING
36020.0,-6415.798,-1117.524,-2929.665,3.293,-2.661,-6.115,-31.32,LISTENING
36030.0,-6382.536,-1144.024,-2990.622,3.363,-2.649,-6.083,-31.32,SENSING
36030.0,-6382.536,-1144.024,-2990.622,3.363,-2.649,-6.083,-31.32,LISTENING
36033.58,-6370.459,-1153.481,-3012.366,3.388,-2.644,-6.071,-31.32,SENSING
36033.58,-6370.459,-1153.481,-3012.366,3.388,-2.644,-6.071,-31.32,LISTENING
36037.45,-6357.303,-1163.685,-3035.823,3.415,-2.639,-6.058,-31.32,SENSING
36037.45,-6357.303,-1163.685,-3035.823,3.415,-2.639,-6.058,-31.32,LISTENING
36040.0,-6348.577,-1170.399,-3051.253,3.433,-2.636,-6.05,-31.32,SENSING
36040.0,-6348.577,-1170.399,-3051.253,3.433,-2.636,-6.05,-31.32,LISTENING
36059.41,-6280.683,-1221.226,-3167.977,3.567,-2.611,-5.983,-31.32,SENSING
36059.41,-6280.683,-1221.226,-3167.977,3.567,-2.611,-5.983,-31.32,MANEUVERING
36059.41,-6280.683,-1221.226,-3167.977,3.567,-2.611,-5.983,-31.32,LISTENING
36059.77,-6279.4,-1222.164,-3170.13,3.57,-2.61,-5.982,-30.96,MANEUVERING
36059.77,-6279.4,-1222.164,-3170.13,3.57,-2.61,-5.982,-30.96,SENSING
36059.77,-6279.4,-1222.164,-3170.13,3.57,-2.61,-5.982,-30.96,MANEUVERING
36059.77,-6279.4,-1222.164,-3170.13,3.57,-2.61,-5.982,-30.96,LISTENING
36060.0,-6278.579,-1222.763,-3171.505,3.571,-2.61,-5.981,-30.73,MANEUVERING
36060.0,-6278.579,-1222.763,-3171.505,3.571,-2.61,-5.981,-30.73,SENSING
36060.0,-6278.579,-1222.763,-3171.505,3.571,-2.61,-5.981,-30.73,MANEUVERING
36060.0,-6278.579,-1222.763,-3171.505,3.571,-2.61,-5.981,-30.73,LISTENING
36060.0,-6278.579,-1222.763,-3171.505,3.571,-2.61,-5.981,-30.73,MANEUVERING
36060.0,-6278.579,-1222.763,-3171.505,3.571,-2.61,-5.981,-30.73,SENSING
36060.0,-6278.579,-1222.763,-3171.505,3.571,-2.61,-5.981,-30.73,MANEUVERING
36060.0,-6278.579,-1222.763,-3171.505,3.571,-2.61,-5.981,-30.73,LISTENING
36068.4,-6248.359,-1244.598,-3221.6,3.629,-2.599,-5.952,-22.33,MANEUVERING
36068.4,-6248.359,-1244.598,-3221.6,3.629,-2.599,-5.952,-22.33,SENSING
36068.4,-6248.359,-1244.598,-3221.6,3.629,-2.599,-5.952,-22.33,MANEUVERING
36068.4,-6248.359,-1244.598,-3221.6,3.629,-2.599,-5.952,-22.33,LISTENING
36070.0,-6242.548,-1248.747,-3231.114,3.64,-2.596,-5.946,-20.73,MANEUVERING
36070.0,-6242.548,-1248.747,-3231.114,3.64,-2.596,-5.946,-20.73,SENSING
36070.0,-6242.548,-1248.747,-3231.114,3.64,-2.596,-5.946,-20.73,MEASURING
36070.0,-6242.548,-1248.747,-3231.114,3.64,-2.596,-5.946,-20.73,SENSING
36070.0,-6242.548,-1248.747,-3231.114,3.64,-2.596,-5.946,-20.73,LISTENING
36080.0,-6205.835,-1274.594,-3290.37,3.708,-2.583,-5.911,-20.73,SENSING
36080.0,-6205.835,-1274.594,-3290.37,3.708,-2.583,-5.911,-20.73,LISTENING
36084.61,-6188.681,-1286.463,-3317.565,3.739,-2.576,-5.894,-20.73,SENSING
36084.61,-6188.681,-1286.463,-3317.565,3.739,-2.576,-5.894,-20.73,MANEUVERING
36084.61,-6188.681,-1286.463,-3317.565,3.739,-2.576,-5.894,-20.73,LISTENING
36090.0,-6168.442,-1300.302,-3349.265,3.776,-2.568,-5.874,-26.12,MANEUVERING
36090.0,-6168.442,-1300.302,-3349.265,3.776,-2.568,-5.874,-26.12,SENSING
36090.0,-6168.442,-1300.302,-3349.265,3.776,-2.568,-5.874,-26.12,MEASURING
36090.0,-6168.442,-1300.302,-3349.265,3.776,-2.568,-5.874,-26.12,SENSING
36090.0,-6168.442,-1300.302,-3349.265,3.776,-2.568,-5.874,-26.12,LISTENING
36105.29,-6109.965,-1339.334,-3438.605,3.879,-2.546,-5.818,-26.12,SENSING
36105.29,-6109.965,-1339.334,-3438.605,3.879,-2.546,-5.818,-26.12,LISTENING
36106.52,-6105.193,-1342.46,-3445.754,3.887,-2.545,-5.813,-26.12,SENSING
36106.52,-6105.193,-1342.46,-3445.754,3.887,-2.545,-5.813,-26.12,LISTENING
36110.0,-6091.636,-1351.29,-3465.949,3.91,-2.539,-5.8,-26.12,SENSING
36110.0,-6091.636,-1351.29,-3465.949,3.91,-2.539,-5.8,-26.12,LISTENING
36110.0,-6091.636,-1351.29,-3465.949,3.91,-2.539,-5.8,-26.12,SENSING
36110.0,-6091.636,-1351.29,-3465.949,3.91,-2.539,-5.8,-26.12,LISTENING
36125.89,-6028.711,-1391.38,-3557.575,4.015,-2.516,-5.739,-26.12,SENSING
36125.89,-6028.711,-1391.38,-3557.575,4.015,-2.516,-5.739,-26.12,MANEUVERING
36125.89,-6028.711,-1391.38,-3557.575,4.015,-2.516,-5.739,-26.12,LISTENING
36126.96,-6024.414,-1394.066,-3563.71,4.023,-2.514,-5.734,-25.05,MANEUVERING
36126.96,-6024.414,-1394.066,-3563.71,4.023,-2.514,-5.734,-25.05,SENSING
36126.96,-6024.414,-1394.066,-3563.71,4.023,-2.514,-5.734,-25.05,MANEUVERING
36126.96,-6024.414,-1394.066,-3563.71,4.023,-2.514,-5.734,-25.05,LISTENING
36130.0,-6012.163,-1401.687,-3581.116,4.043,-2.509,-5.722,-22.01,MANEUVERING
36130.0,-6012.163,-1401.687,-3581.116,4.043,-2.509,-5.722,-22.01,SENSING
36130.0,-6012.163,-1401.687,-3581.116,4.043,-2.509,-5.722,-22.01,MEASURING
36130.0,-6012.163,-1401.687,-3581.116,4.043,-2.509,-5.722,-22.01,SENSING
36130.0,-6012.163,-1401.687,-3581.116,4.043,-2.509,-5.722,-22.01,LISTENING
36136.63,-5985.235,-1418.26,-3618.949,4.086,-2.499,-5.696,-22.01,SENSING
36136.63,-5985.235,-1418.26,-3618.949,4.086,-2.499,-5.696,-22.01,LISTENING
36140.0,-5971.437,-1426.658,-3638.113,4.108,-2.494,-5.683,-22.01,SENSING
36140.0,-5971.437,-1426.658,-3638.113,4.108,-2.494,-5.683,-22.01,MEASURING
36140.0,-5971.437,-1426.658,-3638.113,4.108,-2.494,-5.683,-22.01,SENSING
36140.0,-5971.437,-1426.658,-3638.113,4.108,-2.494,-5.683,-22.01,LISTENING
36142.04,-5963.049,-1431.733,-3649.692,4.122,-2.491,-5.675,-22.01,SENSING
36142.04,-5963.049,-1431.733,-3649.692,4.122,-2.491,-5.675,-22.01,LISTENING
36150.0,-5930.058,-1451.472,-3694.713,4.173,-2.478,-5.643,-22.01,SENSING
36150.0,-5930.058,-1451.472,-3694.713,4.173,-2.478,-5.643,-22.01,MEASURING
36150.0,-5930.058,-1451.472,-3694.713,4.173,-2.478,-5.643,-22.01,SENSING
36150.0,-5930.058,-1451.472,-3694.713,4.173,-2.478,-5.643,-22.01,LISTENING
36160.0,-5888.028,-1476.128,-3750.907,4.238,-2.462,-5.602,-22.01,SENSING
36160.0,-5888.028,-1476.128,-3750.907,4.238,-2.462,-5.602,-22.01,MEASURING
36160.0,-5888.028,-1476.128,-3750.907,4.238,-2.462,-5.602,-22.01,SENSING
36160.0,-5888.028,-1476.128,-3750.907,4.238,-2.462,-5.602,-22.01,LISTENING
36164.66,-5868.222,-1487.563,-3776.954,4.268,-2.455,-5.583,-22.01,SENSING
36164.66,-5868.222,-1487.563,-3776.954,4.268,-2.455,-5.583,-22.01,MANEUVERING
36164.66,-5868.222,-1487.563,-3776.954,4.268,-2.455,-5.583,-22.01,LISTENING
36180.0,-5802.039,-1524.954,-3862.057,4.366,-2.429,-5.518,-6.67,MANEUVERING
36180.0,-5802.039,-1524.954,-3862.057,4.366,-2.429,-5.518,-6.67,SENSING
36180.0,-5802.039,-1524.954,-3862.057,4.366,-2.429,-5.518,-6.67,MEASURING
36180.0,-5802.039,-1524.954,-3862.057,4.366,-2.429,-5.518,-6.67,SENSING
36180.0,-5802.039,-1524.954,-3862.057,4.366,-2.429,-5.518,-6.67,LISTENING
36194.31,-5738.95,-1559.481,-3940.548,4.457,-2.405,-5.457,-6.67,SENSING
36194.31,-5738.95,-1559.481,-3940.548,4.457,-2.405,-5.457,-6.67,MANEUVERING
36194.31,-5738.95,-1559.481,-3940.548,4.457,-2.405,-5.457,-6.67,LISTENING
36196.33,-5729.941,-1564.326,-3951.557,4.47,-2.402,-5.448,-4.65,MANEUVERING
36196.33,-5729.941,-1564.326,-3951.557,4.47,-2.402,-5.448,-4.65,SENSING
36196.33,-5729.941,-1564.326,-3951.557,4.47,-2.402,-5.448,-4.65,MANEUVERING
36196.33,-5729.941,-1564.326,-3951.557,4.47,-2.402,-5.448,-4.65,LISTENING
36220.0,-5622.468,-1620.583,-4079.227,4.617,-2.36,-5.344,19.02,MANEUVERING
36220.0,-5622.468,-1620.583,-4079.227,4.617,-2.36,-5.344,19.02,SENSING
36220.0,-5622.468,-1620.583,-4079.227,4.617,-2.36,-5.344,19.02,MEASURING
36220.0,-5622.468,-1620.583,-4079.227,4.617,-2.36,-5.344,19.02,SENSING
36220.0,-5622.468,-1620.583,-4079.227,4.617,-2.36,-5.344,19.02,LISTENING
36240.0,-5528.964,-1667.344,-4185.15,4.74,-2.324,-5.253,19.02,SENSING
36240.0,-5528.964,-1667.344,-4185.15,4.74,-2.324,-5.253,19.02,LISTENING
36250.0,-5481.299,-1690.453,-4237.426,4.8,-2.306,-5.207,19.02,SENSING
36250.0,-5481.299,-1690.453,-4237.426,4.8,-2.306,-5.207,19.02,LISTENING
36271.71,-5375.755,-1739.98,-4349.307,4.929,-2.265,-5.105,19.02,SENSING
36271.71,-5375.755,-1739.98,-4349.307,4.929,-2.265,-5.105,19.02,LISTENING
36300.0,-5234.057,-1803.167,-4491.711,5.094,-2.21,-4.967,19.02,SENSING
36300.0,-5234.057,-1803.167,-4491.711,5.094,-2.21,-4.967,19.02,LISTENING
36315.67,-5153.581,-1837.49,-4568.897,5.184,-2.179,-4.889,19.02,SENSING
36315.67,-5153.581,-1837.49,-4568.897,5.184,-2.179,-4.889,19.02,LISTENING
36330.0,-5078.769,-1868.444,-4638.403,5.265,-2.149,-4.817,19.02,SENSING
36330.0,-5078.769,-1868.444,-4638.403,5.265,-2.149,-4.817,19.02,LISTENING
36340.0,-5025.882,-1889.797,-4686.288,5.32,-2.129,-4.765,19.02,SENSING
36340.0,-5025.882,-1889.797,-4686.288,5.32,-2.129,-4.765,19.02,LISTENING
36366.76,-4881.655,-1945.91,-4811.877,5.466,-2.072,-4.625,19.02,SENSING
36366.76,-4881.655,-1945.91,-4811.877,5.466,-2.072,-4.625,19.02,LISTENING
36400.0,-4697.161,-2013.476,-4962.585,5.641,-2.0,-4.446,19.02,SENSING
36400.0,-4697.161,-2013.476,-4962.585,5.641,-2.0,-4.446,19.02,LISTENING
36460.0,-4349.827,-2129.196,-5219.209,5.941,-1.863,-4.109,19.02,SENSING
36460.0,-4349.827,-2129.196,-5219.209,5.941,-1.863,-4.109,19.02,LISTENING
36490.0,-4169.599,-2183.923,-5339.813,6.082,-1.792,-3.934,19.02,SENSING
36490.0,-4169.599,-2183.923,-5339.813,6.082,-1.792,-3.934,19.02,LISTENING
36504.95,-4078.228,-2210.391,-5397.941,6.15,-1.755,-3.846,19.02,SENSING
36504.95,-4078.228,-2210.391,-5397.941,6.15,-1.755,-3.846,19.02,LISTENING
36520.0,-3985.23,-2236.486,-5455.112,6.217,-1.718,-3.755,19.02,SENSING
36520.0,-3985.23,-2236.486,-5455.112,6.217,-1.718,-3.755,19.02,LISTENING
36533.76,-3899.331,-2259.856,-5506.188,6.277,-1.684,-3.672,19.02,SENSING
36533.76,-3899.331,-2259.856,-5506.188,6.277,-1.684,-3.672,19.02,LISTENING
36540.0,-3860.106,-2270.299,-5528.971,6.304,-1.669,-3.634,19.02,SENSING
36540.0,-3860.106,-2270.299,-5528.971,6.304,-1.669,-3.634,19.02,LISTENING
36550.0,-3796.901,-2286.831,-5564.986,6.346,-1.644,-3.573,19.02,SENSING
36550.0,-3796.901,-2286.831,-5564.986,6.346,-1.644,-3.573,19.02,LISTENING
36550.0,-3796.901,-2286.831,-5564.986,6.346,-1.644,-3.573,19.02,SENSING
36550.0,-3796.901,-2286.831,-5564.986,6.346,-1.644,-3.573,19.02,MESSAGING
36550.0,-3796.901,-2286.831,-5564.986,6.346,-1.644,-3.573,19.02,SENSING
36550.0,-3796.901,-2286.831,-5564.986,6.346,-1.644,-3.573,19.02,LISTENING
36550.0,-3796.901,-2286.831,-5564.986,6.346,-1.644,-3.573,19.02,SENSING
36550.0,-3796.901,-2286.831,-5564.986,6.346,-1.644,-3.573,19.02,LISTENING
36550.0,-3796.901,-2286.831,-5564.986,6.346,-1.644,-3.573,19.02,SENSING
36550.0,-3796.901,-2286.831,-5564.986,6.346,-1.644,-3.573,19.02,LISTENING
36632.23,-3261.888,-2413.045,-5837.44,6.668,-1.43,-3.053,19.02,SENSING
36632.23,-3261.888,-2413.045,-5837.44,6.668,-1.43,-3.053,19.02,LISTENING
36650.0,-3142.923,-2437.983,-5890.64,6.731,-1.382,-2.937,19.02,SENSING
36650.0,-3142.923,-2437.983,-5890.64,6.731,-1.382,-2.937,19.02,LISTENING
36674.82,-2974.929,-2471.388,-5961.49,6.815,-1.314,-2.774,19.02,SENSING
36674.82,-2974.929,-2471.388,-5961.49,6.815,-1.314,-2.774,19.02,LISTENING
36700.0,-2802.421,-2503.556,-6029.203,6.896,-1.245,-2.607,19.02,SENSING
36700.0,-2802.421,-2503.556,-6029.203,6.896,-1.245,-2.607,19.02,LISTENING
36772.35,-2296.202,-2586.125,-6199.98,7.101,-1.04,-2.114,19.02,SENSING
36772.35,-2296.202,-2586.125,-6199.98,7.101,-1.04,-2.114,19.02,LISTENING
36790.0,-2170.568,-2604.007,-6236.201,7.145,-0.989,-1.992,19.02,SENSING
36790.0,-2170.568,-2604.007,-6236.201,7.145,-0.989,-1.992,19.02,LISTENING
36795.4,-2131.977,-2609.298,-6246.851,7.158,-0.974,-1.954,19.02,SENSING
36795.4,-2131.977,-2609.298,-6246.851,7.158,-0.974,-1.954,19.02,LISTENING
36800.0,-2099.05,-2613.739,-6255.763,7.169,-0.96,-1.922,19.02,SENSING
36800.0,-2099.05,-2613.739,-6255.763,7.169,-0.96,-1.922,19.02,LISTENING
36801.56,-2087.872,-2615.231,-6258.752,7.172,-0.956,-1.912,19.02,SENSING
36801.56,-2087.872,-2615.231,-6258.752,7.172,-0.956,-1.912,19.02,LISTENING
36810.0,-2027.298,-2623.181,-6274.629,7.192,-0.931,-1.853,19.02,SENSING
36810.0,-2027.298,-2623.181,-6274.629,7.192,-0.931,-1.853,19.02,LISTENING
36810.0,-2027.298,-2623.181,-6274.629,7.192,-0.931,-1.853,19.02,SENSING
36810.0,-2027.298,-2623.181,-6274.629,7.192,-0.931,-1.853,19.02,LISTENING
36817.36,-1974.345,-2629.944,-6288.068,7.208,-0.91,-1.801,19.02,SENSING
36817.36,-1974.345,-2629.944,-6288.068,7.208,-0.91,-1.801,19.02,LISTENING
36830.0,-1883.126,-2641.189,-6310.261,7.235,-0.873,-1.712,19.02,SENSING
36830.0,-1883.126,-2641.189,-6310.261,7.235,-0.873,-1.712,19.02,LISTENING
36850.0,-1738.114,-2658.022,-6343.079,7.276,-0.814,-1.571,19.02,SENSING
36850.0,-1738.114,-2658.022,-6343.079,7.276,-0.814,-1.571,19.02,LISTENING
36853.51,-1712.583,-2660.855,-6348.548,7.282,-0.803,-1.546,19.02,SENSING
36853.51,-1712.583,-2660.855,-6348.548,7.282,-0.803,-1.546,19.02,LISTENING
36880.0,-1519.163,-2681.053,-6386.995,7.33,-0.724,-1.358,19.02,SENSING
36880.0,-1519.163,-2681.053,-6386.995,7.33,-0.724,-1.358,19.02,LISTENING
36900.0,-1372.335,-2694.915,-6412.71,7.363,-0.664,-1.215,19.02,SENSING
36900.0,-1372.335,-2694.915,-6412.71,7.363,-0.664,-1.215,19.02,LISTENING
36969.89,-854.858,-2733.884,-6479.991,7.45,-0.452,-0.71,19.02,SENSING
36969.89,-854.858,-2733.884,-6479.991,7.45,-0.452,-0.71,19.02,LISTENING
37010.0,-555.586,-2749.528,-6502.625,7.481,-0.329,-0.419,19.02,SENSING
37010.0,-555.586,-2749.528,-6502.625,7.481,-0.329,-0.419,19.02,LISTENING
37010.0,-555.586,-2749.528,-6502.625,7.481,-0.329,-0.419,19.02,SENSING
37010.0,-555.586,-2749.528,-6502.625,7.481,-0.329,-0.419,19.02,LISTENING
37020.0,-480.796,-2752.66,-6506.444,7.487,-0.298,-0.346,19.02,SENSING
37020.0,-480.796,-2752.66,-6506.444,7.487,-0.298,-0.346,19.02,LISTENING
37026.84,-429.608,-2754.625,-6508.635,7.491,-0.277,-0.296,19.02,SENSING
37026.84,-429.608,-2754.625,-6508.635,7.491,-0.277,-0.296,19.02,LISTENING
37030.0,-405.953,-2755.484,-6509.532,7.492,-0.267,-0.273,19.02,SENSING
37030.0,-405.953,-2755.484,-6509.532,7.492,-0.267,-0.273,19.02,LISTENING
37030.0,-405.953,-2755.484,-6509.532,7.492,-0.267,-0.273,19.02,SENSING
37030.0,-405.953,-2755.484,-6509.532,7.492,-0.267,-0.273,19.02,LISTENING
37031.34,-395.92,-2755.838,-6509.891,7.493,-0.263,-0.263,19.02,SENSING
37031.34,-395.92,-2755.838,-6509.891,7.493,-0.263,-0.263,19.02,LISTENING
37037.46,-350.089,-2757.389,-6511.361,7.495,-0.244,-0.218,19.02,SENSING
37037.46,-350.089,-2757.389,-6511.361,7.495,-0.244,-0.218,19.02,LISTENING
37040.0,-331.063,-2757.999,-6511.891,7.496,-0.236,-0.199,19.02,SENSING
37040.0,-331.063,-2757.999,-6511.891,7.496,-0.236,-0.199,19.02,LISTENING
37046.89,-279.443,-2759.552,-6513.091,7.499,-0.215,-0.149,19.02,SENSING
37046.89,-279.443,-2759.552,-6513.091,7.499,-0.215,-0.149,19.02,LISTENING
37050.0,-256.137,-2760.205,-6513.519,7.5,-0.205,-0.126,19.02,SENSING
37050.0,-256.137,-2760.205,-6513.519,7.5,-0.205,-0.126,19.02,LISTENING
37055.43,-215.439,-2761.274,-6514.096,7.501,-0.189,-0.087,19.02,SENSING
37055.43,-215.439,-2761.274,-6514.096,7.501,-0.189,-0.087,19.02,LISTENING
37060.0,-181.182,-2762.103,-6514.415,7.502,-0.174,-0.053,19.02,SENSING
37060.0,-181.182,-2762.103,-6514.415,7.502,-0.174,-0.053,19.02,LISTENING
37070.0,-106.206,-2763.691,-6514.58,7.504,-0.143,0.02,19.02,SENSING
37070.0,-106.206,-2763.691,-6514.58,7.504,-0.143,0.02,19.02,LISTENING
37080.0,-31.219,-2764.97,-6514.014,7.504,-0.112,0.093,19.02,SENSING
37080.0,-31.219,-2764.97,-6514.014,7.504,-0.112,0.093,19.02,LISTENING
37101.81,132.329,-2766.683,-6510.239,7.503,-0.045,0.253,19.02,SENSING
37101.81,132.329,-2766.683,-6510.239,7.503,-0.045,0.253,19.02,LISTENING
37150.0,493.318,-2765.235,-6489.555,7.486,0.105,0.606,19.02,SENSING
37150.0,493.318,-2765.235,-6489.555,7.486,0.105,0.606,19.02,LISTENING
37160.0,568.097,-2764.031,-6483.135,7.48,0.136,0.679,19.02,SENSING
37160.0,568.097,-2764.031,-6483.135,7.48,0.136,0.679,19.02,LISTENING
37167.24,622.198,-2762.966,-6478.031,7.475,0.159,0.732,19.02,SENSING
37167.24,622.198,-2762.966,-6478.031,7.475,0.159,0.732,19.02,LISTENING
37180.0,717.455,-2760.691,-6468.105,7.466,0.199,0.825,19.02,SENSING
37180.0,717.455,-2760.691,-6468.105,7.466,0.199,0.825,19.02,LISTENING
37190.0,792.017,-2758.556,-6459.496,7.457,0.23,0.898,19.02,SENSING
37190.0,792.017,-2758.556,-6459.496,7.457,0.23,0.898,19.02,LISTENING
37197.11,844.977,-2756.849,-6452.933,7.451,0.252,0.95,19.02,SENSING
37197.11,844.977,-2756.849,-6452.933,7.451,0.252,0.95,19.02,LISTENING
37200.0,866.49,-2756.11,-6450.159,7.448,0.261,0.971,19.02,SENSING
37200.0,866.49,-2756.11,-6450.159,7.448,0.261,0.971,19.02,LISTENING
37293.97,1560.388,-2718.021,-6327.024,7.319,0.551,1.65,19.02,SENSING
37293.97,1560.388,-2718.021,-6327.024,7.319,0.551,1.65,19.02,LISTENING
37300.0,1604.457,-2714.648,-6316.952,7.308,0.57,1.693,19.02,SENSING
37300.0,1604.457,-2714.648,-6316.952,7.308,0.57,1.693,19.02,LISTENING
37310.0,1677.394,-2708.809,-6299.676,7.29,0.6,1.764,19.02,SENSING
37310.0,1677.394,-2708.809,-6299.676,7.29,0.6,1.764,19.02,LISTENING
37340.0,1895.031,-2689.461,-6243.577,7.229,0.692,1.977,19.02,SENSING
37340.0,1895.031,-2689.461,-6243.577,7.229,0.692,1.977,19.02,LISTENING
37380.0,2182.172,-2659.413,-6158.886,7.136,0.813,2.259,19.02,SENSING
37380.0,2182.172,-2659.413,-6158.886,7.136,0.813,2.259,19.02,LISTENING
37401.46,2334.625,-2641.305,-6108.834,7.081,0.878,2.408,19.02,SENSING
37401.46,2334.625,-2641.305,-6108.834,7.081,0.878,2.408,19.02,LISTENING
37410.0,2394.958,-2633.715,-6088.027,7.058,0.903,2.467,19.02,SENSING
37410.0,2394.958,-2633.715,-6088.027,7.058,0.903,2.467,19.02,LISTENING
37420.0,2465.355,-2624.552,-6063.021,7.031,0.933,2.536,19.02,SENSING
37420.0,2465.355,-2624.552,-6063.021,7.031,0.933,2.536,19.02,LISTENING
37426.01,2507.528,-2618.901,-6047.662,7.014,0.951,2.578,19.02,SENSING
37426.01,2507.528,-2618.901,-6047.662,7.014,0.951,2.578,19.02,LISTENING
37430.0,2535.471,-2615.091,-6037.327,7.002,0.963,2.605,19.02,SENSING
37430.0,2535.471,-2615.091,-6037.327,7.002,0.963,2.605,19.02,LISTENING
37430.51,2539.039,-2614.6,-6035.999,7.001,0.964,2.609,19.02,SENSING
37430.51,2539.039,-2614.6,-6035.999,7.001,0.964,2.609,19.02,LISTENING
37435.17,2571.608,-2610.083,-6023.775,6.987,0.978,2.64,19.02,SENSING
37435.17,2571.608,-2610.083,-6023.775,6.987,0.978,2.64,19.02,LISTENING
37440.0,2605.299,-2605.334,-6010.948,6.973,0.992,2.674,19.02,SENSING
37440.0,2605.299,-2605.334,-6010.948,6.973,0.992,2.674,19.02,LISTENING
37446.05,2647.402,-2599.287,-5994.656,6.955,1.01,2.715,19.02,SENSING
37446.05,2647.402,-2599.287,-5994.656,6.955,1.01,2.715,19.02,LISTENING
37450.0,2674.832,-2595.281,-5983.885,6.943,1.022,2.742,19.02,SENSING
37450.0,2674.832,-2595.281,-5983.885,6.943,1.022,2.742,19.02,LISTENING
37460.0,2744.06,-2584.935,-5956.142,6.912,1.051,2.81,19.02,SENSING
37460.0,2744.06,-2584.935,-5956.142,6.912,1.051,2.81,19.02,LISTENING
37460.0,2744.06,-2584.935,-5956.142,6.912,1.051,2.81,19.02,SENSING
37460.0,2744.06,-2584.935,-5956.142,6.912,1.051,2.81,19.02,MESSAGING
37460.0,2744.06,-2584.935,-5956.142,6.912,1.051,2.81,19.02,SENSING
37460.0,2744.06,-2584.935,-5956.142,6.912,1.051,2.81,19.02,LISTENING
37460.0,2744.06,-2584.935,-5956.142,6.912,1.051,2.81,19.02,SENSING
37460.0,2744.06,-2584.935,-5956.142,6.912,1.051,2.81,19.02,LISTENING
37460.0,2744.06,-2584.935,-5956.142,6.912,1.051,2.81,19.02,SENSING
37460.0,2744.06,-2584.935,-5956.142,6.912,1.051,2.81,19.02,LISTENING
37460.0,2744.06,-2584.935,-5956.142,6.912,1.051,2.81,19.02,SENSING
37460.0,2744.06,-2584.935,-5956.142,6.912,1.051,2.81,19.02,LISTENING
37470.0,2812.977,-2574.295,-5927.722,6.881,1.081,2.877,19.02,SENSING
37470.0,2812.977,-2574.295,-5927.722,6.881,1.081,2.877,19.02,LISTENING
37470.0,2812.977,-2574.295,-5927.722,6.881,1.081,2.877,19.02,SENSING
37470.0,2812.977,-2574.295,-5927.722,6.881,1.081,2.877,19.02,MESSAGING
37470.0,2812.977,-2574.295,-5927.722,6.881,1.081,2.877,19.02,SENSING
37470.0,2812.977,-2574.295,-5927.722,6.881,1.081,2.877,19.02,LISTENING
37470.0,2812.977,-2574.295,-5927.722,6.881,1.081,2.877,19.02,SENSING
37470.0,2812.977,-2574.295,-5927.722,6.881,1.081,2.877,19.02,LISTENING
37470.0,2812.977,-2574.295,-5927.722,6.881,1.081,2.877,19.02,SENSING
37470.0,2812.977,-2574.295,-5927.722,6.881,1.081,2.877,19.02,LISTENING
37477.4,2863.77,-2566.234,-5906.257,6.857,1.102,2.927,19.02,SENSING
37477.4,2863.77,-2566.234,-5906.257,6.857,1.102,2.927,19.02,LISTENING
37480.0,2881.574,-2563.364,-5898.628,6.848,1.11,2.945,19.02,SENSING
37480.0,2881.574,-2563.364,-5898.628,6.848,1.11,2.945,19.02,LISTENING
37485.69,2920.46,-2557.014,-5881.774,6.83,1.126,2.983,19.02,SENSING
37485.69,2920.46,-2557.014,-5881.774,6.83,1.126,2.983,19.02,LISTENING
37490.0,2949.843,-2552.141,-5868.863,6.815,1.139,3.011,19.02,SENSING
37490.0,2949.843,-2552.141,-5868.863,6.815,1.139,3.011,19.02,LISTENING
37493.71,2975.086,-2547.904,-5857.65,6.803,1.15,3.036,19.02,SENSING
37493.71,2975.086,-2547.904,-5857.65,6.803,1.15,3.036,19.02,LISTENING
37510.0,3085.367,-2528.828,-5807.333,6.746,1.197,3.144,19.02,SENSING
37510.0,3085.367,-2528.828,-5807.333,6.746,1.197,3.144,19.02,LISTENING
37520.0,3152.606,-2516.74,-5775.574,6.711,1.225,3.21,19.02,SENSING
37520.0,3152.606,-2516.74,-5775.574,6.711,1.225,3.21,19.02,LISTENING
37524.57,3183.215,-2511.121,-5760.841,6.694,1.239,3.24,19.02,SENSING
37524.57,3183.215,-2511.121,-5760.841,6.694,1.239,3.24,19.02,LISTENING
37524.65,3183.751,-2511.022,-5760.582,6.694,1.239,3.241,19.02,SENSING
37524.65,3183.751,-2511.022,-5760.582,6.694,1.239,3.241,19.02,LISTENING
37530.0,3219.487,-2504.367,-5743.158,6.675,1.254,3.276,19.02,SENSING
37530.0,3219.487,-2504.367,-5743.158,6.675,1.254,3.276,19.02,LISTENING
37536.52,3262.896,-2496.146,-5721.67,6.651,1.273,3.319,19.02,SENSING
37536.52,3262.896,-2496.146,-5721.67,6.651,1.273,3.319,19.02,LISTENING
37540.0,3286.0,-2491.709,-5710.087,6.638,1.282,3.341,19.02,SENSING
37540.0,3286.0,-2491.709,-5710.087,6.638,1.282,3.341,19.02,LISTENING
37546.61,3329.761,-2483.186,-5687.87,6.613,1.301,3.384,19.02,SENSING
37546.61,3329.761,-2483.186,-5687.87,6.613,1.301,3.384,19.02,LISTENING
37550.0,3352.14,-2478.767,-5676.366,6.6,1.311,3.406,19.02,SENSING
37550.0,3352.14,-2478.767,-5676.366,6.6,1.311,3.406,19.02,LISTENING
37551.71,3363.412,-2476.526,-5670.535,6.593,1.316,3.417,19.02,SENSING
37551.71,3363.412,-2476.526,-5670.535,6.593,1.316,3.417,19.02,LISTENING
37560.0,3417.897,-2465.544,-5641.997,6.561,1.339,3.471,19.02,SENSING
37560.0,3417.897,-2465.544,-5641.997,6.561,1.339,3.471,19.02,LISTENING
37560.0,3417.897,-2465.544,-5641.997,6.561,1.339,3.471,19.02,SENSING
37560.0,3417.897,-2465.544,-5641.997,6.561,1.339,3.471,19.02,LISTENING
37560.18,3419.077,-2465.303,-5641.373,6.56,1.339,3.472,19.02,SENSING
37560.18,3419.077,-2465.303,-5641.373,6.56,1.339,3.472,19.02,LISTENING
37567.36,3466.046,-2455.632,-5616.291,6.532,1.36,3.518,19.02,SENSING
37567.36,3466.046,-2455.632,-5616.291,6.532,1.36,3.518,19.02,LISTENING
37570.0,3483.265,-2452.04,-5606.986,6.522,1.367,3.535,19.02,SENSING
37570.0,3483.265,-2452.04,-5606.986,6.522,1.367,3.535,19.02,LISTENING
37570.0,3483.265,-2452.04,-5606.986,6.522,1.367,3.535,19.02,SENSING
37570.0,3483.265,-2452.04,-5606.986,6.522,1.367,3.535,19.02,LISTENING
37577.14,3529.695,-2442.228,-5581.596,6.493,1.387,3.581,19.02,SENSING
37577.14,3529.695,-2442.228,-5581.596,6.493,1.387,3.581,19.02,LISTENING
37580.0,3548.236,-2438.258,-5571.335,6.482,1.395,3.599,19.02,SENSING
37580.0,3548.236,-2438.258,-5571.335,6.482,1.395,3.599,19.02,LISTENING
37580.0,3548.236,-2438.258,-5571.335,6.482,1.395,3.599,19.02,SENSING
37580.0,3548.236,-2438.258,-5571.335,6.482,1.395,3.599,19.02,LISTENING
37582.73,3565.903,-2434.447,-5561.492,6.471,1.402,3.616,19.02,SENSING
37582.73,3565.903,-2434.447,-5561.492,6.471,1.402,3.616,19.02,LISTENING
37590.0,3612.802,-2424.198,-5535.048,6.441,1.423,3.662,19.02,SENSING
37590.0,3612.802,-2424.198,-5535.048,6.441,1.423,3.662,19.02,LISTENING
37600.0,3676.956,-2409.862,-5498.13,6.399,1.45,3.725,19.02,SENSING
37600.0,3676.956,-2409.862,-5498.13,6.399,1.45,3.725,19.02,LISTENING
37605.87,3714.42,-2401.319,-5476.167,6.374,1.466,3.762,19.02,SENSING
37605.87,3714.42,-2401.319,-5476.167,6.374,1.466,3.762,19.02,LISTENING
37610.0,3740.691,-2395.251,-5460.585,6.357,1.477,3.788,19.02,SENSING
37610.0,3740.691,-2395.251,-5460.585,6.357,1.477,3.788,19.02,LISTENING
37612.39,3755.86,-2391.719,-5451.519,6.347,1.484,3.803,19.02,SENSING
37612.39,3755.86,-2391.719,-5451.519,6.347,1.484,3.803,19.02,LISTENING
37620.0,3803.998,-2380.368,-5422.415,6.314,1.505,3.85,19.02,SENSING
37620.0,3803.998,-2380.368,-5422.415,6.314,1.505,3.85,19.02,LISTENING
37620.0,3803.998,-2380.368,-5422.415,6.314,1.505,3.85,19.02,SENSING
37620.0,3803.998,-2380.368,-5422.415,6.314,1.505,3.85,19.02,LISTENING
37622.98,3822.78,-2375.881,-5410.921,6.301,1.513,3.868,19.02,SENSING
37622.98,3822.78,-2375.881,-5410.921,6.301,1.513,3.868,19.02,LISTENING
37640.0,3929.304,-2349.79,-5344.224,6.225,1.559,3.973,19.02,SENSING
37640.0,3929.304,-2349.79,-5344.224,6.225,1.559,3.973,19.02,LISTENING
37651.45,4000.237,-2331.801,-5298.357,6.173,1.589,4.043,19.02,SENSING
37651.45,4000.237,-2331.801,-5298.357,6.173,1.589,4.043,19.02,LISTENING
37670.0,4113.878,-2301.919,-5222.368,6.087,1.638,4.154,19.02,SENSING
37670.0,4113.878,-2301.919,-5222.368,6.087,1.638,4.154,19.02,LISTENING
37670.61,4117.588,-2300.921,-5219.834,6.085,1.64,4.158,19.02,SENSING
37670.61,4117.588,-2300.921,-5219.834,6.085,1.64,4.158,19.02,LISTENING
37678.91,4167.89,-2287.244,-5185.135,6.045,1.662,4.207,19.02,SENSING
37678.91,4167.89,-2287.244,-5185.135,6.045,1.662,4.207,19.02,LISTENING
37680.0,4174.472,-2285.435,-5180.548,6.04,1.665,4.214,19.02,SENSING
37680.0,4174.472,-2285.435,-5180.548,6.04,1.665,4.214,19.02,LISTENING
37700.0,4294.22,-2251.685,-5095.137,5.943,1.717,4.331,19.02,SENSING
37700.0,4294.22,-2251.685,-5095.137,5.943,1.717,4.331,19.02,LISTENING
37710.0,4353.361,-2234.424,-5051.555,5.894,1.742,4.389,19.02,SENSING
37710.0,4353.361,-2234.424,-5051.555,5.894,1.742,4.389,19.02,LISTENING
37720.0,4412.004,-2216.908,-5007.394,5.843,1.768,4.447,19.02,SENSING
37720.0,4412.004,-2216.908,-5007.394,5.843,1.768,4.447,19.02,LISTENING
37735.58,4502.361,-2189.114,-4937.451,5.764,1.807,4.536,19.02,SENSING
37735.58,4502.361,-2189.114,-4937.451,5.764,1.807,4.536,19.02,LISTENING
37740.0,4527.768,-2181.118,-4917.357,5.741,1.818,4.561,19.02,SENSING
37740.0,4527.768,-2181.118,-4917.357,5.741,1.818,4.561,19.02,LISTENING
37753.93,4607.176,-2155.6,-4853.313,5.668,1.853,4.639,19.02,SENSING
37753.93,4607.176,-2155.6,-4853.313,5.668,1.853,4.639,19.02,LISTENING
37764.81,4668.485,-2135.337,-4802.54,5.61,1.879,4.699,19.02,SENSING
37764.81,4668.485,-2135.337,-4802.54,5.61,1.879,4.699,19.02,LISTENING
37770.0,4697.509,-2125.569,-4778.091,5.582,1.892,4.728,19.02,SENSING
37770.0,4697.509,-2125.569,-4778.091,5.582,1.892,4.728,19.02,LISTENING
37770.0,4697.509,-2125.569,-4778.091,5.582,1.892,4.728,19.02,SENSING
37770.0,4697.509,-2125.569,-4778.091,5.582,1.892,4.728,19.02,LISTENING
37781.34,4760.419,-2103.998,-4724.157,5.521,1.919,4.789,19.02,SENSING
37781.34,4760.419,-2103.998,-4724.157,5.521,1.919,4.789,19.02,LISTENING
37790.0,4807.989,-2087.317,-4682.499,5.473,1.94,4.836,19.02,SENSING
37790.0,4807.989,-2087.317,-4682.499,5.473,1.94,4.836,19.02,LISTENING
37800.0,4862.406,-2067.832,-4633.895,5.418,1.964,4.89,19.02,SENSING
37800.0,4862.406,-2067.832,-4633.895,5.418,1.964,4.89,19.02,LISTENING
37800.0,4862.406,-2067.832,-4633.895,5.418,1.964,4.89,19.02,SENSING
37800.0,4862.406,-2067.832,-4633.895,5.418,1.964,4.89,19.02,LISTENING
37820.0,4969.56,-2028.154,-4535.098,5.305,2.011,4.995,19.02,SENSING
37820.0,4969.56,-2028.154,-4535.098,5.305,2.011,4.995,19.02,LISTENING
37846.63,5108.688,-1973.885,-4400.326,5.151,2.072,5.131,19.02,SENSING
37846.63,5108.688,-1973.885,-4400.326,5.151,2.072,5.131,19.02,LISTENING
37850.0,5126.001,-1966.902,-4383.013,5.131,2.08,5.148,19.02,SENSING
37850.0,5126.001,-1966.902,-4383.013,5.131,2.08,5.148,19.02,LISTENING
37860.0,5176.979,-1946.031,-4331.304,5.072,2.102,5.199,19.02,SENSING
37860.0,5176.979,-1946.031,-4331.304,5.072,2.102,5.199,19.02,LISTENING
37870.0,5227.362,-1924.937,-4279.097,5.012,2.124,5.248,19.02,SENSING
37870.0,5227.362,-1924.937,-4279.097,5.012,2.124,5.248,19.02,LISTENING
37877.16,5263.068,-1909.698,-4241.415,4.969,2.14,5.283,19.02,SENSING
37877.16,5263.068,-1909.698,-4241.415,4.969,2.14,5.283,19.02,LISTENING
37880.0,5277.145,-1903.623,-4226.399,4.952,2.146,5.297,19.02,SENSING
37880.0,5277.145,-1903.623,-4226.399,4.952,2.146,5.297,19.02,LISTENING
37890.0,5326.322,-1882.09,-4173.215,4.891,2.168,5.345,19.02,SENSING
37890.0,5326.322,-1882.09,-4173.215,4.891,2.168,5.345,19.02,LISTENING
37892.66,5339.301,-1876.326,-4158.987,4.874,2.174,5.358,19.02,SENSING
37892.66,5339.301,-1876.326,-4158.987,4.874,2.174,5.358,19.02,LISTENING
37897.47,5362.659,-1865.864,-4133.173,4.845,2.184,5.381,19.02,SENSING
37897.47,5362.659,-1865.864,-4133.173,4.845,2.184,5.381,19.02,LISTENING
37900.0,5374.888,-1860.341,-4119.551,4.829,2.19,5.393,19.02,SENSING
37900.0,5374.888,-1860.341,-4119.551,4.829,2.19,5.393,19.02,LISTENING
37910.0,5422.835,-1838.379,-4065.413,4.767,2.211,5.44,19.02,SENSING
37910.0,5422.835,-1838.379,-4065.413,4.767,2.211,5.44,19.02,LISTENING
37916.09,5451.73,-1824.901,-4032.214,4.729,2.224,5.468,19.02,SENSING
37916.09,5451.73,-1824.901,-4032.214,4.729,2.224,5.468,19.02,LISTENING
37920.0,5470.159,-1816.206,-4010.809,4.704,2.232,5.486,19.02,SENSING
37920.0,5470.159,-1816.206,-4010.809,4.704,2.232,5.486,19.02,LISTENING
37920.0,5470.159,-1816.206,-4010.809,4.704,2.232,5.486,19.02,SENSING
37920.0,5470.159,-1816.206,-4010.809,4.704,2.232,5.486,19.02,LISTENING
37926.95,5502.68,-1800.673,-3972.586,4.661,2.246,5.518,19.02,SENSING
37926.95,5502.68,-1800.673,-3972.586,4.661,2.246,5.518,19.02,LISTENING
37930.0,5516.855,-1793.825,-3955.743,4.641,2.253,5.532,19.02,SENSING
37930.0,5516.855,-1793.825,-3955.743,4.641,2.253,5.532,19.02,LISTENING
37931.06,5521.767,-1791.441,-3949.879,4.635,2.255,5.537,19.02,SENSING
37931.06,5521.767,-1791.441,-3949.879,4.635,2.255,5.537,19.02,LISTENING
37940.0,5562.916,-1771.238,-3900.222,4.578,2.273,5.577,19.02,SENSING
37940.0,5562.916,-1771.238,-3900.222,4.578,2.273,5.577,19.02,LISTENING
37946.09,5590.654,-1757.383,-3866.189,4.538,2.285,5.605,19.02,SENSING
37946.09,5590.654,-1757.383,-3866.189,4.538,2.285,5.605,19.02,LISTENING
37947.2,5595.684,-1754.849,-3859.968,4.531,2.288,5.61,19.02,SENSING
37947.2,5595.684,-1754.849,-3859.968,4.531,2.288,5.61,19.02,LISTENING
37950.0,5608.337,-1748.448,-3844.252,4.513,2.293,5.622,19.02,SENSING
37950.0,5608.337,-1748.448,-3844.252,4.513,2.293,5.622,19.02,LISTENING
37950.0,5608.337,-1748.448,-3844.252,4.513,2.293,5.622,19.02,SENSING
37950.0,5608.337,-1748.448,-3844.252,4.513,2.293,5.622,19.02,LISTENING
37958.67,5647.195,-1728.526,-3795.368,4.457,2.311,5.66,19.02,SENSING
37958.67,5647.195,-1728.526,-3795.368,4.457,2.311,5.66,19.02,LISTENING
37963.39,5668.145,-1717.618,-3768.617,4.426,2.32,5.681,19.02,SENSING
37963.39,5668.145,-1717.618,-3768.617,4.426,2.32,5.681,19.02,LISTENING
37970.0,5697.239,-1702.268,-3730.992,4.383,2.333,5.709,19.02,SENSING
37970.0,5697.239,-1702.268,-3730.992,4.383,2.333,5.709,19.02,LISTENING
37975.64,5721.837,-1689.103,-3698.739,4.346,2.344,5.733,19.02,SENSING
37975.64,5721.837,-1689.103,-3698.739,4.346,2.344,5.733,19.02,LISTENING
37975.98,5723.313,-1688.307,-3696.791,4.344,2.345,5.735,19.02,SENSING
37975.98,5723.313,-1688.307,-3696.791,4.344,2.345,5.735,19.02,LISTENING
37980.0,5740.709,-1678.883,-3673.714,4.317,2.352,5.752,19.02,SENSING
37980.0,5740.709,-1678.883,-3673.714,4.317,2.352,5.752,19.02,LISTENING
37985.05,5762.411,-1667.0,-3644.628,4.284,2.362,5.773,19.02,SENSING
37985.05,5762.411,-1667.0,-3644.628,4.284,2.362,5.773,19.02,LISTENING
37987.14,5771.343,-1662.068,-3632.559,4.27,2.366,5.782,19.02,SENSING
37987.14,5771.343,-1662.068,-3632.559,4.27,2.366,5.782,19.02,LISTENING
37990.0,5783.519,-1655.306,-3616.013,4.251,2.372,5.794,19.02,SENSING
37990.0,5783.519,-1655.306,-3616.013,4.251,2.372,5.794,19.02,LISTENING
37995.38,5806.275,-1642.542,-3584.798,4.215,2.382,5.816,19.02,SENSING
37995.38,5806.275,-1642.542,-3584.798,4.215,2.382,5.816,19.02,LISTENING
37997.36,5814.601,-1637.831,-3573.28,4.202,2.386,5.824,19.02,SENSING
37997.36,5814.601,-1637.831,-3573.28,4.202,2.386,5.824,19.02,LISTENING
38000.0,5825.662,-1631.538,-3557.897,4.184,2.391,5.835,19.02,SENSING
38000.0,5825.662,-1631.538,-3557.897,4.184,2.391,5.835,19.02,LISTENING
38000.0,5825.662,-1631.538,-3557.897,4.184,2.391,5.835,19.02,SENSING
38000.0,5825.662,-1631.538,-3557.897,4.184,2.391,5.835,19.02,LISTENING
38010.73,5870.137,-1605.827,-3495.081,4.112,2.411,5.879,19.02,SENSING
38010.73,5870.137,-1605.827,-3495.081,4.112,2.411,5.879,19.02,LISTENING
38030.0,5948.05,-1559.122,-3381.114,3.98,2.446,5.955,19.02,SENSING
38030.0,5948.05,-1559.122,-3381.114,3.98,2.446,5.955,19.02,LISTENING
38030.0,5948.05,-1559.122,-3381.114,3.98,2.446,5.955,19.02,SENSING
38030.0,5948.05,-1559.122,-3381.114,3.98,2.446,5.955,19.02,LISTENING
38180.0,6465.128,-1174.386,-2448.366,2.904,2.683,6.461,19.02,SENSING
38180.0,6465.128,-1174.386,-2448.366,2.904,2.683,6.461,19.02,LISTENING
38183.1,6474.087,-1166.079,-2428.334,2.881,2.687,6.47,19.02,SENSING
38183.1,6474.087,-1166.079,-2428.334,2.881,2.687,6.47,19.02,LISTENING
38187.65,6487.106,-1153.863,-2398.883,2.846,2.693,6.482,19.02,SENSING
38187.65,6487.106,-1153.863,-2398.883,2.846,2.693,6.482,19.02,LISTENING
38220.0,6575.183,-1066.231,-2187.876,2.602,2.734,6.568,19.02,SENSING
38220.0,6575.183,-1066.231,-2187.876,2.602,2.734,6.568,19.02,LISTENING
38220.0,6575.183,-1066.231,-2187.876,2.602,2.734,6.568,19.02,SENSING
38220.0,6575.183,-1066.231,-2187.876,2.602,2.734,6.568,19.02,LISTENING
38236.5,6617.053,-1021.033,-2079.219,2.476,2.754,6.609,19.02,SENSING
38236.5,6617.053,-1021.033,-2079.219,2.476,2.754,6.609,19.02,LISTENING
38250.0,6649.763,-983.814,-1989.829,2.373,2.77,6.641,19.02,SENSING
38250.0,6649.763,-983.814,-1989.829,2.373,2.77,6.641,19.02,LISTENING
38250.0,6649.763,-983.814,-1989.829,2.373,2.77,6.641,19.02,SENSING
38250.0,6649.763,-983.814,-1989.829,2.373,2.77,6.641,19.02,LISTENING
38263.04,6680.03,-947.666,-1903.087,2.272,2.784,6.67,19.02,SENSING
38263.04,6680.03,-947.666,-1903.087,2.272,2.784,6.67,19.02,LISTENING
38270.0,6695.647,-928.296,-1856.635,2.219,2.792,6.685,19.02,SENSING
38270.0,6695.647,-928.296,-1856.635,2.219,2.792,6.685,19.02,LISTENING
38270.0,6695.647,-928.296,-1856.635,2.219,2.792,6.685,19.02,SENSING
38270.0,6695.647,-928.296,-1856.635,2.219,2.792,6.685,19.02,MESSAGING
38270.0,6695.647,-928.296,-1856.635,2.219,2.792,6.685,19.02,SENSING
38270.0,6695.647,-928.296,-1856.635,2.219,2.792,6.685,19.02,LISTENING
38270.0,6695.647,-928.296,-1856.635,2.219,2.792,6.685,19.02,SENSING
38270.0,6695.647,-928.296,-1856.635,2.219,2.792,6.685,19.02,LISTENING
38287.66,6733.591,-878.918,-1738.309,2.082,2.81,6.722,19.02,SENSING
38287.66,6733.591,-878.918,-1738.309,2.082,2.81,6.722,19.02,LISTENING
38300.0,6758.664,-844.225,-1655.253,1.985,2.823,6.746,19.02,SENSING
38300.0,6758.664,-844.225,-1655.253,1.985,2.823,6.746,19.02,LISTENING
38315.32,6788.138,-800.949,-1551.737,1.865,2.837,6.774,19.02,SENSING
38315.32,6788.138,-800.949,-1551.737,1.865,2.837,6.774,19.02,LISTENING
38320.0,6796.774,-787.685,-1520.029,1.828,2.841,6.783,19.02,SENSING
38320.0,6796.774,-787.685,-1520.029,1.828,2.841,6.783,19.02,LISTENING
38342.86,6836.484,-722.617,-1364.611,1.648,2.861,6.821,19.02,SENSING
38342.86,6836.484,-722.617,-1364.611,1.648,2.861,6.821,19.02,LISTENING
38350.0,6848.042,-702.202,-1315.894,1.592,2.867,6.832,19.02,SENSING
38350.0,6848.042,-702.202,-1315.894,1.592,2.867,6.832,19.02,LISTENING
38360.0,6863.55,-673.542,-1247.534,1.512,2.875,6.847,19.02,SENSING
38360.0,6863.55,-673.542,-1247.534,1.512,2.875,6.847,19.02,LISTENING
38387.78,6902.462,-593.524,-1056.898,1.291,2.896,6.884,19.02,SENSING
38387.78,6902.462,-593.524,-1056.898,1.291,2.896,6.884,19.02,LISTENING
38400.0,6917.63,-558.154,-972.731,1.193,2.904,6.898,19.02,SENSING
38400.0,6917.63,-558.154,-972.731,1.193,2.904,6.898,19.02,LISTENING
38434.96,6954.417,-456.454,-731.061,0.913,2.924,6.933,19.02,SENSING
38434.96,6954.417,-456.454,-731.061,0.913,2.924,6.933,19.02,LISTENING
38450.0,6967.222,-412.495,-626.755,0.791,2.932,6.945,19.02,SENSING
38450.0,6967.222,-412.495,-626.755,0.791,2.932,6.945,19.02,LISTENING
38460.0,6974.727,-383.206,-557.31,0.711,2.936,6.951,19.02,SENSING
38460.0,6974.727,-383.206,-557.31,0.711,2.936,6.951,19.02,LISTENING
38480.0,6987.315,-324.501,-418.235,0.549,2.945,6.963,19.02,SENSING
38480.0,6987.315,-324.501,-418.235,0.549,2.945,6.963,19.02,LISTENING
38498.7,6996.161,-269.474,-288.023,0.398,2.951,6.97,19.02,SENSING
38498.7,6996.161,-269.474,-288.023,0.398,2.951,6.97,19.02,LISTENING
38507.68,6999.403,-243.01,-225.449,0.325,2.954,6.973,19.02,SENSING
38507.68,6999.403,-243.01,-225.449,0.325,2.954,6.973,19.02,MANEUVERING
38507.68,6999.403,-243.01,-225.449,0.325,2.954,6.973,19.02,LISTENING
38510.0,7000.135,-236.169,-209.279,0.306,2.954,6.974,16.7,MANEUVERING
38510.0,7000.135,-236.169,-209.279,0.306,2.954,6.974,16.7,SENSING
38510.0,7000.135,-236.169,-209.279,0.306,2.954,6.974,16.7,MANEUVERING
38510.0,7000.135,-236.169,-209.279,0.306,2.954,6.974,16.7,LISTENING
38510.0,7000.135,-236.169,-209.279,0.306,2.954,6.974,16.7,MANEUVERING
38510.0,7000.135,-236.169,-209.279,0.306,2.954,6.974,16.7,SENSING
38510.0,7000.135,-236.169,-209.279,0.306,2.954,6.974,16.7,MESSAGING
38510.0,7000.135,-236.169,-209.279,0.306,2.954,6.974,16.7,SENSING
38510.0,7000.135,-236.169,-209.279,0.306,2.954,6.974,16.7,MESSAGING
38510.0,7000.135,-236.169,-209.279,0.306,2.954,6.974,16.7,MESSAGING
38510.0,7000.135,-236.169,-209.279,0.306,2.954,6.974,16.7,SENSING
38510.0,7000.135,-236.169,-209.279,0.306,2.954,6.974,16.7,MESSAGING
38510.0,7000.135,-236.169,-209.279,0.306,2.954,6.974,16.7,MESSAGING
38510.0,7000.135,-236.169,-209.279,0.306,2.954,6.974,16.7,MESSAGING
38510.0,7000.135,-236.169,-209.279,0.306,2.954,6.974,16.7,SENSING
38510.0,7000.135,-236.169,-209.279,0.306,2.954,6.974,16.7,MANEUVERING
38510.0,7000.135,-236.169,-209.279,0.306,2.954,6.974,16.7,LISTENING
38510.0,7000.135,-236.169,-209.279,0.306,2.954,6.974,16.7,MANEUVERING
38510.0,7000.135,-236.169,-209.279,0.306,2.954,6.974,16.7,SENSING
38510.0,7000.135,-236.169,-209.279,0.306,2.954,6.974,16.7,MANEUVERING
38510.0,7000.135,-236.169,-209.279,0.306,2.954,6.974,16.7,LISTENING
38510.0,7000.135,-236.169,-209.279,0.306,2.954,6.974,16.7,MANEUVERING
38510.0,7000.135,-236.169,-209.279,0.306,2.954,6.974,16.7,SENSING
38510.0,7000.135,-236.169,-209.279,0.306,2.954,6.974,16.7,MANEUVERING
38510.0,7000.135,-236.169,-209.279,0.306,2.954,6.974,16.7,LISTENING
38520.0,7002.789,-206.666,-139.568,0.225,2.957,6.976,6.7,MANEUVERING
38520.0,7002.789,-206.666,-139.568,0.225,2.957,6.976,6.7,SENSING
38520.0,7002.789,-206.666,-139.568,0.225,2.957,6.976,6.7,MANEUVERING
38520.0,7002.789,-206.666,-139.568,0.225,2.957,6.976,6.7,LISTENING
38533.65,7005.104,-166.356,-44.388,0.114,2.96,6.977,-6.95,MANEUVERING
38533.65,7005.104,-166.356,-44.388,0.114,2.96,6.977,-6.95,SENSING
38533.65,7005.104,-166.356,-44.388,0.114,2.96,6.977,-6.95,MANEUVERING
38533.65,7005.104,-166.356,-44.388,0.114,2.96,6.977,-6.95,LISTENING
38540.0,7005.667,-147.592,-0.106,0.063,2.961,6.977,-13.3,MANEUVERING
38540.0,7005.667,-147.592,-0.106,0.063,2.961,6.977,-13.3,SENSING
38540.0,7005.667,-147.592,-0.106,0.063,2.961,6.977,-13.3,MANEUVERING
38540.0,7005.667,-147.592,-0.106,0.063,2.961,6.977,-13.3,LISTENING
38550.0,7005.89,-118.027,69.63,-0.018,2.963,6.977,-23.3,MANEUVERING
38550.0,7005.89,-118.027,69.63,-0.018,2.963,6.977,-23.3,SENSING
38550.0,7005.89,-118.027,69.63,-0.018,2.963,6.977,-23.3,MEASURING
38550.0,7005.89,-118.027,69.63,-0.018,2.963,6.977,-23.3,SENSING
38550.0,7005.89,-118.027,69.63,-0.018,2.963,6.977,-23.3,LISTENING
38560.0,7005.303,-88.449,139.357,-0.099,2.964,6.976,-23.3,SENSING
38560.0,7005.303,-88.449,139.357,-0.099,2.964,6.976,-23.3,LISTENING
38564.32,7004.799,-75.668,169.475,-0.134,2.964,6.975,-23.3,SENSING
38564.32,7004.799,-75.668,169.475,-0.134,2.964,6.975,-23.3,LISTENING
38567.45,7004.339,-66.407,191.293,-0.16,2.964,6.974,-23.3,SENSING
38567.45,7004.339,-66.407,191.293,-0.16,2.964,6.974,-23.3,LISTENING
38570.0,7003.905,-58.861,209.068,-0.18,2.965,6.974,-23.3,SENSING
38570.0,7003.905,-58.861,209.068,-0.18,2.965,6.974,-23.3,LISTENING
38570.0,7003.905,-58.861,209.068,-0.18,2.965,6.974,-23.3,SENSING
38570.0,7003.905,-58.861,209.068,-0.18,2.965,6.974,-23.3,LISTENING
38594.49,6997.061,13.623,379.672,-0.379,2.965,6.965,-23.3,SENSING
38594.49,6997.061,13.623,379.672,-0.379,2.965,6.965,-23.3,LISTENING
38597.25,6995.986,21.792,398.884,-0.401,2.965,6.964,-23.3,SENSING
38597.25,6995.986,21.792,398.884,-0.401,2.965,6.964,-23.3,LISTENING
38600.0,6994.852,29.932,418.024,-0.423,2.965,6.963,-23.3,SENSING
38600.0,6994.852,29.932,418.024,-0.423,2.965,6.963,-23.3,LISTENING
38600.0,6994.852,29.932,418.024,-0.423,2.965,6.963,-23.3,SENSING
38600.0,6994.852,29.932,418.024,-0.423,2.965,6.963,-23.3,LISTENING
38600.0,6994.852,29.932,418.024,-0.423,2.965,6.963,-23.3,SENSING
38600.0,6994.852,29.932,418.024,-0.423,2.965,6.963,-23.3,LISTENING
38614.96,6987.616,74.204,522.074,-0.545,2.964,6.955,-23.3,SENSING
38614.96,6987.616,74.204,522.074,-0.545,2.964,6.955,-23.3,LISTENING
38620.47,6984.495,90.505,560.365,-0.589,2.964,6.951,-23.3,SENSING
38620.47,6984.495,90.505,560.365,-0.589,2.964,6.951,-23.3,LISTENING
38630.0,6978.518,118.693,626.544,-0.666,2.963,6.945,-23.3,SENSING
38630.0,6978.518,118.693,626.544,-0.666,2.963,6.945,-23.3,LISTENING
38630.0,6978.518,118.693,626.544,-0.666,2.963,6.945,-23.3,SENSING
38630.0,6978.518,118.693,626.544,-0.666,2.963,6.945,-23.3,LISTENING
38635.0,6975.088,133.477,661.24,-0.706,2.962,6.941,-23.3,SENSING
38635.0,6975.088,133.477,661.24,-0.706,2.962,6.941,-23.3,LISTENING
38640.0,6971.457,148.258,695.917,-0.747,2.961,6.937,-23.3,SENSING
38640.0,6971.457,148.258,695.917,-0.747,2.961,6.937,-23.3,LISTENING
38643.13,6969.082,157.508,717.614,-0.772,2.96,6.934,-23.3,SENSING
38643.13,6969.082,157.508,717.614,-0.772,2.96,6.934,-23.3,MANEUVERING
38643.13,6969.082,157.508,717.614,-0.772,2.96,6.934,-23.3,LISTENING
38650.0,6963.591,177.805,765.209,-0.827,2.959,6.928,-16.43,MANEUVERING
38650.0,6963.591,177.805,765.209,-0.827,2.959,6.928,-16.43,SENSING
38650.0,6963.591,177.805,765.209,-0.827,2.959,6.928,-16.43,MEASURING
38650.0,6963.591,177.805,765.209,-0.827,2.959,6.928,-16.43,SENSING
38650.0,6963.591,177.805,765.209,-0.827,2.959,6.928,-16.43,LISTENING
38651.53,6962.316,182.324,775.803,-0.84,2.959,6.927,-16.43,SENSING
38651.53,6962.316,182.324,775.803,-0.84,2.959,6.927,-16.43,LISTENING
38657.26,6957.375,199.244,815.46,-0.886,2.958,6.922,-16.43,SENSING
38657.26,6957.375,199.244,815.46,-0.886,2.958,6.922,-16.43,MANEUVERING
38657.26,6957.375,199.244,815.46,-0.886,2.958,6.922,-16.43,LISTENING
38660.0,6954.919,207.332,834.413,-0.908,2.957,6.919,-13.69,MANEUVERING
38660.0,6954.919,207.332,834.413,-0.908,2.957,6.919,-13.69,SENSING
38660.0,6954.919,207.332,834.413,-0.908,2.957,6.919,-13.69,MEASURING
38660.0,6954.919,207.332,834.413,-0.908,2.957,6.919,-13.69,SENSING
38660.0,6954.919,207.332,834.413,-0.908,2.957,6.919,-13.69,LISTENING
38676.69,6938.654,256.557,949.694,-1.042,2.952,6.902,-13.69,SENSING
38676.69,6938.654,256.557,949.694,-1.042,2.952,6.902,-13.69,LISTENING
38700.0,6912.199,325.166,1110.181,-1.229,2.945,6.874,-13.69,SENSING
38700.0,6912.199,325.166,1110.181,-1.229,2.945,6.874,-13.69,LISTENING
38713.25,6895.224,364.078,1201.102,-1.335,2.939,6.856,-13.69,SENSING
38713.25,6895.224,364.078,1201.102,-1.335,2.939,6.856,-13.69,MANEUVERING
38713.25,6895.224,364.078,1201.102,-1.335,2.939,6.856,-13.69,LISTENING
38713.82,6894.463,365.75,1205.008,-1.339,2.939,6.856,-13.12,MANEUVERING
38713.82,6894.463,365.75,1205.008,-1.339,2.939,6.856,-13.12,SENSING
38713.82,6894.463,365.75,1205.008,-1.339,2.939,6.856,-13.12,MANEUVERING
38713.82,6894.463,365.75,1205.008,-1.339,2.939,6.856,-13.12,LISTENING
38740.0,6856.693,442.402,1383.896,-1.548,2.927,6.816,13.06,MANEUVERING
38740.0,6856.693,442.402,1383.896,-1.548,2.927,6.816,13.06,SENSING
38740.0,6856.693,442.402,1383.896,-1.548,2.927,6.816,13.06,MANEUVERING
38740.0,6856.693,442.402,1383.896,-1.548,2.927,6.816,13.06,LISTENING
38740.11,6856.523,442.723,1384.645,-1.549,2.927,6.816,13.17,MANEUVERING
38740.11,6856.523,442.723,1384.645,-1.549,2.927,6.816,13.17,SENSING
38740.11,6856.523,442.723,1384.645,-1.549,2.927,6.816,13.17,MANEUVERING
38740.11,6856.523,442.723,1384.645,-1.549,2.927,6.816,13.17,LISTENING
38746.97,6845.721,462.752,1431.343,-1.603,2.923,6.805,20.03,MANEUVERING
38746.97,6845.721,462.752,1431.343,-1.603,2.923,6.805,20.03,SENSING
38746.97,6845.721,462.752,1431.343,-1.603,2.923,6.805,20.03,MANEUVERING
38746.97,6845.721,462.752,1431.343,-1.603,2.923,6.805,20.03,LISTENING
38750.0,6840.831,471.591,1451.944,-1.627,2.922,6.8,23.06,MANEUVERING
38750.0,6840.831,471.591,1451.944,-1.627,2.922,6.8,23.06,SENSING
38750.0,6840.831,471.591,1451.944,-1.627,2.922,6.8,23.06,MEASURING
38750.0,6840.831,471.591,1451.944,-1.627,2.922,6.8,23.06,SENSING
38750.0,6840.831,471.591,1451.944,-1.627,2.922,6.8,23.06,LISTENING
38760.0,6824.178,500.727,1519.824,-1.706,2.916,6.783,23.06,SENSING
38760.0,6824.178,500.727,1519.824,-1.706,2.916,6.783,23.06,LISTENING
38760.0,6824.178,500.727,1519.824,-1.706,2.916,6.783,23.06,SENSING
38760.0,6824.178,500.727,1519.824,-1.706,2.916,6.783,23.06,LISTENING
38762.63,6819.667,508.38,1537.648,-1.727,2.914,6.778,23.06,SENSING
38762.63,6819.667,508.38,1537.648,-1.727,2.914,6.778,23.06,MANEUVERING
38762.63,6819.667,508.38,1537.648,-1.727,2.914,6.778,23.06,LISTENING
38770.0,6806.736,529.804,1587.529,-1.785,2.91,6.765,30.43,MANEUVERING
38770.0,6806.736,529.804,1587.529,-1.785,2.91,6.765,30.43,SENSING
38770.0,6806.736,529.804,1587.529,-1.785,2.91,6.765,30.43,MEASURING
38770.0,6806.736,529.804,1587.529,-1.785,2.91,6.765,30.43,SENSING
38770.0,6806.736,529.804,1587.529,-1.785,2.91,6.765,30.43,LISTENING
38777.48,6793.175,551.515,1638.052,-1.844,2.905,6.751,30.43,SENSING
38777.48,6793.175,551.515,1638.052,-1.844,2.905,6.751,30.43,MANEUVERING
38777.48,6793.175,551.515,1638.052,-1.844,2.905,6.751,30.43,LISTENING
38780.0,6788.507,558.821,1655.05,-1.863,2.904,6.746,27.91,MANEUVERING
38780.0,6788.507,558.821,1655.05,-1.863,2.904,6.746,27.91,SENSING
38780.0,6788.507,558.821,1655.05,-1.863,2.904,6.746,27.91,MEASURING
38780.0,6788.507,558.821,1655.05,-1.863,2.904,6.746,27.91,SENSING
38780.0,6788.507,558.821,1655.05,-1.863,2.904,6.746,27.91,LISTENING
38800.0,6749.699,616.657,1789.51,-2.02,2.89,6.706,27.91,SENSING
38800.0,6749.699,616.657,1789.51,-2.02,2.89,6.706,27.91,MEASURING
38800.0,6749.699,616.657,1789.51,-2.02,2.89,6.706,27.91,SENSING
38800.0,6749.699,616.657,1789.51,-2.02,2.89,6.706,27.91,LISTENING
38812.29,6724.302,652.059,1871.729,-2.116,2.881,6.68,27.91,SENSING
38812.29,6724.302,652.059,1871.729,-2.116,2.881,6.68,27.91,MANEUVERING
38812.29,6724.302,652.059,1871.729,-2.116,2.881,6.68,27.91,LISTENING
38830.0,6685.643,702.871,1989.63,-2.253,2.867,6.641,10.2,MANEUVERING
38830.0,6685.643,702.871,1989.63,-2.253,2.867,6.641,10.2,SENSING
38830.0,6685.643,702.871,1989.63,-2.253,2.867,6.641,10.2,MEASURING
38830.0,6685.643,702.871,1989.63,-2.253,2.867,6.641,10.2,SENSING
38830.0,6685.643,702.871,1989.63,-2.253,2.867,6.641,10.2,LISTENING
38834.78,6674.793,716.543,2021.329,-2.29,2.863,6.63,10.2,SENSING
38834.78,6674.793,716.543,2021.329,-2.29,2.863,6.63,10.2,LISTENING
38840.0,6662.743,731.451,2055.887,-2.33,2.859,6.617,10.2,SENSING
38840.0,6662.743,731.451,2055.887,-2.33,2.859,6.617,10.2,LISTENING
38843.38,6654.829,741.093,2078.228,-2.356,2.856,6.609,10.2,SENSING
38843.38,6654.829,741.093,2078.228,-2.356,2.856,6.609,10.2,MANEUVERING
38843.38,6654.829,741.093,2078.228,-2.356,2.856,6.609,10.2,LISTENING
38850.0,6639.074,759.948,2121.906,-2.407,2.85,6.593,16.82,MANEUVERING
38850.0,6639.074,759.948,2121.906,-2.407,2.85,6.593,16.82,SENSING
38850.0,6639.074,759.948,2121.906,-2.407,2.85,6.593,16.82,MEASURING
38850.0,6639.074,759.948,2121.906,-2.407,2.85,6.593,16.82,SENSING
38850.0,6639.074,759.948,2121.906,-2.407,2.85,6.593,16.82,LISTENING
38886.56,6546.035,863.36,2361.129,-2.685,2.816,6.498,16.82,SENSING
38886.56,6546.035,863.36,2361.129,-2.685,2.816,6.498,16.82,LISTENING
38890.0,6536.759,873.024,2383.457,-2.711,2.813,6.489,16.82,SENSING
38890.0,6536.759,873.024,2383.457,-2.711,2.813,6.489,16.82,LISTENING
38895.47,6521.824,888.367,2418.892,-2.753,2.807,6.474,16.82,SENSING
38895.47,6521.824,888.367,2418.892,-2.753,2.807,6.474,16.82,MANEUVERING
38895.47,6521.824,888.367,2418.892,-2.753,2.807,6.474,16.82,LISTENING
38899.7,6510.121,900.211,2446.237,-2.785,2.803,6.462,12.59,MANEUVERING
38899.7,6510.121,900.211,2446.237,-2.785,2.803,6.462,12.59,SENSING
38899.7,6510.121,900.211,2446.237,-2.785,2.803,6.462,12.59,MANEUVERING
38899.7,6510.121,900.211,2446.237,-2.785,2.803,6.462,12.59,LISTENING
38910.0,6481.061,928.972,2512.611,-2.862,2.792,6.432,2.29,MANEUVERING
38910.0,6481.061,928.972,2512.611,-2.862,2.792,6.432,2.29,SENSING
38910.0,6481.061,928.972,2512.611,-2.862,2.792,6.432,2.29,MEASURING
38910.0,6481.061,928.972,2512.611,-2.862,2.792,6.432,2.29,SENSING
38910.0,6481.061,928.972,2512.611,-2.862,2.792,6.432,2.29,LISTENING
38915.69,6464.668,944.812,2549.145,-2.904,2.786,6.416,2.29,SENSING
38915.69,6464.668,944.812,2549.145,-2.904,2.786,6.416,2.29,MANEUVERING
38915.69,6464.668,944.812,2549.145,-2.904,2.786,6.416,2.29,LISTENING
38920.0,6452.089,956.787,2576.756,-2.937,2.781,6.403,6.6,MANEUVERING
38920.0,6452.089,956.787,2576.756,-2.937,2.781,6.403,6.6,SENSING
38920.0,6452.089,956.787,2576.756,-2.937,2.781,6.403,6.6,MEASURING
38920.0,6452.089,956.787,2576.756,-2.937,2.781,6.403,6.6,SENSING
38920.0,6452.089,956.787,2576.756,-2.937,2.781,6.403,6.6,LISTENING
38926.03,6434.259,973.507,2615.292,-2.981,2.774,6.385,6.6,SENSING
38926.03,6434.259,973.507,2615.292,-2.981,2.774,6.385,6.6,MANEUVERING
38926.03,6434.259,973.507,2615.292,-2.981,2.774,6.385,6.6,LISTENING
38950.0,6360.719,1039.559,2767.378,-3.158,2.746,6.31,30.57,MANEUVERING
38950.0,6360.719,1039.559,2767.378,-3.158,2.746,6.31,30.57,SENSING
38950.0,6360.719,1039.559,2767.378,-3.158,2.746,6.31,30.57,MEASURING
38950.0,6360.719,1039.559,2767.378,-3.158,2.746,6.31,30.57,SENSING
38950.0,6360.719,1039.559,2767.378,-3.158,2.746,6.31,30.57,LISTENING
38956.36,6340.497,1056.972,2807.428,-3.205,2.739,6.29,30.57,SENSING
38956.36,6340.497,1056.972,2807.428,-3.205,2.739,6.29,30.57,MANEUVERING
38956.36,6340.497,1056.972,2807.428,-3.205,2.739,6.29,30.57,LISTENING
38970.0,6296.132,1094.148,2892.876,-3.305,2.722,6.245,16.93,MANEUVERING
38970.0,6296.132,1094.148,2892.876,-3.305,2.722,6.245,16.93,SENSING
38970.0,6296.132,1094.148,2892.876,-3.305,2.722,6.245,16.93,MEASURING
38970.0,6296.132,1094.148,2892.876,-3.305,2.722,6.245,16.93,SENSING
38970.0,6296.132,1094.148,2892.876,-3.305,2.722,6.245,16.93,LISTENING
38995.12,6210.9,1161.995,3048.602,-3.486,2.689,6.159,16.93,SENSING
38995.12,6210.9,1161.995,3048.602,-3.486,2.689,6.159,16.93,MANEUVERING
38995.12,6210.9,1161.995,3048.602,-3.486,2.689,6.159,16.93,LISTENING
39000.0,6193.816,1175.079,3078.601,-3.521,2.683,6.142,12.05,MANEUVERING
39000.0,6193.816,1175.079,3078.601,-3.521,2.683,6.142,12.05,SENSING
39000.0,6193.816,1175.079,3078.601,-3.521,2.683,6.142,12.05,MEASURING
39000.0,6193.816,1175.079,3078.601,-3.521,2.683,6.142,12.05,SENSING
39000.0,6193.816,1175.079,3078.601,-3.521,2.683,6.142,12.05,LISTENING
39016.08,6136.323,1217.963,3176.846,-3.635,2.66,6.084,12.05,SENSING
39016.08,6136.323,1217.963,3176.846,-3.635,2.66,6.084,12.05,LISTENING
39020.0,6122.029,1228.363,3200.654,-3.663,2.655,6.069,12.05,SENSING
39020.0,6122.029,1228.363,3200.654,-3.663,2.655,6.069,12.05,LISTENING
39020.0,6122.029,1228.363,3200.654,-3.663,2.655,6.069,12.05,SENSING
39020.0,6122.029,1228.363,3200.654,-3.663,2.655,6.069,12.05,MESSAGING
39020.0,6122.029,1228.363,3200.654,-3.663,2.655,6.069,12.05,SENSING
39020.0,6122.029,1228.363,3200.654,-3.663,2.655,6.069,12.05,LISTENING
39032.84,6074.452,1262.275,3278.239,-3.753,2.637,6.021,12.05,SENSING
39032.84,6074.452,1262.275,3278.239,-3.753,2.637,6.021,12.05,MANEUVERING
39032.84,6074.452,1262.275,3278.239,-3.753,2.637,6.021,12.05,LISTENING
39060.0,5970.026,1333.213,3440.28,-3.942,2.596,5.916,-15.11,MANEUVERING
39060.0,5970.026,1333.213,3440.28,-3.942,2.596,5.916,-15.11,SENSING
39060.0,5970.026,1333.213,3440.28,-3.942,2.596,5.916,-15.11,MEASURING
39060.0,5970.026,1333.213,3440.28,-3.942,2.596,5.916,-15.11,SENSING
39060.0,5970.026,1333.213,3440.28,-3.942,2.596,5.916,-15.11,LISTENING
39068.62,5935.819,1355.493,3491.103,-4.001,2.583,5.882,-15.11,SENSING
39068.62,5935.819,1355.493,3491.103,-4.001,2.583,5.882,-15.11,MANEUVERING
39068.62,5935.819,1355.493,3491.103,-4.001,2.583,5.882,-15.11,LISTENING
39080.0,5889.882,1384.73,3557.742,-4.078,2.565,5.836,-26.49,MANEUVERING
39080.0,5889.882,1384.73,3557.742,-4.078,2.565,5.836,-26.49,SENSING
39080.0,5889.882,1384.73,3557.742,-4.078,2.565,5.836,-26.49,MEASURING
39080.0,5889.882,1384.73,3557.742,-4.078,2.565,5.836,-26.49,SENSING
39080.0,5889.882,1384.73,3557.742,-4.078,2.565,5.836,-26.49,LISTENING
39085.93,5865.596,1399.884,3592.257,-4.118,2.555,5.811,-26.49,SENSING
39085.93,5865.596,1399.884,3592.257,-4.118,2.555,5.811,-26.49,MANEUVERING
39085.93,5865.596,1399.884,3592.257,-4.118,2.555,5.811,-26.49,LISTENING
39090.0,5848.79,1410.252,3615.862,-4.146,2.549,5.794,-30.56,MANEUVERING
39090.0,5848.79,1410.252,3615.862,-4.146,2.549,5.794,-30.56,SENSING
39090.0,5848.79,1410.252,3615.862,-4.146,2.549,5.794,-30.56,MEASURING
39090.0,5848.79,1410.252,3615.862,-4.146,2.549,5.794,-30.56,SENSING
39090.0,5848.79,1410.252,3615.862,-4.146,2.549,5.794,-30.56,LISTENING
39097.37,5818.075,1428.958,3658.43,-4.195,2.537,5.763,-30.56,SENSING
39097.37,5818.075,1428.958,3658.43,-4.195,2.537,5.763,-30.56,MANEUVERING
39097.37,5818.075,1428.958,3658.43,-4.195,2.537,5.763,-30.56,LISTENING
39100.0,5807.026,1435.612,3673.565,-4.213,2.532,5.752,-27.93,MANEUVERING
39100.0,5807.026,1435.612,3673.565,-4.213,2.532,5.752,-27.93,SENSING
39100.0,5807.026,1435.612,3673.565,-4.213,2.532,5.752,-27.93,MEASURING
39100.0,5807.026,1435.612,3673.565,-4.213,2.532,5.752,-27.93,SENSING
39100.0,5807.026,1435.612,3673.565,-4.213,2.532,5.752,-27.93,LISTENING
39104.07,5789.836,1445.886,3696.93,-4.24,2.526,5.735,-27.93,SENSING
39104.07,5789.836,1445.886,3696.93,-4.24,2.526,5.735,-27.93,LISTENING
39107.07,5777.095,1453.442,3714.107,-4.26,2.521,5.722,-27.93,SENSING
39107.07,5777.095,1453.442,3714.107,-4.26,2.521,5.722,-27.93,MANEUVERING
39107.07,5777.095,1453.442,3714.107,-4.26,2.521,5.722,-27.93,LISTENING
39110.0,5764.593,1460.807,3730.846,-4.28,2.516,5.71,-30.86,MANEUVERING
39110.0,5764.593,1460.807,3730.846,-4.28,2.516,5.71,-30.86,SENSING
39110.0,5764.593,1460.807,3730.846,-4.28,2.516,5.71,-30.86,MEASURING
39110.0,5764.593,1460.807,3730.846,-4.28,2.516,5.71,-30.86,SENSING
39110.0,5764.593,1460.807,3730.846,-4.28,2.516,5.71,-30.86,LISTENING
39120.0,5721.497,1485.835,3787.697,-4.346,2.499,5.666,-30.86,SENSING
39120.0,5721.497,1485.835,3787.697,-4.346,2.499,5.666,-30.86,MEASURING
39120.0,5721.497,1485.835,3787.697,-4.346,2.499,5.666,-30.86,SENSING
39120.0,5721.497,1485.835,3787.697,-4.346,2.499,5.666,-30.86,LISTENING
39126.88,5691.465,1502.955,3826.558,-4.391,2.487,5.636,-30.86,SENSING
39126.88,5691.465,1502.955,3826.558,-4.391,2.487,5.636,-30.86,MANEUVERING
39126.88,5691.465,1502.955,3826.558,-4.391,2.487,5.636,-30.86,LISTENING
39140.0,5633.336,1535.375,3900.086,-4.476,2.464,5.578,-17.74,MANEUVERING
39140.0,5633.336,1535.375,3900.086,-4.476,2.464,5.578,-17.74,SENSING
39140.0,5633.336,1535.375,3900.086,-4.476,2.464,5.578,-17.74,MEASURING
39140.0,5633.336,1535.375,3900.086,-4.476,2.464,5.578,-17.74,SENSING
39140.0,5633.336,1535.375,3900.086,-4.476,2.464,5.578,-17.74,LISTENING
39145.55,5608.411,1548.999,3930.958,-4.512,2.454,5.553,-17.74,SENSING
39145.55,5608.411,1548.999,3930.958,-4.512,2.454,5.553,-17.74,MANEUVERING
39145.55,5608.411,1548.999,3930.958,-4.512,2.454,5.553,-17.74,LISTENING
39150.0,5588.282,1559.883,3955.61,-4.541,2.446,5.533,-22.19,MANEUVERING
39150.0,5588.282,1559.883,3955.61,-4.541,2.446,5.533,-22.19,SENSING
39150.0,5588.282,1559.883,3955.61,-4.541,2.446,5.533,-22.19,MEASURING
39150.0,5588.282,1559.883,3955.61,-4.541,2.446,5.533,-22.19,SENSING
39150.0,5588.282,1559.883,3955.61,-4.541,2.446,5.533,-22.19,LISTENING
39166.49,5512.586,1599.903,4046.174,-4.646,2.416,5.457,-22.19,SENSING
39166.49,5512.586,1599.903,4046.174,-4.646,2.416,5.457,-22.19,LISTENING
39170.0,5496.251,1608.358,4065.289,-4.668,2.41,5.44,-22.19,SENSING
39170.0,5496.251,1608.358,4065.289,-4.668,2.41,5.44,-22.19,LISTENING
39176.87,5464.053,1624.84,4102.534,-4.712,2.397,5.408,-22.19,SENSING
39176.87,5464.053,1624.84,4102.534,-4.712,2.397,5.408,-22.19,LISTENING
39180.0,5449.285,1632.321,4119.43,-4.731,2.391,5.393,-22.19,SENSING
39180.0,5449.285,1632.321,4119.43,-4.731,2.391,5.393,-22.19,LISTENING
39180.0,5449.285,1632.321,4119.43,-4.731,2.391,5.393,-22.19,SENSING
39180.0,5449.285,1632.321,4119.43,-4.731,2.391,5.393,-22.19,LISTENING
39184.32,5428.802,1642.615,4142.673,-4.758,2.383,5.373,-22.19,SENSING
39184.32,5428.802,1642.615,4142.673,-4.758,2.383,5.373,-22.19,MANEUVERING
39184.32,5428.802,1642.615,4142.673,-4.758,2.383,5.373,-22.19,LISTENING
39190.0,5401.694,1656.096,4173.098,-4.794,2.372,5.346,-27.87,MANEUVERING
39190.0,5401.694,1656.096,4173.098,-4.794,2.372,5.346,-27.87,SENSING
39190.0,5401.694,1656.096,4173.098,-4.794,2.372,5.346,-27.87,MEASURING
39190.0,5401.694,1656.096,4173.098,-4.794,2.372,5.346,-27.87,SENSING
39190.0,5401.694,1656.096,4173.098,-4.794,2.372,5.346,-27.87,LISTENING
39192.37,5390.324,1661.703,4185.747,-4.808,2.368,5.334,-27.87,SENSING
39192.37,5390.324,1661.703,4185.747,-4.808,2.368,5.334,-27.87,LISTENING
39200.0,5353.482,1679.682,4226.286,-4.855,2.353,5.297,-27.87,SENSING
39200.0,5353.482,1679.682,4226.286,-4.855,2.353,5.297,-27.87,LISTENING
39200.0,5353.482,1679.682,4226.286,-4.855,2.353,5.297,-27.87,SENSING
39200.0,5353.482,1679.682,4226.286,-4.855,2.353,5.297,-27.87,LISTENING
39203.98,5334.122,1689.016,4247.32,-4.88,2.345,5.278,-27.87,SENSING
39203.98,5334.122,1689.016,4247.32,-4.88,2.345,5.278,-27.87,MANEUVERING
39203.98,5334.122,1689.016,4247.32,-4.88,2.345,5.278,-27.87,LISTENING
39205.39,5327.24,1692.315,4254.753,-4.889,2.343,5.271,-26.46,MANEUVERING
39205.39,5327.24,1692.315,4254.753,-4.889,2.343,5.271,-26.46,SENSING
39205.39,5327.24,1692.315,4254.753,-4.889,2.343,5.271,-26.46,MANEUVERING
39205.39,5327.24,1692.315,4254.753,-4.889,2.343,5.271,-26.46,LISTENING
39209.78,5305.736,1702.563,4277.834,-4.915,2.334,5.25,-22.07,MANEUVERING
39209.78,5305.736,1702.563,4277.834,-4.915,2.334,5.25,-22.07,SENSING
39209.78,5305.736,1702.563,4277.834,-4.915,2.334,5.25,-22.07,MANEUVERING
39209.78,5305.736,1702.563,4277.834,-4.915,2.334,5.25,-22.07,LISTENING
39210.0,5304.655,1703.075,4278.989,-4.917,2.334,5.248,-21.85,MANEUVERING
39210.0,5304.655,1703.075,4278.989,-4.917,2.334,5.248,-21.85,SENSING
39210.0,5304.655,1703.075,4278.989,-4.917,2.334,5.248,-21.85,MEASURING
39210.0,5304.655,1703.075,4278.989,-4.917,2.334,5.248,-21.85,SENSING
39210.0,5304.655,1703.075,4278.989,-4.917,2.334,5.248,-21.85,LISTENING
39230.0,5205.18,1749.274,4382.914,-5.037,2.294,5.149,-21.85,SENSING
39230.0,5205.18,1749.274,4382.914,-5.037,2.294,5.149,-21.85,LISTENING
39230.0,5205.18,1749.274,4382.914,-5.037,2.294,5.149,-21.85,SENSING
39230.0,5205.18,1749.274,4382.914,-5.037,2.294,5.149,-21.85,MESSAGING
39230.0,5205.18,1749.274,4382.914,-5.037,2.294,5.149,-21.85,SENSING
39230.0,5205.18,1749.274,4382.914,-5.037,2.294,5.149,-21.85,LISTENING
39230.0,5205.18,1749.274,4382.914,-5.037,2.294,5.149,-21.85,SENSING
39230.0,5205.18,1749.274,4382.914,-5.037,2.294,5.149,-21.85,LISTENING
39230.66,5201.857,1750.785,4386.309,-5.041,2.293,5.146,-21.85,SENSING
39230.66,5201.857,1750.785,4386.309,-5.041,2.293,5.146,-21.85,MANEUVERING
39230.66,5201.857,1750.785,4386.309,-5.041,2.293,5.146,-21.85,LISTENING
39240.0,5154.544,1772.074,4434.124,-5.097,2.274,5.098,-31.19,MANEUVERING
39240.0,5154.544,1772.074,4434.124,-5.097,2.274,5.098,-31.19,SENSING
39240.0,5154.544,1772.074,4434.124,-5.097,2.274,5.098,-31.19,MEASURING
39240.0,5154.544,1772.074,4434.124,-5.097,2.274,5.098,-31.19,SENSING
39240.0,5154.544,1772.074,4434.124,-5.097,2.274,5.098,-31.19,LISTENING
39250.12,5102.698,1794.942,4485.431,-5.156,2.253,5.046,-31.19,SENSING
39250.12,5102.698,1794.942,4485.431,-5.156,2.253,5.046,-31.19,MANEUVERING
39250.12,5102.698,1794.942,4485.431,-5.156,2.253,5.046,-31.19,LISTENING
39250.17,5102.44,1795.054,4485.684,-5.157,2.253,5.046,-31.14,MANEUVERING
39250.17,5102.44,1795.054,4485.684,-5.157,2.253,5.046,-31.14,SENSING
39250.17,5102.44,1795.054,4485.684,-5.157,2.253,5.046,-31.14,MANEUVERING
39250.17,5102.44,1795.054,4485.684,-5.157,2.253,5.046,-31.14,LISTENING
39260.0,5051.503,1817.064,4535.013,-5.214,2.233,4.995,-21.31,MANEUVERING
39260.0,5051.503,1817.064,4535.013,-5.214,2.233,4.995,-21.31,SENSING
39260.0,5051.503,1817.064,4535.013,-5.214,2.233,4.995,-21.31,MEASURING
39260.0,5051.503,1817.064,4535.013,-5.214,2.233,4.995,-21.31,SENSING
39260.0,5051.503,1817.064,4535.013,-5.214,2.233,4.995,-21.31,LISTENING
39270.0,4999.111,1839.248,4584.68,-5.272,2.212,4.943,-21.31,SENSING
39270.0,4999.111,1839.248,4584.68,-5.272,2.212,4.943,-21.31,MEASURING
39270.0,4999.111,1839.248,4584.68,-5.272,2.212,4.943,-21.31,SENSING
39270.0,4999.111,1839.248,4584.68,-5.272,2.212,4.943,-21.31,LISTENING
39280.0,4946.145,1861.222,4633.821,-5.329,2.191,4.89,-21.31,SENSING
39280.0,4946.145,1861.222,4633.821,-5.329,2.191,4.89,-21.31,LISTENING
39280.52,4943.375,1862.358,4636.362,-5.332,2.189,4.887,-21.31,SENSING
39280.52,4943.375,1862.358,4636.362,-5.332,2.189,4.887,-21.31,MANEUVERING
39280.52,4943.375,1862.358,4636.362,-5.332,2.189,4.887,-21.31,LISTENING
39280.84,4941.67,1863.058,4637.925,-5.334,2.189,4.886,-20.99,MANEUVERING
39280.84,4941.67,1863.058,4637.925,-5.334,2.189,4.886,-20.99,SENSING
39280.84,4941.67,1863.058,4637.925,-5.334,2.189,4.886,-20.99,MANEUVERING
39280.84,4941.67,1863.058,4637.925,-5.334,2.189,4.886,-20.99,LISTENING
39288.3,4901.753,1879.298,4674.204,-5.376,2.173,4.846,-13.53,MANEUVERING
39288.3,4901.753,1879.298,4674.204,-5.376,2.173,4.846,-13.53,SENSING
39288.3,4901.753,1879.298,4674.204,-5.376,2.173,4.846,-13.53,MANEUVERING
39288.3,4901.753,1879.298,4674.204,-5.376,2.173,4.846,-13.53,LISTENING
39310.0,4783.871,1925.856,4778.033,-5.496,2.126,4.728,8.17,MANEUVERING
39310.0,4783.871,1925.856,4778.033,-5.496,2.126,4.728,8.17,SENSING
39310.0,4783.871,1925.856,4778.033,-5.496,2.126,4.728,8.17,MEASURING
39310.0,4783.871,1925.856,4778.033,-5.496,2.126,4.728,8.17,SENSING
39310.0,4783.871,1925.856,4778.033,-5.496,2.126,4.728,8.17,LISTENING
39319.1,4733.666,1945.073,4820.81,-5.546,2.105,4.678,8.17,SENSING
39319.1,4733.666,1945.073,4820.81,-5.546,2.105,4.678,8.17,LISTENING
39330.0,4672.938,1967.849,4871.446,-5.605,2.081,4.618,8.17,SENSING
39330.0,4672.938,1967.849,4871.446,-5.605,2.081,4.618,8.17,LISTENING
39330.0,4672.938,1967.849,4871.446,-5.605,2.081,4.618,8.17,SENSING
39330.0,4672.938,1967.849,4871.446,-5.605,2.081,4.618,8.17,LISTENING
39346.54,4579.578,2001.898,4947.014,-5.692,2.043,4.524,8.17,SENSING
39346.54,4579.578,2001.898,4947.014,-5.692,2.043,4.524,8.17,MANEUVERING
39346.54,4579.578,2001.898,4947.014,-5.692,2.043,4.524,8.17,LISTENING
39346.94,4577.302,2002.714,4948.822,-5.694,2.042,4.522,8.57,MANEUVERING
39346.94,4577.302,2002.714,4948.822,-5.694,2.042,4.522,8.57,SENSING
39346.94,4577.302,2002.714,4948.822,-5.694,2.042,4.522,8.57,MANEUVERING
39346.94,4577.302,2002.714,4948.822,-5.694,2.042,4.522,8.57,LISTENING
39350.0,4559.865,2008.942,4962.627,-5.71,2.035,4.505,11.63,MANEUVERING
39350.0,4559.865,2008.942,4962.627,-5.71,2.035,4.505,11.63,SENSING
39350.0,4559.865,2008.942,4962.627,-5.71,2.035,4.505,11.63,MEASURING
39350.0,4559.865,2008.942,4962.627,-5.71,2.035,4.505,11.63,SENSING
39350.0,4559.865,2008.942,4962.627,-5.71,2.035,4.505,11.63,LISTENING
39355.9,4526.108,2020.891,4989.093,-5.741,2.022,4.471,11.63,SENSING
39355.9,4526.108,2020.891,4989.093,-5.741,2.022,4.471,11.63,MANEUVERING
39355.9,4526.108,2020.891,4989.093,-5.741,2.022,4.471,11.63,LISTENING
39360.0,4502.543,2029.146,5007.367,-5.762,2.012,4.448,15.73,MANEUVERING
39360.0,4502.543,2029.146,5007.367,-5.762,2.012,4.448,15.73,SENSING
39360.0,4502.543,2029.146,5007.367,-5.762,2.012,4.448,15.73,MEASURING
39360.0,4502.543,2029.146,5007.367,-5.762,2.012,4.448,15.73,SENSING
39360.0,4502.543,2029.146,5007.367,-5.762,2.012,4.448,15.73,LISTENING
39370.0,4444.705,2049.119,5051.535,-5.813,1.989,4.39,15.73,SENSING
39370.0,4444.705,2049.119,5051.535,-5.813,1.989,4.39,15.73,LISTENING
39373.4,4424.924,2055.856,5066.421,-5.831,1.981,4.37,15.73,SENSING
39373.4,4424.924,2055.856,5066.421,-5.831,1.981,4.37,15.73,MANEUVERING
39373.4,4424.924,2055.856,5066.421,-5.831,1.981,4.37,15.73,LISTENING
39380.0,4386.359,2068.857,5095.125,-5.864,1.965,4.332,22.33,MANEUVERING
39380.0,4386.359,2068.857,5095.125,-5.864,1.965,4.332,22.33,SENSING
39380.0,4386.359,2068.857,5095.125,-5.864,1.965,4.332,22.33,MEASURING
39380.0,4386.359,2068.857,5095.125,-5.864,1.965,4.332,22.33,SENSING
39380.0,4386.359,2068.857,5095.125,-5.864,1.965,4.332,22.33,LISTENING
39395.7,4293.746,2099.37,5162.382,-5.942,1.928,4.24,22.33,SENSING
39395.7,4293.746,2099.37,5162.382,-5.942,1.928,4.24,22.33,MANEUVERING
39395.7,4293.746,2099.37,5162.382,-5.942,1.928,4.24,22.33,LISTENING
39400.0,4268.169,2107.624,5180.55,-5.963,1.918,4.215,26.63,MANEUVERING
39400.0,4268.169,2107.624,5180.55,-5.963,1.918,4.215,26.63,SENSING
39400.0,4268.169,2107.624,5180.55,-5.963,1.918,4.215,26.63,MEASURING
39400.0,4268.169,2107.624,5180.55,-5.963,1.918,4.215,26.63,SENSING
39400.0,4268.169,2107.624,5180.55,-5.963,1.918,4.215,26.63,LISTENING
39402.32,4254.331,2112.059,5190.307,-5.974,1.912,4.201,26.63,SENSING
39402.32,4254.331,2112.059,5190.307,-5.974,1.912,4.201,26.63,LISTENING
39420.0,4148.027,2145.429,5263.606,-6.059,1.869,4.095,26.63,SENSING
39420.0,4148.027,2145.429,5263.606,-6.059,1.869,4.095,26.63,LISTENING
39430.0,4087.242,2163.966,5304.234,-6.106,1.845,4.035,26.63,SENSING
39430.0,4087.242,2163.966,5304.234,-6.106,1.845,4.035,26.63,LISTENING
39430.0,4087.242,2163.966,5304.234,-6.106,1.845,4.035,26.63,SENSING
39430.0,4087.242,2163.966,5304.234,-6.106,1.845,4.035,26.63,MESSAGING
39430.0,4087.242,2163.966,5304.234,-6.106,1.845,4.035,26.63,SENSING
39430.0,4087.242,2163.966,5304.234,-6.106,1.845,4.035,26.63,MESSAGING
39430.0,4087.242,2163.966,5304.234,-6.106,1.845,4.035,26.63,SENSING
39430.0,4087.242,2163.966,5304.234,-6.106,1.845,4.035,26.63,LISTENING
39430.0,4087.242,2163.966,5304.234,-6.106,1.845,4.035,26.63,SENSING
39430.0,4087.242,2163.966,5304.234,-6.106,1.845,4.035,26.63,LISTENING
39430.0,4087.242,2163.966,5304.234,-6.106,1.845,4.035,26.63,SENSING
39430.0,4087.242,2163.966,5304.234,-6.106,1.845,4.035,26.63,LISTENING
39430.0,4087.242,2163.966,5304.234,-6.106,1.845,4.035,26.63,SENSING
39430.0,4087.242,2163.966,5304.234,-6.106,1.845,4.035,26.63,LISTENING
39430.0,4087.242,2163.966,5304.234,-6.106,1.845,4.035,26.63,SENSING
39430.0,4087.242,2163.966,5304.234,-6.106,1.845,4.035,26.63,LISTENING
39430.0,4087.242,2163.966,5304.234,-6.106,1.845,4.035,26.63,SENSING
39430.0,4087.242,2163.966,5304.234,-6.106,1.845,4.035,26.63,MESSAGING
39430.0,4087.242,2163.966,5304.234,-6.106,1.845,4.035,26.63,SENSING
39430.0,4087.242,2163.966,5304.234,-6.106,1.845,4.035,26.63,LISTENING
39430.0,4087.242,2163.966,5304.234,-6.106,1.845,4.035,26.63,SENSING
39430.0,4087.242,2163.966,5304.234,-6.106,1.845,4.035,26.63,MESSAGING
39430.0,4087.242,2163.966,5304.234,-6.106,1.845,4.035,26.63,SENSING
39430.0,4087.242,2163.966,5304.234,-6.106,1.845,4.035,26.63,LISTENING
39430.0,4087.242,2163.966,5304.234,-6.106,1.845,4.035,26.63,SENSING
39430.0,4087.242,2163.966,5304.234,-6.106,1.845,4.035,26.63,LISTENING
39430.0,4087.242,2163.966,5304.234,-6.106,1.845,4.035,26.63,SENSING
39430.0,4087.242,2163.966,5304.234,-6.106,1.845,4.035,26.63,LISTENING
39430.0,4087.242,2163.966,5304.234,-6.106,1.845,4.035,26.63,SENSING
39430.0,4087.242,2163.966,5304.234,-6.106,1.845,4.035,26.63,LISTENING
39435.6,4052.998,2174.239,5326.722,-6.132,1.831,4.001,26.63,SENSING
39435.6,4052.998,2174.239,5326.722,-6.132,1.831,4.001,26.63,LISTENING
39440.0,4025.99,2182.257,5344.256,-6.153,1.82,3.974,26.63,SENSING
39440.0,4025.99,2182.257,5344.256,-6.153,1.82,3.974,26.63,LISTENING
39449.96,3964.527,2200.227,5383.511,-6.198,1.795,3.913,26.63,SENSING
39449.96,3964.527,2200.227,5383.511,-6.198,1.795,3.913,26.63,LISTENING
39460.0,3902.115,2218.09,5422.465,-6.243,1.77,3.851,26.63,SENSING
39460.0,3902.115,2218.09,5422.465,-6.243,1.77,3.851,26.63,LISTENING
39466.17,3863.537,2228.941,5446.094,-6.271,1.754,3.812,26.63,SENSING
39466.17,3863.537,2228.941,5446.094,-6.271,1.754,3.812,26.63,LISTENING
39470.0,3839.506,2235.628,5460.642,-6.287,1.744,3.789,26.63,SENSING
39470.0,3839.506,2235.628,5460.642,-6.287,1.744,3.789,26.63,LISTENING
39470.0,3839.506,2235.628,5460.642,-6.287,1.744,3.789,26.63,SENSING
39470.0,3839.506,2235.628,5460.642,-6.287,1.744,3.789,26.63,LISTENING
39486.63,3734.42,2264.231,5522.75,-6.359,1.701,3.684,26.63,SENSING
39486.63,3734.42,2264.231,5522.75,-6.359,1.701,3.684,26.63,LISTENING
39490.0,3712.98,2269.94,5535.124,-6.374,1.693,3.663,26.63,SENSING
39490.0,3712.98,2269.94,5535.124,-6.374,1.693,3.663,26.63,LISTENING
39490.0,3712.98,2269.94,5535.124,-6.374,1.693,3.663,26.63,SENSING
39490.0,3712.98,2269.94,5535.124,-6.374,1.693,3.663,26.63,LISTENING
39500.35,3646.835,2287.292,5572.678,-6.417,1.666,3.597,26.63,SENSING
39500.35,3646.835,2287.292,5572.678,-6.417,1.666,3.597,26.63,MANEUVERING
39500.35,3646.835,2287.292,5572.678,-6.417,1.666,3.597,26.63,LISTENING
39520.0,3520.036,2319.467,5642.101,-6.497,1.614,3.472,6.98,MANEUVERING
39520.0,3520.036,2319.467,5642.101,-6.497,1.614,3.472,6.98,SENSING
39520.0,3520.036,2319.467,5642.101,-6.497,1.614,3.472,6.98,MEASURING
39520.0,3520.036,2319.467,5642.101,-6.497,1.614,3.472,6.98,SENSING
39520.0,3520.036,2319.467,5642.101,-6.497,1.614,3.472,6.98,LISTENING
39570.0,3190.543,2396.716,5807.487,-6.689,1.48,3.146,6.98,SENSING
39570.0,3190.543,2396.716,5807.487,-6.689,1.48,3.146,6.98,MEASURING
39570.0,3190.543,2396.716,5807.487,-6.689,1.48,3.146,6.98,SENSING
39570.0,3190.543,2396.716,5807.487,-6.689,1.48,3.146,6.98,LISTENING
39677.96,2449.444,2540.07,6107.718,-7.035,1.177,2.413,6.98,SENSING
39677.96,2449.444,2540.07,6107.718,-7.035,1.177,2.413,6.98,MANEUVERING
39677.96,2449.444,2540.07,6107.718,-7.035,1.177,2.413,6.98,LISTENING
39700.0,2293.842,2565.274,6159.197,-7.094,1.113,2.26,-15.06,MANEUVERING
39700.0,2293.842,2565.274,6159.197,-7.094,1.113,2.26,-15.06,SENSING
39700.0,2293.842,2565.274,6159.197,-7.094,1.113,2.26,-15.06,MEASURING
39700.0,2293.842,2565.274,6159.197,-7.094,1.113,2.26,-15.06,SENSING
39700.0,2293.842,2565.274,6159.197,-7.094,1.113,2.26,-15.06,LISTENING
39705.63,2253.888,2571.486,6171.803,-7.109,1.097,2.221,-15.06,SENSING
39705.63,2253.888,2571.486,6171.803,-7.109,1.097,2.221,-15.06,MANEUVERING
39705.63,2253.888,2571.486,6171.803,-7.109,1.097,2.221,-15.06,LISTENING
39730.0,2080.031,2597.313,6223.811,-7.169,1.026,2.049,9.31,MANEUVERING
39730.0,2080.031,2597.313,6223.811,-7.169,1.026,2.049,9.31,SENSING
39730.0,2080.031,2597.313,6223.811,-7.169,1.026,2.049,9.31,MEASURING
39730.0,2080.031,2597.313,6223.811,-7.169,1.026,2.049,9.31,SENSING
39730.0,2080.031,2597.313,6223.811,-7.169,1.026,2.049,9.31,LISTENING
39749.78,1937.885,2616.995,6262.946,-7.214,0.967,1.91,9.31,SENSING
39749.78,1937.885,2616.995,6262.946,-7.214,0.967,1.91,9.31,MANEUVERING
39749.78,1937.885,2616.995,6262.946,-7.214,0.967,1.91,9.31,LISTENING
39770.0,1791.69,2635.919,6300.085,-7.256,0.907,1.766,-10.91,MANEUVERING
39770.0,1791.69,2635.919,6300.085,-7.256,0.907,1.766,-10.91,SENSING
39770.0,1791.69,2635.919,6300.085,-7.256,0.907,1.766,-10.91,MEASURING
39770.0,1791.69,2635.919,6300.085,-7.256,0.907,1.766,-10.91,SENSING
39770.0,1791.69,2635.919,6300.085,-7.256,0.907,1.766,-10.91,LISTENING
39779.2,1724.894,2644.128,6316.019,-7.275,0.88,1.7,-10.91,SENSING
39779.2,1724.894,2644.128,6316.019,-7.275,0.88,1.7,-10.91,MANEUVERING
39779.2,1724.894,2644.128,6316.019,-7.275,0.88,1.7,-10.91,LISTENING
39798.84,1581.756,2660.806,6348.01,-7.311,0.821,1.559,8.73,MANEUVERING
39798.84,1581.756,2660.806,6348.01,-7.311,0.821,1.559,8.73,SENSING
39798.84,1581.756,2660.806,6348.01,-7.311,0.821,1.559,8.73,MANEUVERING
39798.84,1581.756,2660.806,6348.01,-7.311,0.821,1.559,8.73,LISTENING
39820.0,1426.769,2677.479,6379.379,-7.347,0.757,1.407,29.89,MANEUVERING
39820.0,1426.769,2677.479,6379.379,-7.347,0.757,1.407,29.89,SENSING
39820.0,1426.769,2677.479,6379.379,-7.347,0.757,1.407,29.89,MEASURING
39820.0,1426.769,2677.479,6379.379,-7.347,0.757,1.407,29.89,SENSING
39820.0,1426.769,2677.479,6379.379,-7.347,0.757,1.407,29.89,LISTENING
39830.0,1353.268,2684.89,6393.082,-7.363,0.727,1.335,29.89,SENSING
39830.0,1353.268,2684.89,6393.082,-7.363,0.727,1.335,29.89,MEASURING
39830.0,1353.268,2684.89,6393.082,-7.363,0.727,1.335,29.89,SENSING
39830.0,1353.268,2684.89,6393.082,-7.363,0.727,1.335,29.89,LISTENING
39840.0,1279.615,2691.998,6406.063,-7.378,0.697,1.263,29.89,SENSING
39840.0,1279.615,2691.998,6406.063,-7.378,0.697,1.263,29.89,MEASURING
39840.0,1279.615,2691.998,6406.063,-7.378,0.697,1.263,29.89,SENSING
39840.0,1279.615,2691.998,6406.063,-7.378,0.697,1.263,29.89,LISTENING
39845.28,1240.667,2695.628,6412.626,-7.385,0.681,1.224,29.89,SENSING
39845.28,1240.667,2695.628,6412.626,-7.385,0.681,1.224,29.89,MANEUVERING
39845.28,1240.667,2695.628,6412.626,-7.385,0.681,1.224,29.89,LISTENING
39850.0,1205.817,2698.802,6418.321,-7.392,0.666,1.19,25.17,MANEUVERING
39850.0,1205.817,2698.802,6418.321,-7.392,0.666,1.19,25.17,SENSING
39850.0,1205.817,2698.802,6418.321,-7.392,0.666,1.19,25.17,MEASURING
39850.0,1205.817,2698.802,6418.321,-7.392,0.666,1.19,25.17,SENSING
39850.0,1205.817,2698.802,6418.321,-7.392,0.666,1.19,25.17,LISTENING
39853.49,1180.029,2701.106,6422.429,-7.397,0.656,1.165,25.17,SENSING
39853.49,1180.029,2701.106,6422.429,-7.397,0.656,1.165,25.17,LISTENING
39860.0,1131.883,2705.303,6429.855,-7.405,0.636,1.118,25.17,SENSING
39860.0,1131.883,2705.303,6429.855,-7.405,0.636,1.118,25.17,LISTENING
39860.0,1131.883,2705.303,6429.855,-7.405,0.636,1.118,25.17,SENSING
39860.0,1131.883,2705.303,6429.855,-7.405,0.636,1.118,25.17,LISTENING
39866.43,1084.276,2709.323,6436.888,-7.413,0.616,1.071,25.17,SENSING
39866.43,1084.276,2709.323,6436.888,-7.413,0.616,1.071,25.17,MANEUVERING
39866.43,1084.276,2709.323,6436.888,-7.413,0.616,1.071,25.17,LISTENING
39870.0,1057.822,2711.5,6440.663,-7.418,0.605,1.045,28.74,MANEUVERING
39870.0,1057.822,2711.5,6440.663,-7.418,0.605,1.045,28.74,SENSING
39870.0,1057.822,2711.5,6440.663,-7.418,0.605,1.045,28.74,MEASURING
39870.0,1057.822,2711.5,6440.663,-7.418,0.605,1.045,28.74,SENSING
39870.0,1057.822,2711.5,6440.663,-7.418,0.605,1.045,28.74,LISTENING
39877.1,1005.165,2715.715,6447.896,-7.426,0.584,0.993,28.74,SENSING
39877.1,1005.165,2715.715,6447.896,-7.426,0.584,0.993,28.74,MANEUVERING
39877.1,1005.165,2715.715,6447.896,-7.426,0.584,0.993,28.74,LISTENING
39880.0,983.641,2717.392,6450.745,-7.429,0.575,0.972,31.64,MANEUVERING
39880.0,983.641,2717.392,6450.745,-7.429,0.575,0.972,31.64,SENSING
39880.0,983.641,2717.392,6450.745,-7.429,0.575,0.972,31.64,MEASURING
39880.0,983.641,2717.392,6450.745,-7.429,0.575,0.972,31.64,SENSING
39880.0,983.641,2717.392,6450.745,-7.429,0.575,0.972,31.64,LISTENING
39895.94,865.171,2726.151,6465.311,-7.446,0.526,0.856,31.64,SENSING
39895.94,865.171,2726.151,6465.311,-7.446,0.526,0.856,31.64,MANEUVERING
39895.94,865.171,2726.151,6465.311,-7.446,0.526,0.856,31.64,LISTENING
39920.0,685.893,2737.898,6483.791,-7.467,0.452,0.681,7.58,MANEUVERING
39920.0,685.893,2737.898,6483.791,-7.467,0.452,0.681,7.58,SENSING
39920.0,685.893,2737.898,6483.791,-7.467,0.452,0.681,7.58,MEASURING
39920.0,685.893,2737.898,6483.791,-7.467,0.452,0.681,7.58,SENSING
39920.0,685.893,2737.898,6483.791,-7.467,0.452,0.681,7.58,LISTENING
39940.0,536.523,2746.308,6495.936,-7.48,0.39,0.534,7.58,SENSING
39940.0,536.523,2746.308,6495.936,-7.48,0.39,0.534,7.58,MEASURING
39940.0,536.523,2746.308,6495.936,-7.48,0.39,0.534,7.58,SENSING
39940.0,536.523,2746.308,6495.936,-7.48,0.39,0.534,7.58,LISTENING
39987.29,182.499,2761.284,6513.018,-7.5,0.244,0.188,7.58,SENSING
39987.29,182.499,2761.284,6513.018,-7.5,0.244,0.188,7.58,MANEUVERING
39987.29,182.499,2761.284,6513.018,-7.5,0.244,0.188,7.58,LISTENING
39990.0,162.189,2761.933,6513.502,-7.5,0.235,0.168,4.87,MANEUVERING
39990.0,162.189,2761.933,6513.502,-7.5,0.235,0.168,4.87,SENSING
39990.0,162.189,2761.933,6513.502,-7.5,0.235,0.168,4.87,MEASURING
39990.0,162.189,2761.933,6513.502,-7.5,0.235,0.168,4.87,SENSING
39990.0,162.189,2761.933,6513.502,-7.5,0.235,0.168,4.87,LISTENING
40067.23,-416.527,2770.862,6504.697,-7.489,-0.004,-0.396,4.87,SENSING
40067.23,-416.527,2770.862,6504.697,-7.489,-0.004,-0.396,4.87,LISTENING
40069.61,-434.337,2770.844,6503.734,-7.488,-0.012,-0.414,4.87,SENSING
40069.61,-434.337,2770.844,6503.734,-7.488,-0.012,-0.414,4.87,MANEUVERING
40069.61,-434.337,2770.844,6503.734,-7.488,-0.012,-0.414,4.87,LISTENING
40080.0,-512.053,2770.558,6499.045,-7.482,-0.044,-0.489,15.26,MANEUVERING
40080.0,-512.053,2770.558,6499.045,-7.482,-0.044,-0.489,15.26,SENSING
40080.0,-512.053,2770.558,6499.045,-7.482,-0.044,-0.489,15.26,MEASURING
40080.0,-512.053,2770.558,6499.045,-7.482,-0.044,-0.489,15.26,SENSING
40080.0,-512.053,2770.558,6499.045,-7.482,-0.044,-0.489,15.26,LISTENING
40090.0,-586.794,2769.968,6493.79,-7.476,-0.075,-0.562,15.26,SENSING
40090.0,-586.794,2769.968,6493.79,-7.476,-0.075,-0.562,15.26,LISTENING
40092.54,-605.768,2769.768,6492.34,-7.475,-0.083,-0.581,15.26,SENSING
40092.54,-605.768,2769.768,6492.34,-7.475,-0.083,-0.581,15.26,MANEUVERING
40092.54,-605.768,2769.768,6492.34,-7.475,-0.083,-0.581,15.26,LISTENING
40096.26,-633.549,2769.44,6490.131,-7.472,-0.094,-0.608,11.54,MANEUVERING
40096.26,-633.549,2769.44,6490.131,-7.472,-0.094,-0.608,11.54,SENSING
40096.26,-633.549,2769.44,6490.131,-7.472,-0.094,-0.608,11.54,MANEUVERING
40096.26,-633.549,2769.44,6490.131,-7.472,-0.094,-0.608,11.54,LISTENING
40100.0,-661.469,2769.068,6487.808,-7.469,-0.106,-0.635,7.8,MANEUVERING
40100.0,-661.469,2769.068,6487.808,-7.469,-0.106,-0.635,7.8,SENSING
40100.0,-661.469,2769.068,6487.808,-7.469,-0.106,-0.635,7.8,MEASURING
40100.0,-661.469,2769.068,6487.808,-7.469,-0.106,-0.635,7.8,SENSING
40100.0,-661.469,2769.068,6487.808,-7.469,-0.106,-0.635,7.8,LISTENING
40106.36,-708.924,2768.334,6483.626,-7.464,-0.126,-0.681,7.8,SENSING
40106.36,-708.924,2768.334,6483.626,-7.464,-0.126,-0.681,7.8,LISTENING
40110.0,-736.07,2767.859,6481.1,-7.461,-0.137,-0.708,7.8,SENSING
40110.0,-736.07,2767.859,6481.1,-7.461,-0.137,-0.708,7.8,LISTENING
40117.45,-791.595,2766.757,6475.63,-7.455,-0.16,-0.762,7.8,SENSING
40117.45,-791.595,2766.757,6475.63,-7.455,-0.16,-0.762,7.8,MANEUVERING
40117.45,-791.595,2766.757,6475.63,-7.455,-0.16,-0.762,7.8,LISTENING
40120.0,-810.589,2766.341,6473.666,-7.453,-0.168,-0.78,5.25,MANEUVERING
40120.0,-810.589,2766.341,6473.666,-7.453,-0.168,-0.78,5.25,SENSING
40120.0,-810.589,2766.341,6473.666,-7.453,-0.168,-0.78,5.25,MEASURING
40120.0,-810.589,2766.341,6473.666,-7.453,-0.168,-0.78,5.25,SENSING
40120.0,-810.589,2766.341,6473.666,-7.453,-0.168,-0.78,5.25,LISTENING
40137.36,-939.733,2762.972,6459.041,-7.436,-0.221,-0.906,5.25,SENSING
40137.36,-939.733,2762.972,6459.041,-7.436,-0.221,-0.906,5.25,LISTENING
40148.25,-1020.586,2760.385,6448.756,-7.424,-0.255,-0.984,5.25,SENSING
40148.25,-1020.586,2760.385,6448.756,-7.424,-0.255,-0.984,5.25,MANEUVERING
40148.25,-1020.586,2760.385,6448.756,-7.424,-0.255,-0.984,5.25,LISTENING
40160.0,-1107.673,2757.184,6436.699,-7.41,-0.291,-1.069,17.0,MANEUVERING
40160.0,-1107.673,2757.184,6436.699,-7.41,-0.291,-1.069,17.0,SENSING
40160.0,-1107.673,2757.184,6436.699,-7.41,-0.291,-1.069,17.0,MEASURING
40160.0,-1107.673,2757.184,6436.699,-7.41,-0.291,-1.069,17.0,SENSING
40160.0,-1107.673,2757.184,6436.699,-7.41,-0.291,-1.069,17.0,LISTENING
40167.51,-1163.246,2754.916,6428.473,-7.4,-0.314,-1.123,17.0,SENSING
40167.51,-1163.246,2754.916,6428.473,-7.4,-0.314,-1.123,17.0,MANEUVERING
40167.51,-1163.246,2754.916,6428.473,-7.4,-0.314,-1.123,17.0,LISTENING
40170.0,-1181.656,2754.126,6425.656,-7.397,-0.322,-1.141,14.51,MANEUVERING
40170.0,-1181.656,2754.126,6425.656,-7.397,-0.322,-1.141,14.51,SENSING
40170.0,-1181.656,2754.126,6425.656,-7.397,-0.322,-1.141,14.51,MANEUVERING
40170.0,-1181.656,2754.126,6425.656,-7.397,-0.322,-1.141,14.51,LISTENING
40180.0,-1255.506,2750.761,6413.894,-7.383,-0.353,-1.213,4.51,MANEUVERING
40180.0,-1255.506,2750.761,6413.894,-7.383,-0.353,-1.213,4.51,SENSING
40180.0,-1255.506,2750.761,6413.894,-7.383,-0.353,-1.213,4.51,MANEUVERING
40180.0,-1255.506,2750.761,6413.894,-7.383,-0.353,-1.213,4.51,LISTENING
40180.0,-1255.506,2750.761,6413.894,-7.383,-0.353,-1.213,4.51,MANEUVERING
40180.0,-1255.506,2750.761,6413.894,-7.383,-0.353,-1.213,4.51,SENSING
40180.0,-1255.506,2750.761,6413.894,-7.383,-0.353,-1.213,4.51,MESSAGING
40180.0,-1255.506,2750.761,6413.894,-7.383,-0.353,-1.213,4.51,MESSAGING
40180.0,-1255.506,2750.761,6413.894,-7.383,-0.353,-1.213,4.51,SENSING
40180.0,-1255.506,2750.761,6413.894,-7.383,-0.353,-1.213,4.51,MANEUVERING
40180.0,-1255.506,2750.761,6413.894,-7.383,-0.353,-1.213,4.51,MANEUVERING
40180.0,-1255.506,2750.761,6413.894,-7.383,-0.353,-1.213,4.51,LISTENING
40180.0,-1255.506,2750.761,6413.894,-7.383,-0.353,-1.213,4.51,MANEUVERING
40180.0,-1255.506,2750.761,6413.894,-7.383,-0.353,-1.213,4.51,SENSING
40180.0,-1255.506,2750.761,6413.894,-7.383,-0.353,-1.213,4.51,MANEUVERING
40180.0,-1255.506,2750.761,6413.894,-7.383,-0.353,-1.213,4.51,LISTENING
40180.0,-1255.506,2750.761,6413.894,-7.383,-0.353,-1.213,4.51,MANEUVERING
40180.0,-1255.506,2750.761,6413.894,-7.383,-0.353,-1.213,4.51,SENSING
40180.0,-1255.506,2750.761,6413.894,-7.383,-0.353,-1.213,4.51,MANEUVERING
40180.0,-1255.506,2750.761,6413.894,-7.383,-0.353,-1.213,4.51,LISTENING
40180.0,-1255.506,2750.761,6413.894,-7.383,-0.353,-1.213,4.51,MANEUVERING
40180.0,-1255.506,2750.761,6413.894,-7.383,-0.353,-1.213,4.51,SENSING
40180.0,-1255.506,2750.761,6413.894,-7.383,-0.353,-1.213,4.51,MESSAGING
40180.0,-1255.506,2750.761,6413.894,-7.383,-0.353,-1.213,4.51,MESSAGING
40180.0,-1255.506,2750.761,6413.894,-7.383,-0.353,-1.213,4.51,SENSING
40180.0,-1255.506,2750.761,6413.894,-7.383,-0.353,-1.213,4.51,MANEUVERING
40180.0,-1255.506,2750.761,6413.894,-7.383,-0.353,-1.213,4.51,MANEUVERING
40180.0,-1255.506,2750.761,6413.894,-7.383,-0.353,-1.213,4.51,LISTENING
40180.0,-1255.506,2750.761,6413.894,-7.383,-0.353,-1.213,4.51,MANEUVERING
40180.0,-1255.506,2750.761,6413.894,-7.383,-0.353,-1.213,4.51,SENSING
40180.0,-1255.506,2750.761,6413.894,-7.383,-0.353,-1.213,4.51,MANEUVERING
40180.0,-1255.506,2750.761,6413.894,-7.383,-0.353,-1.213,4.51,LISTENING
40180.0,-1255.506,2750.761,6413.894,-7.383,-0.353,-1.213,4.51,MANEUVERING
40180.0,-1255.506,2750.761,6413.894,-7.383,-0.353,-1.213,4.51,SENSING
40180.0,-1255.506,2750.761,6413.894,-7.383,-0.353,-1.213,4.51,MANEUVERING
40180.0,-1255.506,2750.761,6413.894,-7.383,-0.353,-1.213,4.51,LISTENING
40180.0,-1255.506,2750.761,6413.894,-7.383,-0.353,-1.213,4.51,MANEUVERING
40180.0,-1255.506,2750.761,6413.894,-7.383,-0.353,-1.213,4.51,SENSING
40180.0,-1255.506,2750.761,6413.894,-7.383,-0.353,-1.213,4.51,MANEUVERING
40180.0,-1255.506,2750.761,6413.894,-7.383,-0.353,-1.213,4.51,LISTENING
40180.0,-1255.506,2750.761,6413.894,-7.383,-0.353,-1.213,4.51,MANEUVERING
40180.0,-1255.506,2750.761,6413.894,-7.383,-0.353,-1.213,4.51,SENSING
40180.0,-1255.506,2750.761,6413.894,-7.383,-0.353,-1.213,4.51,MANEUVERING
40180.0,-1255.506,2750.761,6413.894,-7.383,-0.353,-1.213,4.51,LISTENING
40186.74,-1305.202,2748.32,6405.563,-7.374,-0.373,-1.261,-2.23,MANEUVERING
40186.74,-1305.202,2748.32,6405.563,-7.374,-0.373,-1.261,-2.23,SENSING
40186.74,-1305.202,2748.32,6405.563,-7.374,-0.373,-1.261,-2.23,MANEUVERING
40186.74,-1305.202,2748.32,6405.563,-7.374,-0.373,-1.261,-2.23,LISTENING
40190.0,-1329.216,2747.089,6401.417,-7.369,-0.383,-1.284,-5.49,MANEUVERING
40190.0,-1329.216,2747.089,6401.417,-7.369,-0.383,-1.284,-5.49,SENSING
40190.0,-1329.216,2747.089,6401.417,-7.369,-0.383,-1.284,-5.49,MEASURING
40190.0,-1329.216,2747.089,6401.417,-7.369,-0.383,-1.284,-5.49,SENSING
40190.0,-1329.216,2747.089,6401.417,-7.369,-0.383,-1.284,-5.49,LISTENING
40200.0,-1402.778,2743.112,6388.224,-7.354,-0.414,-1.356,-5.49,SENSING
40200.0,-1402.778,2743.112,6388.224,-7.354,-0.414,-1.356,-5.49,LISTENING
40208.59,-1465.843,2739.451,6376.323,-7.34,-0.44,-1.417,-5.49,SENSING
40208.59,-1465.843,2739.451,6376.323,-7.34,-0.44,-1.417,-5.49,MANEUVERING
40208.59,-1465.843,2739.451,6376.323,-7.34,-0.44,-1.417,-5.49,LISTENING
40210.0,-1476.183,2738.829,6374.319,-7.338,-0.445,-1.427,-6.9,MANEUVERING
40210.0,-1476.183,2738.829,6374.319,-7.338,-0.445,-1.427,-6.9,SENSING
40210.0,-1476.183,2738.829,6374.319,-7.338,-0.445,-1.427,-6.9,MANEUVERING
40210.0,-1476.183,2738.829,6374.319,-7.338,-0.445,-1.427,-6.9,LISTENING
40216.13,-1521.1,2736.053,6365.444,-7.327,-0.463,-1.47,-13.03,MANEUVERING
40216.13,-1521.1,2736.053,6365.444,-7.327,-0.463,-1.47,-13.03,SENSING
40216.13,-1521.1,2736.053,6365.444,-7.327,-0.463,-1.47,-13.03,MANEUVERING
40216.13,-1521.1,2736.053,6365.444,-7.327,-0.463,-1.47,-13.03,LISTENING
40220.0,-1549.424,2734.241,6359.703,-7.321,-0.475,-1.498,-16.9,MANEUVERING
40220.0,-1549.424,2734.241,6359.703,-7.321,-0.475,-1.498,-16.9,SENSING
40220.0,-1549.424,2734.241,6359.703,-7.321,-0.475,-1.498,-16.9,MANEUVERING
40220.0,-1549.424,2734.241,6359.703,-7.321,-0.475,-1.498,-16.9,LISTENING
40220.0,-1549.424,2734.241,6359.703,-7.321,-0.475,-1.498,-16.9,MANEUVERING
40220.0,-1549.424,2734.241,6359.703,-7.321,-0.475,-1.498,-16.9,SENSING
40220.0,-1549.424,2734.241,6359.703,-7.321,-0.475,-1.498,-16.9,MANEUVERING
40220.0,-1549.424,2734.241,6359.703,-7.321,-0.475,-1.498,-16.9,LISTENING
40225.33,-1588.391,2731.672,6351.622,-7.311,-0.491,-1.536,-22.23,MANEUVERING
40225.33,-1588.391,2731.672,6351.622,-7.311,-0.491,-1.536,-22.23,SENSING
40225.33,-1588.391,2731.672,6351.622,-7.311,-0.491,-1.536,-22.23,MANEUVERING
40225.33,-1588.391,2731.672,6351.622,-7.311,-0.491,-1.536,-22.23,LISTENING
40230.0,-1622.492,2729.349,6344.377,-7.303,-0.506,-1.569,-26.9,MANEUVERING
40230.0,-1622.492,2729.349,6344.377,-7.303,-0.506,-1.569,-26.9,SENSING
40230.0,-1622.492,2729.349,6344.377,-7.303,-0.506,-1.569,-26.9,MEASURING
40230.0,-1622.492,2729.349,6344.377,-7.303,-0.506,-1.569,-26.9,SENSING
40230.0,-1622.492,2729.349,6344.377,-7.303,-0.506,-1.569,-26.9,LISTENING
40240.0,-1695.379,2724.154,6328.344,-7.285,-0.536,-1.639,-26.9,SENSING
40240.0,-1695.379,2724.154,6328.344,-7.285,-0.536,-1.639,-26.9,MEASURING
40240.0,-1695.379,2724.154,6328.344,-7.285,-0.536,-1.639,-26.9,SENSING
40240.0,-1695.379,2724.154,6328.344,-7.285,-0.536,-1.639,-26.9,LISTENING
40250.0,-1768.077,2718.656,6311.605,-7.265,-0.566,-1.71,-26.9,SENSING
40250.0,-1768.077,2718.656,6311.605,-7.265,-0.566,-1.71,-26.9,LISTENING
40278.76,-1976.031,2701.161,6259.551,-7.205,-0.653,-1.911,-26.9,SENSING
40278.76,-1976.031,2701.161,6259.551,-7.205,-0.653,-1.911,-26.9,MANEUVERING
40278.76,-1976.031,2701.161,6259.551,-7.205,-0.653,-1.911,-26.9,LISTENING
40284.31,-2015.957,2697.499,6248.841,-7.193,-0.67,-1.95,-21.35,MANEUVERING
40284.31,-2015.957,2697.499,6248.841,-7.193,-0.67,-1.95,-21.35,SENSING
40284.31,-2015.957,2697.499,6248.841,-7.193,-0.67,-1.95,-21.35,MANEUVERING
40284.31,-2015.957,2697.499,6248.841,-7.193,-0.67,-1.95,-21.35,LISTENING
40290.0,-2056.819,2693.648,6237.638,-7.18,-0.687,-1.99,-15.66,MANEUVERING
40290.0,-2056.819,2693.648,6237.638,-7.18,-0.687,-1.99,-15.66,SENSING
40290.0,-2056.819,2693.648,6237.638,-7.18,-0.687,-1.99,-15.66,MEASURING
40290.0,-2056.819,2693.648,6237.638,-7.18,-0.687,-1.99,-15.66,SENSING
40290.0,-2056.819,2693.648,6237.638,-7.18,-0.687,-1.99,-15.66,LISTENING
40300.0,-2128.453,2686.647,6217.405,-7.157,-0.717,-2.059,-15.66,SENSING
40300.0,-2128.453,2686.647,6217.405,-7.157,-0.717,-2.059,-15.66,LISTENING
40303.54,-2153.755,2684.097,6210.076,-7.148,-0.727,-2.084,-15.66,SENSING
40303.54,-2153.755,2684.097,6210.076,-7.148,-0.727,-2.084,-15.66,MANEUVERING
40303.54,-2153.755,2684.097,6210.076,-7.148,-0.727,-2.084,-15.66,LISTENING
40310.0,-2199.849,2679.347,6196.48,-7.133,-0.746,-2.128,-9.2,MANEUVERING
40310.0,-2199.849,2679.347,6196.48,-7.133,-0.746,-2.128,-9.2,SENSING
40310.0,-2199.849,2679.347,6196.48,-7.133,-0.746,-2.128,-9.2,MEASURING
40310.0,-2199.849,2679.347,6196.48,-7.133,-0.746,-2.128,-9.2,SENSING
40310.0,-2199.849,2679.347,6196.48,-7.133,-0.746,-2.128,-9.2,LISTENING
40322.13,-2286.124,2670.094,6170.173,-7.102,-0.782,-2.212,-9.2,SENSING
40322.13,-2286.124,2670.094,6170.173,-7.102,-0.782,-2.212,-9.2,MANEUVERING
40322.13,-2286.124,2670.094,6170.173,-7.102,-0.782,-2.212,-9.2,LISTENING
40336.55,-2388.199,2658.527,6137.586,-7.065,-0.825,-2.31,5.22,MANEUVERING
40336.55,-2388.199,2658.527,6137.586,-7.065,-0.825,-2.31,5.22,SENSING
40336.55,-2388.199,2658.527,6137.586,-7.065,-0.825,-2.31,5.22,MANEUVERING
40336.55,-2388.199,2658.527,6137.586,-7.065,-0.825,-2.31,5.22,LISTENING
40340.0,-2412.54,2655.669,6129.579,-7.056,-0.835,-2.334,8.67,MANEUVERING
40340.0,-2412.54,2655.669,6129.579,-7.056,-0.835,-2.334,8.67,SENSING
40340.0,-2412.54,2655.669,6129.579,-7.056,-0.835,-2.334,8.67,MEASURING
40340.0,-2412.54,2655.669,6129.579,-7.056,-0.835,-2.334,8.67,SENSING
40340.0,-2412.54,2655.669,6129.579,-7.056,-0.835,-2.334,8.67,LISTENING
40350.0,-2482.911,2647.186,6105.913,-7.029,-0.865,-2.402,8.67,SENSING
40350.0,-2482.911,2647.186,6105.913,-7.029,-0.865,-2.402,8.67,MEASURING
40350.0,-2482.911,2647.186,6105.913,-7.029,-0.865,-2.402,8.67,SENSING
40350.0,-2482.911,2647.186,6105.913,-7.029,-0.865,-2.402,8.67,LISTENING
40359.06,-2546.429,2639.247,6083.886,-7.003,-0.891,-2.463,8.67,SENSING
40359.06,-2546.429,2639.247,6083.886,-7.003,-0.891,-2.463,8.67,LISTENING
40360.0,-2553.007,2638.409,6081.568,-7.001,-0.894,-2.47,8.67,SENSING
40360.0,-2553.007,2638.409,6081.568,-7.001,-0.894,-2.47,8.67,MEASURING
40360.0,-2553.007,2638.409,6081.568,-7.001,-0.894,-2.47,8.67,SENSING
40360.0,-2553.007,2638.409,6081.568,-7.001,-0.894,-2.47,8.67,LISTENING
40370.0,-2622.818,2629.341,6056.548,-6.972,-0.923,-2.537,8.67,SENSING
40370.0,-2622.818,2629.341,6056.548,-6.972,-0.923,-2.537,8.67,LISTENING
40384.9,-2726.296,2615.289,6018.022,-6.928,-0.967,-2.637,8.67,SENSING
40384.9,-2726.296,2615.289,6018.022,-6.928,-0.967,-2.637,8.67,MANEUVERING
40384.9,-2726.296,2615.289,6018.022,-6.928,-0.967,-2.637,8.67,LISTENING
40390.0,-2761.561,2610.331,6004.493,-6.912,-0.981,-2.671,13.77,MANEUVERING
40390.0,-2761.561,2610.331,6004.493,-6.912,-0.981,-2.671,13.77,SENSING
40390.0,-2761.561,2610.331,6004.493,-6.912,-0.981,-2.671,13.77,MEASURING
40390.0,-2761.561,2610.331,6004.493,-6.912,-0.981,-2.671,13.77,SENSING
40390.0,-2761.561,2610.331,6004.493,-6.912,-0.981,-2.671,13.77,LISTENING
40400.87,-2836.458,2599.514,5975.082,-6.878,-1.013,-2.743,13.77,SENSING
40400.87,-2836.458,2599.514,5975.082,-6.878,-1.013,-2.743,13.77,LISTENING
40409.26,-2894.013,2590.932,5951.845,-6.852,-1.037,-2.799,13.77,SENSING
40409.26,-2894.013,2590.932,5951.845,-6.852,-1.037,-2.799,13.77,MANEUVERING
40409.26,-2894.013,2590.932,5951.845,-6.852,-1.037,-2.799,13.77,LISTENING
40410.0,-2899.079,2590.166,5949.773,-6.849,-1.039,-2.804,13.03,MANEUVERING
40410.0,-2899.079,2590.166,5949.773,-6.849,-1.039,-2.804,13.03,SENSING
40410.0,-2899.079,2590.166,5949.773,-6.849,-1.039,-2.804,13.03,MANEUVERING
40410.0,-2899.079,2590.166,5949.773,-6.849,-1.039,-2.804,13.03,LISTENING
40420.0,-2967.359,2579.653,5921.422,-6.817,-1.068,-2.87,3.03,MANEUVERING
40420.0,-2967.359,2579.653,5921.422,-6.817,-1.068,-2.87,3.03,SENSING
40420.0,-2967.359,2579.653,5921.422,-6.817,-1.068,-2.87,3.03,MEASURING
40420.0,-2967.359,2579.653,5921.422,-6.817,-1.068,-2.87,3.03,SENSING
40420.0,-2967.359,2579.653,5921.422,-6.817,-1.068,-2.87,3.03,MESSAGING
40420.0,-2967.359,2579.653,5921.422,-6.817,-1.068,-2.87,3.03,MESSAGING
40420.0,-2967.359,2579.653,5921.422,-6.817,-1.068,-2.87,3.03,SENSING
40420.0,-2967.359,2579.653,5921.422,-6.817,-1.068,-2.87,3.03,LISTENING
40420.0,-2967.359,2579.653,5921.422,-6.817,-1.068,-2.87,3.03,SENSING
40420.0,-2967.359,2579.653,5921.422,-6.817,-1.068,-2.87,3.03,MEASURING
40420.0,-2967.359,2579.653,5921.422,-6.817,-1.068,-2.87,3.03,MESSAGING
40420.0,-2967.359,2579.653,5921.422,-6.817,-1.068,-2.87,3.03,SENSING
40420.0,-2967.359,2579.653,5921.422,-6.817,-1.068,-2.87,3.03,MESSAGING
40420.0,-2967.359,2579.653,5921.422,-6.817,-1.068,-2.87,3.03,MESSAGING
40420.0,-2967.359,2579.653,5921.422,-6.817,-1.068,-2.87,3.03,SENSING
40420.0,-2967.359,2579.653,5921.422,-6.817,-1.068,-2.87,3.03,LISTENING
40430.0,-3035.311,2568.854,5892.414,-6.783,-1.096,-2.935,3.03,SENSING
40430.0,-3035.311,2568.854,5892.414,-6.783,-1.096,-2.935,3.03,MEASURING
40430.0,-3035.311,2568.854,5892.414,-6.783,-1.096,-2.935,3.03,SENSING
40430.0,-3035.311,2568.854,5892.414,-6.783,-1.096,-2.935,3.03,LISTENING
40447.15,-3151.06,2549.675,5841.146,-6.725,-1.145,-3.047,3.03,SENSING
40447.15,-3151.06,2549.675,5841.146,-6.725,-1.145,-3.047,3.03,LISTENING
40456.72,-3215.207,2538.611,5811.709,-6.691,-1.172,-3.108,3.03,SENSING
40456.72,-3215.207,2538.611,5811.709,-6.691,-1.172,-3.108,3.03,MANEUVERING
40456.72,-3215.207,2538.611,5811.709,-6.691,-1.172,-3.108,3.03,LISTENING
40460.0,-3237.117,2534.76,5801.484,-6.679,-1.181,-3.13,6.31,MANEUVERING
40460.0,-3237.117,2534.76,5801.484,-6.679,-1.181,-3.13,6.31,SENSING
40460.0,-3237.117,2534.76,5801.484,-6.679,-1.181,-3.13,6.31,MEASURING
40460.0,-3237.117,2534.76,5801.484,-6.679,-1.181,-3.13,6.31,SENSING
40460.0,-3237.117,2534.76,5801.484,-6.679,-1.181,-3.13,6.31,LISTENING
40465.31,-3272.507,2528.462,5784.785,-6.66,-1.196,-3.164,6.31,SENSING
40465.31,-3272.507,2528.462,5784.785,-6.66,-1.196,-3.164,6.31,MANEUVERING
40465.31,-3272.507,2528.462,5784.785,-6.66,-1.196,-3.164,6.31,LISTENING
40470.0,-3303.679,2522.834,5769.885,-6.643,-1.209,-3.194,11.0,MANEUVERING
40470.0,-3303.679,2522.834,5769.885,-6.643,-1.209,-3.194,11.0,SENSING
40470.0,-3303.679,2522.834,5769.885,-6.643,-1.209,-3.194,11.0,MEASURING
40470.0,-3303.679,2522.834,5769.885,-6.643,-1.209,-3.194,11.0,SENSING
40470.0,-3303.679,2522.834,5769.885,-6.643,-1.209,-3.194,11.0,LISTENING
40475.5,-3340.133,2516.156,5752.232,-6.623,-1.224,-3.229,11.0,SENSING
40475.5,-3340.133,2516.156,5752.232,-6.623,-1.224,-3.229,11.0,MANEUVERING
40475.5,-3340.133,2516.156,5752.232,-6.623,-1.224,-3.229,11.0,LISTENING
40480.0,-3369.875,2510.629,5737.646,-6.606,-1.237,-3.257,15.5,MANEUVERING
40480.0,-3369.875,2510.629,5737.646,-6.606,-1.237,-3.257,15.5,SENSING
40480.0,-3369.875,2510.629,5737.646,-6.606,-1.237,-3.257,15.5,MEASURING
40480.0,-3369.875,2510.629,5737.646,-6.606,-1.237,-3.257,15.5,SENSING
40480.0,-3369.875,2510.629,5737.646,-6.606,-1.237,-3.257,15.5,LISTENING
40490.0,-3435.699,2498.147,5704.772,-6.568,-1.265,-3.321,15.5,SENSING
40490.0,-3435.699,2498.147,5704.772,-6.568,-1.265,-3.321,15.5,LISTENING
40500.0,-3501.142,2485.389,5671.267,-6.53,-1.292,-3.384,15.5,SENSING
40500.0,-3501.142,2485.389,5671.267,-6.53,-1.292,-3.384,15.5,LISTENING
40500.0,-3501.142,2485.389,5671.267,-6.53,-1.292,-3.384,15.5,SENSING
40500.0,-3501.142,2485.389,5671.267,-6.53,-1.292,-3.384,15.5,MESSAGING
40500.0,-3501.142,2485.389,5671.267,-6.53,-1.292,-3.384,15.5,SENSING
40500.0,-3501.142,2485.389,5671.267,-6.53,-1.292,-3.384,15.5,MESSAGING
40500.0,-3501.142,2485.389,5671.267,-6.53,-1.292,-3.384,15.5,SENSING
40500.0,-3501.142,2485.389,5671.267,-6.53,-1.292,-3.384,15.5,LISTENING
40500.0,-3501.142,2485.389,5671.267,-6.53,-1.292,-3.384,15.5,SENSING
40500.0,-3501.142,2485.389,5671.267,-6.53,-1.292,-3.384,15.5,LISTENING
40500.0,-3501.142,2485.389,5671.267,-6.53,-1.292,-3.384,15.5,SENSING
40500.0,-3501.142,2485.389,5671.267,-6.53,-1.292,-3.384,15.5,MESSAGING
40500.0,-3501.142,2485.389,5671.267,-6.53,-1.292,-3.384,15.5,SENSING
40500.0,-3501.142,2485.389,5671.267,-6.53,-1.292,-3.384,15.5,MESSAGING
40500.0,-3501.142,2485.389,5671.267,-6.53,-1.292,-3.384,15.5,SENSING
40500.0,-3501.142,2485.389,5671.267,-6.53,-1.292,-3.384,15.5,LISTENING
40500.0,-3501.142,2485.389,5671.267,-6.53,-1.292,-3.384,15.5,SENSING
40500.0,-3501.142,2485.389,5671.267,-6.53,-1.292,-3.384,15.5,LISTENING
40500.0,-3501.142,2485.389,5671.267,-6.53,-1.292,-3.384,15.5,SENSING
40500.0,-3501.142,2485.389,5671.267,-6.53,-1.292,-3.384,15.5,LISTENING
40500.0,-3501.142,2485.389,5671.267,-6.53,-1.292,-3.384,15.5,SENSING
40500.0,-3501.142,2485.389,5671.267,-6.53,-1.292,-3.384,15.5,LISTENING
40500.19,-3502.381,2485.144,5670.625,-6.529,-1.293,-3.385,15.5,SENSING
40500.19,-3502.381,2485.144,5670.625,-6.529,-1.293,-3.385,15.5,MANEUVERING
40500.19,-3502.381,2485.144,5670.625,-6.529,-1.293,-3.385,15.5,LISTENING
40510.0,-3566.198,2472.357,5637.135,-6.491,-1.32,-3.446,5.69,MANEUVERING
40510.0,-3566.198,2472.357,5637.135,-6.491,-1.32,-3.446,5.69,SENSING
40510.0,-3566.198,2472.357,5637.135,-6.491,-1.32,-3.446,5.69,MANEUVERING
40510.0,-3566.198,2472.357,5637.135,-6.491,-1.32,-3.446,5.69,LISTENING
40515.52,-3601.941,2465.046,5618.027,-6.469,-1.335,-3.481,0.17,MANEUVERING
40515.52,-3601.941,2465.046,5618.027,-6.469,-1.335,-3.481,0.17,SENSING
40515.52,-3601.941,2465.046,5618.027,-6.469,-1.335,-3.481,0.17,MANEUVERING
40515.52,-3601.941,2465.046,5618.027,-6.469,-1.335,-3.481,0.17,LISTENING
40520.0,-3630.86,2459.051,5602.379,-6.451,-1.347,-3.508,-4.31,MANEUVERING
40520.0,-3630.86,2459.051,5602.379,-6.451,-1.347,-3.508,-4.31,SENSING
40520.0,-3630.86,2459.051,5602.379,-6.451,-1.347,-3.508,-4.31,MEASURING
40520.0,-3630.86,2459.051,5602.379,-6.451,-1.347,-3.508,-4.31,SENSING
40520.0,-3630.86,2459.051,5602.379,-6.451,-1.347,-3.508,-4.31,LISTENING
40529.34,-3690.892,2446.38,5569.358,-6.413,-1.372,-3.566,-4.31,SENSING
40529.34,-3690.892,2446.38,5569.358,-6.413,-1.372,-3.566,-4.31,MANEUVERING
40529.34,-3690.892,2446.38,5569.358,-6.413,-1.372,-3.566,-4.31,LISTENING
40540.0,-3758.972,2431.63,5531.013,-6.369,-1.401,-3.632,-14.97,MANEUVERING
40540.0,-3758.972,2431.63,5531.013,-6.369,-1.401,-3.632,-14.97,SENSING
40540.0,-3758.972,2431.63,5531.013,-6.369,-1.401,-3.632,-14.97,MEASURING
40540.0,-3758.972,2431.63,5531.013,-6.369,-1.401,-3.632,-14.97,SENSING
40540.0,-3758.972,2431.63,5531.013,-6.369,-1.401,-3.632,-14.97,LISTENING
40545.55,-3794.231,2423.829,5510.774,-6.346,-1.416,-3.665,-14.97,SENSING
40545.55,-3794.231,2423.829,5510.774,-6.346,-1.416,-3.665,-14.97,MANEUVERING
40545.55,-3794.231,2423.829,5510.774,-6.346,-1.416,-3.665,-14.97,LISTENING
40550.0,-3822.409,2417.516,5494.411,-6.327,-1.428,-3.693,-19.42,MANEUVERING
40550.0,-3822.409,2417.516,5494.411,-6.327,-1.428,-3.693,-19.42,SENSING
40550.0,-3822.409,2417.516,5494.411,-6.327,-1.428,-3.693,-19.42,MEASURING
40550.0,-3822.409,2417.516,5494.411,-6.327,-1.428,-3.693,-19.42,SENSING
40550.0,-3822.409,2417.516,5494.411,-6.327,-1.428,-3.693,-19.42,LISTENING
40554.65,-3851.764,2410.862,5477.184,-6.308,-1.44,-3.721,-19.42,SENSING
40554.65,-3851.764,2410.862,5477.184,-6.308,-1.44,-3.721,-19.42,LISTENING
40560.0,-3885.424,2403.135,5457.202,-6.285,-1.454,-3.753,-19.42,SENSING
40560.0,-3885.424,2403.135,5457.202,-6.285,-1.454,-3.753,-19.42,MEASURING
40560.0,-3885.424,2403.135,5457.202,-6.285,-1.454,-3.753,-19.42,SENSING
40560.0,-3885.424,2403.135,5457.202,-6.285,-1.454,-3.753,-19.42,LISTENING
40566.02,-3923.152,2394.351,5434.511,-6.259,-1.47,-3.789,-19.42,SENSING
40566.02,-3923.152,2394.351,5434.511,-6.259,-1.47,-3.789,-19.42,MANEUVERING
40566.02,-3923.152,2394.351,5434.511,-6.259,-1.47,-3.789,-19.42,LISTENING
40566.21,-3924.34,2394.072,5433.792,-6.258,-1.471,-3.79,-19.23,MANEUVERING
40566.21,-3924.34,2394.072,5433.792,-6.258,-1.471,-3.79,-19.23,SENSING
40566.21,-3924.34,2394.072,5433.792,-6.258,-1.471,-3.79,-19.23,MANEUVERING
40566.21,-3924.34,2394.072,5433.792,-6.258,-1.471,-3.79,-19.23,LISTENING
40570.0,-3948.009,2388.49,5419.391,-6.241,-1.481,-3.813,-15.44,MANEUVERING
40570.0,-3948.009,2388.49,5419.391,-6.241,-1.481,-3.813,-15.44,SENSING
40570.0,-3948.009,2388.49,5419.391,-6.241,-1.481,-3.813,-15.44,MANEUVERING
40570.0,-3948.009,2388.49,5419.391,-6.241,-1.481,-3.813,-15.44,LISTENING
40580.0,-4010.159,2373.582,5380.98,-6.197,-1.507,-3.873,-5.44,MANEUVERING
40580.0,-4010.159,2373.582,5380.98,-6.197,-1.507,-3.873,-5.44,SENSING
40580.0,-4010.159,2373.582,5380.98,-6.197,-1.507,-3.873,-5.44,MEASURING
40580.0,-4010.159,2373.582,5380.98,-6.197,-1.507,-3.873,-5.44,SENSING
40580.0,-4010.159,2373.582,5380.98,-6.197,-1.507,-3.873,-5.44,LISTENING
40600.0,-4133.125,2342.984,5302.382,-6.108,-1.559,-3.991,-5.44,SENSING
40600.0,-4133.125,2342.984,5302.382,-6.108,-1.559,-3.991,-5.44,MEASURING
40600.0,-4133.125,2342.984,5302.382,-6.108,-1.559,-3.991,-5.44,SENSING
40600.0,-4133.125,2342.984,5302.382,-6.108,-1.559,-3.991,-5.44,LISTENING
40605.28,-4165.286,2334.733,5281.24,-6.083,-1.573,-4.022,-5.44,SENSING
40605.28,-4165.286,2334.733,5281.24,-6.083,-1.573,-4.022,-5.44,MANEUVERING
40605.28,-4165.286,2334.733,5281.24,-6.083,-1.573,-4.022,-5.44,LISTENING
40620.0,-4254.267,2311.354,5221.444,-6.015,-1.61,-4.107,9.28,MANEUVERING
40620.0,-4254.267,2311.354,5221.444,-6.015,-1.61,-4.107,9.28,SENSING
40620.0,-4254.267,2311.354,5221.444,-6.015,-1.61,-4.107,9.28,MEASURING
40620.0,-4254.267,2311.354,5221.444,-6.015,-1.61,-4.107,9.28,SENSING
40620.0,-4254.267,2311.354,5221.444,-6.015,-1.61,-4.107,9.28,LISTENING
40627.8,-4301.006,2298.742,5189.252,-5.978,-1.63,-4.152,9.28,SENSING
40627.8,-4301.006,2298.742,5189.252,-5.978,-1.63,-4.152,9.28,MANEUVERING
40627.8,-4301.006,2298.742,5189.252,-5.978,-1.63,-4.152,9.28,LISTENING
40630.0,-4314.138,2295.157,5180.109,-5.968,-1.636,-4.164,11.48,MANEUVERING
40630.0,-4314.138,2295.157,5180.109,-5.968,-1.636,-4.164,11.48,SENSING
40630.0,-4314.138,2295.157,5180.109,-5.968,-1.636,-4.164,11.48,MANEUVERING
40630.0,-4314.138,2295.157,5180.109,-5.968,-1.636,-4.164,11.48,LISTENING
40635.96,-4349.595,2285.383,5155.201,-5.939,-1.651,-4.198,17.44,MANEUVERING
40635.96,-4349.595,2285.383,5155.201,-5.939,-1.651,-4.198,17.44,SENSING
40635.96,-4349.595,2285.383,5155.201,-5.939,-1.651,-4.198,17.44,MANEUVERING
40635.96,-4349.595,2285.383,5155.201,-5.939,-1.651,-4.198,17.44,LISTENING
40640.0,-4373.533,2278.707,5138.202,-5.92,-1.661,-4.221,21.48,MANEUVERING
40640.0,-4373.533,2278.707,5138.202,-5.92,-1.661,-4.221,21.48,SENSING
40640.0,-4373.533,2278.707,5138.202,-5.92,-1.661,-4.221,21.48,MEASURING
40640.0,-4373.533,2278.707,5138.202,-5.92,-1.661,-4.221,21.48,SENSING
40640.0,-4373.533,2278.707,5138.202,-5.92,-1.661,-4.221,21.48,LISTENING
40650.0,-4432.446,2262.007,5095.73,-5.871,-1.686,-4.278,21.48,SENSING
40650.0,-4432.446,2262.007,5095.73,-5.871,-1.686,-4.278,21.48,LISTENING
40660.0,-4490.871,2245.058,5052.695,-5.822,-1.711,-4.334,21.48,SENSING
40660.0,-4490.871,2245.058,5052.695,-5.822,-1.711,-4.334,21.48,LISTENING
40663.28,-4509.927,2239.445,5038.459,-5.806,-1.719,-4.352,21.48,SENSING
40663.28,-4509.927,2239.445,5038.459,-5.806,-1.719,-4.352,21.48,MANEUVERING
40663.28,-4509.927,2239.445,5038.459,-5.806,-1.719,-4.352,21.48,LISTENING
40669.86,-4547.994,2228.105,5009.718,-5.773,-1.735,-4.388,28.06,MANEUVERING
40669.86,-4547.994,2228.105,5009.718,-5.773,-1.735,-4.388,28.06,SENSING
40669.86,-4547.994,2228.105,5009.718,-5.773,-1.735,-4.388,28.06,MANEUVERING
40669.86,-4547.994,2228.105,5009.718,-5.773,-1.735,-4.388,28.06,LISTENING
40670.0,-4548.802,2227.863,5009.104,-5.772,-1.735,-4.389,28.2,MANEUVERING
40670.0,-4548.802,2227.863,5009.104,-5.772,-1.735,-4.389,28.2,SENSING
40670.0,-4548.802,2227.863,5009.104,-5.772,-1.735,-4.389,28.2,MEASURING
40670.0,-4548.802,2227.863,5009.104,-5.772,-1.735,-4.389,28.2,SENSING
40670.0,-4548.802,2227.863,5009.104,-5.772,-1.735,-4.389,28.2,LISTENING
40680.0,-4606.231,2210.422,4964.961,-5.722,-1.76,-4.444,28.2,SENSING
40680.0,-4606.231,2210.422,4964.961,-5.722,-1.76,-4.444,28.2,LISTENING
40696.16,-4697.963,2181.727,4892.473,-5.639,-1.799,-4.532,28.2,SENSING
40696.16,-4697.963,2181.727,4892.473,-5.639,-1.799,-4.532,28.2,MANEUVERING
40696.16,-4697.963,2181.727,4892.473,-5.639,-1.799,-4.532,28.2,LISTENING
40700.0,-4719.563,2174.815,4875.041,-5.619,-1.808,-4.552,24.36,MANEUVERING
40700.0,-4719.563,2174.815,4875.041,-5.619,-1.808,-4.552,24.36,SENSING
40700.0,-4719.563,2174.815,4875.041,-5.619,-1.808,-4.552,24.36,MEASURING
40700.0,-4719.563,2174.815,4875.041,-5.619,-1.808,-4.552,24.36,SENSING
40700.0,-4719.563,2174.815,4875.041,-5.619,-1.808,-4.552,24.36,LISTENING
40701.35,-4727.138,2172.377,4868.893,-5.612,-1.811,-4.56,24.36,SENSING
40701.35,-4727.138,2172.377,4868.893,-5.612,-1.811,-4.56,24.36,LISTENING
40706.95,-4758.462,2162.218,4843.289,-5.583,-1.824,-4.59,24.36,SENSING
40706.95,-4758.462,2162.218,4843.289,-5.583,-1.824,-4.59,24.36,MANEUVERING
40706.95,-4758.462,2162.218,4843.289,-5.583,-1.824,-4.59,24.36,LISTENING
40710.0,-4775.453,2156.653,4829.273,-5.567,-1.832,-4.606,27.41,MANEUVERING
40710.0,-4775.453,2156.653,4829.273,-5.567,-1.832,-4.606,27.41,SENSING
40710.0,-4775.453,2156.653,4829.273,-5.567,-1.832,-4.606,27.41,MEASURING
40710.0,-4775.453,2156.653,4829.273,-5.567,-1.832,-4.606,27.41,SENSING
40710.0,-4775.453,2156.653,4829.273,-5.567,-1.832,-4.606,27.41,LISTENING
40717.03,-4814.43,2143.743,4796.78,-5.53,-1.848,-4.643,27.41,SENSING
40717.03,-4814.43,2143.743,4796.78,-5.53,-1.848,-4.643,27.41,MANEUVERING
40717.03,-4814.43,2143.743,4796.78,-5.53,-1.848,-4.643,27.41,LISTENING
40720.0,-4830.818,2138.253,4782.974,-5.514,-1.855,-4.659,24.44,MANEUVERING
40720.0,-4830.818,2138.253,4782.974,-5.514,-1.855,-4.659,24.44,SENSING
40720.0,-4830.818,2138.253,4782.974,-5.514,-1.855,-4.659,24.44,MEASURING
40720.0,-4830.818,2138.253,4782.974,-5.514,-1.855,-4.659,24.44,SENSING
40720.0,-4830.818,2138.253,4782.974,-5.514,-1.855,-4.659,24.44,LISTENING
40726.94,-4868.929,2125.346,4750.532,-5.477,-1.872,-4.695,24.44,SENSING
40726.94,-4868.929,2125.346,4750.532,-5.477,-1.872,-4.695,24.44,LISTENING
40730.0,-4885.651,2119.619,4736.148,-5.461,-1.879,-4.711,24.44,SENSING
40730.0,-4885.651,2119.619,4736.148,-5.461,-1.879,-4.711,24.44,LISTENING
40730.0,-4885.651,2119.619,4736.148,-5.461,-1.879,-4.711,24.44,SENSING
40730.0,-4885.651,2119.619,4736.148,-5.461,-1.879,-4.711,24.44,LISTENING
40730.67,-4889.306,2118.363,4732.992,-5.457,-1.88,-4.715,24.44,SENSING
40730.67,-4889.306,2118.363,4732.992,-5.457,-1.88,-4.715,24.44,MANEUVERING
40730.67,-4889.306,2118.363,4732.992,-5.457,-1.88,-4.715,24.44,LISTENING
40740.0,-4939.947,2100.753,4688.802,-5.406,-1.902,-4.763,15.11,MANEUVERING
40740.0,-4939.947,2100.753,4688.802,-5.406,-1.902,-4.763,15.11,SENSING
40740.0,-4939.947,2100.753,4688.802,-5.406,-1.902,-4.763,15.11,MEASURING
40740.0,-4939.947,2100.753,4688.802,-5.406,-1.902,-4.763,15.11,SENSING
40740.0,-4939.947,2100.753,4688.802,-5.406,-1.902,-4.763,15.11,LISTENING
40740.0,-4939.947,2100.753,4688.802,-5.406,-1.902,-4.763,15.11,SENSING
40740.0,-4939.947,2100.753,4688.802,-5.406,-1.902,-4.763,15.11,MESSAGING
40740.0,-4939.947,2100.753,4688.802,-5.406,-1.902,-4.763,15.11,SENSING
40740.0,-4939.947,2100.753,4688.802,-5.406,-1.902,-4.763,15.11,LISTENING
40740.0,-4939.947,2100.753,4688.802,-5.406,-1.902,-4.763,15.11,SENSING
40740.0,-4939.947,2100.753,4688.802,-5.406,-1.902,-4.763,15.11,LISTENING
40740.0,-4939.947,2100.753,4688.802,-5.406,-1.902,-4.763,15.11,SENSING
40740.0,-4939.947,2100.753,4688.802,-5.406,-1.902,-4.763,15.11,LISTENING
40740.0,-4939.947,2100.753,4688.802,-5.406,-1.902,-4.763,15.11,SENSING
40740.0,-4939.947,2100.753,4688.802,-5.406,-1.902,-4.763,15.11,LISTENING
40750.21,-4994.823,2081.252,4639.929,-5.351,-1.925,-4.815,15.11,SENSING
40750.21,-4994.823,2081.252,4639.929,-5.351,-1.925,-4.815,15.11,MANEUVERING
40750.21,-4994.823,2081.252,4639.929,-5.351,-1.925,-4.815,15.11,LISTENING
40760.0,-5046.905,2062.331,4592.567,-5.297,-1.948,-4.865,5.32,MANEUVERING
40760.0,-5046.905,2062.331,4592.567,-5.297,-1.948,-4.865,5.32,SENSING
40760.0,-5046.905,2062.331,4592.567,-5.297,-1.948,-4.865,5.32,MEASURING
40760.0,-5046.905,2062.331,4592.567,-5.297,-1.948,-4.865,5.32,SENSING
40760.0,-5046.905,2062.331,4592.567,-5.297,-1.948,-4.865,5.32,LISTENING
40765.98,-5078.456,2050.666,4563.399,-5.263,-1.961,-4.895,5.32,SENSING
40765.98,-5078.456,2050.666,4563.399,-5.263,-1.961,-4.895,5.32,MANEUVERING
40765.98,-5078.456,2050.666,4563.399,-5.263,-1.961,-4.895,5.32,LISTENING
40766.88,-5083.188,2048.903,4558.994,-5.258,-1.963,-4.9,6.22,MANEUVERING
40766.88,-5083.188,2048.903,4558.994,-5.258,-1.963,-4.9,6.22,SENSING
40766.88,-5083.188,2048.903,4558.994,-5.258,-1.963,-4.9,6.22,MANEUVERING
40766.88,-5083.188,2048.903,4558.994,-5.258,-1.963,-4.9,6.22,LISTENING
40770.0,-5099.555,2042.779,4543.69,-5.241,-1.97,-4.915,9.34,MANEUVERING
40770.0,-5099.555,2042.779,4543.69,-5.241,-1.97,-4.915,9.34,SENSING
40770.0,-5099.555,2042.779,4543.69,-5.241,-1.97,-4.915,9.34,MEASURING
40770.0,-5099.555,2042.779,4543.69,-5.241,-1.97,-4.915,9.34,SENSING
40770.0,-5099.555,2042.779,4543.69,-5.241,-1.97,-4.915,9.34,LISTENING
40770.0,-5099.555,2042.779,4543.69,-5.241,-1.97,-4.915,9.34,SENSING
40770.0,-5099.555,2042.779,4543.69,-5.241,-1.97,-4.915,9.34,MESSAGING
40770.0,-5099.555,2042.779,4543.69,-5.241,-1.97,-4.915,9.34,SENSING
40770.0,-5099.555,2042.779,4543.69,-5.241,-1.97,-4.915,9.34,LISTENING
40790.0,-5203.168,2003.007,4444.443,-5.128,-2.015,-5.014,9.34,SENSING
40790.0,-5203.168,2003.007,4444.443,-5.128,-2.015,-5.014,9.34,LISTENING
40802.59,-5267.223,1977.519,4380.963,-5.055,-2.042,-5.075,9.34,SENSING
40802.59,-5267.223,1977.519,4380.963,-5.055,-2.042,-5.075,9.34,MANEUVERING
40802.59,-5267.223,1977.519,4380.963,-5.055,-2.042,-5.075,9.34,LISTENING
40806.36,-5286.226,1969.82,4361.805,-5.033,-2.05,-5.093,5.57,MANEUVERING
40806.36,-5286.226,1969.82,4361.805,-5.033,-2.05,-5.093,5.57,SENSING
40806.36,-5286.226,1969.82,4361.805,-5.033,-2.05,-5.093,5.57,MANEUVERING
40806.36,-5286.226,1969.82,4361.805,-5.033,-2.05,-5.093,5.57,LISTENING
40810.0,-5304.496,1962.357,4343.244,-5.012,-2.058,-5.111,1.93,MANEUVERING
40810.0,-5304.496,1962.357,4343.244,-5.012,-2.058,-5.111,1.93,SENSING
40810.0,-5304.496,1962.357,4343.244,-5.012,-2.058,-5.111,1.93,MEASURING
40810.0,-5304.496,1962.357,4343.244,-5.012,-2.058,-5.111,1.93,SENSING
40810.0,-5304.496,1962.357,4343.244,-5.012,-2.058,-5.111,1.93,LISTENING
40823.72,-5372.663,1933.972,4272.715,-4.932,-2.087,-5.176,1.93,SENSING
40823.72,-5372.663,1933.972,4272.715,-4.932,-2.087,-5.176,1.93,LISTENING
40824.98,-5378.868,1931.345,4266.193,-4.924,-2.09,-5.182,1.93,SENSING
40824.98,-5378.868,1931.345,4266.193,-4.924,-2.09,-5.182,1.93,MANEUVERING
40824.98,-5378.868,1931.345,4266.193,-4.924,-2.09,-5.182,1.93,LISTENING
40830.0,-5403.495,1920.847,4240.137,-4.895,-2.101,-5.205,6.95,MANEUVERING
40830.0,-5403.495,1920.847,4240.137,-4.895,-2.101,-5.205,6.95,SENSING
40830.0,-5403.495,1920.847,4240.137,-4.895,-2.101,-5.205,6.95,MANEUVERING
40830.0,-5403.495,1920.847,4240.137,-4.895,-2.101,-5.205,6.95,LISTENING
40836.89,-5437.053,1906.351,4204.183,-4.854,-2.115,-5.237,13.84,MANEUVERING
40836.89,-5437.053,1906.351,4204.183,-4.854,-2.115,-5.237,13.84,SENSING
40836.89,-5437.053,1906.351,4204.183,-4.854,-2.115,-5.237,13.84,MANEUVERING
40836.89,-5437.053,1906.351,4204.183,-4.854,-2.115,-5.237,13.84,LISTENING
40840.0,-5452.108,1899.775,4187.882,-4.835,-2.122,-5.251,16.95,MANEUVERING
40840.0,-5452.108,1899.775,4187.882,-4.835,-2.122,-5.251,16.95,SENSING
40840.0,-5452.108,1899.775,4187.882,-4.835,-2.122,-5.251,16.95,MEASURING
40840.0,-5452.108,1899.775,4187.882,-4.835,-2.122,-5.251,16.95,SENSING
40840.0,-5452.108,1899.775,4187.882,-4.835,-2.122,-5.251,16.95,LISTENING
40865.09,-5571.434,1845.996,4054.765,-4.683,-2.173,-5.365,16.95,SENSING
40865.09,-5571.434,1845.996,4054.765,-4.683,-2.173,-5.365,16.95,LISTENING
40880.0,-5640.528,1813.433,3974.327,-4.592,-2.203,-5.43,16.95,SENSING
40880.0,-5640.528,1813.433,3974.327,-4.592,-2.203,-5.43,16.95,LISTENING
40880.0,-5640.528,1813.433,3974.327,-4.592,-2.203,-5.43,16.95,SENSING
40880.0,-5640.528,1813.433,3974.327,-4.592,-2.203,-5.43,16.95,LISTENING
40888.78,-5680.573,1794.051,3926.505,-4.537,-2.22,-5.468,16.95,SENSING
40888.78,-5680.573,1794.051,3926.505,-4.537,-2.22,-5.468,16.95,LISTENING
40890.5,-5688.362,1790.236,3917.098,-4.526,-2.224,-5.476,16.95,SENSING
40890.5,-5688.362,1790.236,3917.098,-4.526,-2.224,-5.476,16.95,MANEUVERING
40890.5,-5688.362,1790.236,3917.098,-4.526,-2.224,-5.476,16.95,LISTENING
40900.0,-5731.048,1769.063,3864.911,-4.467,-2.242,-5.516,7.45,MANEUVERING
40900.0,-5731.048,1769.063,3864.911,-4.467,-2.242,-5.516,7.45,SENSING
40900.0,-5731.048,1769.063,3864.911,-4.467,-2.242,-5.516,7.45,MEASURING
40900.0,-5731.048,1769.063,3864.911,-4.467,-2.242,-5.516,7.45,SENSING
40900.0,-5731.048,1769.063,3864.911,-4.467,-2.242,-5.516,7.45,LISTENING
40930.0,-5862.107,1701.062,3697.624,-4.276,-2.299,-5.641,7.45,SENSING
40930.0,-5862.107,1701.062,3697.624,-4.276,-2.299,-5.641,7.45,LISTENING
40934.88,-5882.883,1689.841,3670.063,-4.245,-2.308,-5.661,7.45,SENSING
40934.88,-5882.883,1689.841,3670.063,-4.245,-2.308,-5.661,7.45,MANEUVERING
40934.88,-5882.883,1689.841,3670.063,-4.245,-2.308,-5.661,7.45,LISTENING
40940.0,-5904.516,1678.02,3641.044,-4.212,-2.318,-5.681,2.33,MANEUVERING
40940.0,-5904.516,1678.02,3641.044,-4.212,-2.318,-5.681,2.33,SENSING
40940.0,-5904.516,1678.02,3641.044,-4.212,-2.318,-5.681,2.33,MEASURING
40940.0,-5904.516,1678.02,3641.044,-4.212,-2.318,-5.681,2.33,SENSING
40940.0,-5904.516,1678.02,3641.044,-4.212,-2.318,-5.681,2.33,LISTENING
40947.79,-5937.105,1659.943,3596.691,-4.161,-2.332,-5.712,2.33,SENSING
40947.79,-5937.105,1659.943,3596.691,-4.161,-2.332,-5.712,2.33,MANEUVERING
40947.79,-5937.105,1659.943,3596.691,-4.161,-2.332,-5.712,2.33,LISTENING
40950.0,-5946.278,1654.795,3584.065,-4.147,-2.336,-5.721,0.12,MANEUVERING
40950.0,-5946.278,1654.795,3584.065,-4.147,-2.336,-5.721,0.12,SENSING
40950.0,-5946.278,1654.795,3584.065,-4.147,-2.336,-5.721,0.12,MANEUVERING
40950.0,-5946.278,1654.795,3584.065,-4.147,-2.336,-5.721,0.12,LISTENING
40960.0,-5987.389,1631.389,3526.693,-4.081,-2.354,-5.76,-9.88,MANEUVERING
40960.0,-5987.389,1631.389,3526.693,-4.081,-2.354,-5.76,-9.88,SENSING
40960.0,-5987.389,1631.389,3526.693,-4.081,-2.354,-5.76,-9.88,MEASURING
40960.0,-5987.389,1631.389,3526.693,-4.081,-2.354,-5.76,-9.88,SENSING
40960.0,-5987.389,1631.389,3526.693,-4.081,-2.354,-5.76,-9.88,LISTENING
40965.95,-6011.54,1617.377,3492.373,-4.042,-2.365,-5.782,-9.88,SENSING
40965.95,-6011.54,1617.377,3492.373,-4.042,-2.365,-5.782,-9.88,MANEUVERING
40965.95,-6011.54,1617.377,3492.373,-4.042,-2.365,-5.782,-9.88,LISTENING
40970.0,-6027.845,1607.805,3468.935,-4.016,-2.372,-5.798,-5.83,MANEUVERING
40970.0,-6027.845,1607.805,3468.935,-4.016,-2.372,-5.798,-5.83,SENSING
40970.0,-6027.845,1607.805,3468.935,-4.016,-2.372,-5.798,-5.83,MEASURING
40970.0,-6027.845,1607.805,3468.935,-4.016,-2.372,-5.798,-5.83,SENSING
40970.0,-6027.845,1607.805,3468.935,-4.016,-2.372,-5.798,-5.83,LISTENING
40980.34,-6068.983,1583.234,3408.814,-3.947,-2.39,-5.837,-5.83,SENSING
40980.34,-6068.983,1583.234,3408.814,-3.947,-2.39,-5.837,-5.83,LISTENING
40990.0,-6106.774,1560.112,3352.286,-3.883,-2.406,-5.873,-5.83,SENSING
40990.0,-6106.774,1560.112,3352.286,-3.883,-2.406,-5.873,-5.83,LISTENING
41000.36,-6146.61,1535.138,3291.282,-3.813,-2.424,-5.91,-5.83,SENSING
41000.36,-6146.61,1535.138,3291.282,-3.813,-2.424,-5.91,-5.83,LISTENING
41027.41,-6247.21,1469.091,3130.195,-3.63,-2.468,-6.005,-5.83,SENSING
41027.41,-6247.21,1469.091,3130.195,-3.63,-2.468,-6.005,-5.83,MANEUVERING
41027.41,-6247.21,1469.091,3130.195,-3.63,-2.468,-6.005,-5.83,LISTENING
41030.0,-6256.582,1462.704,3114.638,-3.612,-2.473,-6.014,-3.24,MANEUVERING
41030.0,-6256.582,1462.704,3114.638,-3.612,-2.473,-6.014,-3.24,SENSING
41030.0,-6256.582,1462.704,3114.638,-3.612,-2.473,-6.014,-3.24,MEASURING
41030.0,-6256.582,1462.704,3114.638,-3.612,-2.473,-6.014,-3.24,SENSING
41030.0,-6256.582,1462.704,3114.638,-3.612,-2.473,-6.014,-3.24,LISTENING
41040.0,-6292.333,1437.947,3054.358,-3.543,-2.488,-6.048,-3.24,SENSING
41040.0,-6292.333,1437.947,3054.358,-3.543,-2.488,-6.048,-3.24,MEASURING
41040.0,-6292.333,1437.947,3054.358,-3.543,-2.488,-6.048,-3.24,SENSING
41040.0,-6292.333,1437.947,3054.358,-3.543,-2.488,-6.048,-3.24,LISTENING
41046.8,-6316.252,1421.022,3013.176,-3.497,-2.499,-6.071,-3.24,SENSING
41046.8,-6316.252,1421.022,3013.176,-3.497,-2.499,-6.071,-3.24,LISTENING
41050.0,-6327.397,1413.032,2993.744,-3.474,-2.504,-6.081,-3.24,SENSING
41050.0,-6327.397,1413.032,2993.744,-3.474,-2.504,-6.081,-3.24,LISTENING
41055.0,-6344.67,1400.517,2963.314,-3.44,-2.512,-6.097,-3.24,SENSING
41055.0,-6344.67,1400.517,2963.314,-3.44,-2.512,-6.097,-3.24,MANEUVERING
41055.0,-6344.67,1400.517,2963.314,-3.44,-2.512,-6.097,-3.24,LISTENING
41069.64,-6394.246,1363.654,2873.751,-3.338,-2.534,-6.144,-17.88,MANEUVERING
41069.64,-6394.246,1363.654,2873.751,-3.338,-2.534,-6.144,-17.88,SENSING
41069.64,-6394.246,1363.654,2873.751,-3.338,-2.534,-6.144,-17.88,MANEUVERING
41069.64,-6394.246,1363.654,2873.751,-3.338,-2.534,-6.144,-17.88,LISTENING
41070.0,-6395.446,1362.743,2871.54,-3.335,-2.534,-6.145,-18.24,MANEUVERING
41070.0,-6395.446,1362.743,2871.54,-3.335,-2.534,-6.145,-18.24,SENSING
41070.0,-6395.446,1362.743,2871.54,-3.335,-2.534,-6.145,-18.24,MEASURING
41070.0,-6395.446,1362.743,2871.54,-3.335,-2.534,-6.145,-18.24,SENSING
41070.0,-6395.446,1362.743,2871.54,-3.335,-2.534,-6.145,-18.24,LISTENING
41080.0,-6428.425,1337.375,2809.964,-3.265,-2.549,-6.176,-18.24,SENSING
41080.0,-6428.425,1337.375,2809.964,-3.265,-2.549,-6.176,-18.24,LISTENING
41084.97,-6444.554,1324.712,2779.246,-3.23,-2.556,-6.191,-18.24,SENSING
41084.97,-6444.554,1324.712,2779.246,-3.23,-2.556,-6.191,-18.24,MANEUVERING
41084.97,-6444.554,1324.712,2779.246,-3.23,-2.556,-6.191,-18.24,LISTENING
41090.0,-6460.7,1311.86,2748.081,-3.195,-2.563,-6.207,-13.21,MANEUVERING
41090.0,-6460.7,1311.86,2748.081,-3.195,-2.563,-6.207,-13.21,SENSING
41090.0,-6460.7,1311.86,2748.081,-3.195,-2.563,-6.207,-13.21,MEASURING
41090.0,-6460.7,1311.86,2748.081,-3.195,-2.563,-6.207,-13.21,SENSING
41090.0,-6460.7,1311.86,2748.081,-3.195,-2.563,-6.207,-13.21,LISTENING
41100.0,-6492.27,1286.203,2685.898,-3.124,-2.578,-6.236,-13.21,SENSING
41100.0,-6492.27,1286.203,2685.898,-3.124,-2.578,-6.236,-13.21,LISTENING
41113.79,-6534.642,1250.592,2599.667,-3.026,-2.597,-6.276,-13.21,SENSING
41113.79,-6534.642,1250.592,2599.667,-3.026,-2.597,-6.276,-13.21,LISTENING
41120.0,-6553.28,1234.47,2560.657,-2.981,-2.605,-6.294,-13.21,SENSING
41120.0,-6553.28,1234.47,2560.657,-2.981,-2.605,-6.294,-13.21,LISTENING
41120.34,-6554.292,1233.586,2558.518,-2.979,-2.606,-6.295,-13.21,SENSING
41120.34,-6554.292,1233.586,2558.518,-2.979,-2.606,-6.295,-13.21,MANEUVERING
41120.34,-6554.292,1233.586,2558.518,-2.979,-2.606,-6.295,-13.21,LISTENING
41130.0,-6582.713,1208.401,2497.614,-2.91,-2.619,-6.321,-3.55,MANEUVERING
41130.0,-6582.713,1208.401,2497.614,-2.91,-2.619,-6.321,-3.55,SENSING
41130.0,-6582.713,1208.401,2497.614,-2.91,-2.619,-6.321,-3.55,MEASURING
41130.0,-6582.713,1208.401,2497.614,-2.91,-2.619,-6.321,-3.55,SENSING
41130.0,-6582.713,1208.401,2497.614,-2.91,-2.619,-6.321,-3.55,LISTENING
41135.29,-6597.992,1194.557,2464.153,-2.871,-2.625,-6.336,-3.55,SENSING
41135.29,-6597.992,1194.557,2464.153,-2.871,-2.625,-6.336,-3.55,MANEUVERING
41135.29,-6597.992,1194.557,2464.153,-2.871,-2.625,-6.336,-3.55,LISTENING
41136.06,-6600.199,1192.538,2459.276,-2.866,-2.626,-6.338,-2.78,MANEUVERING
41136.06,-6600.199,1192.538,2459.276,-2.866,-2.626,-6.338,-2.78,SENSING
41136.06,-6600.199,1192.538,2459.276,-2.866,-2.626,-6.338,-2.78,MANEUVERING
41136.06,-6600.199,1192.538,2459.276,-2.866,-2.626,-6.338,-2.78,LISTENING
41140.0,-6611.427,1182.2,2434.298,-2.837,-2.632,-6.348,1.16,MANEUVERING
41140.0,-6611.427,1182.2,2434.298,-2.837,-2.632,-6.348,1.16,SENSING
41140.0,-6611.427,1182.2,2434.298,-2.837,-2.632,-6.348,1.16,MANEUVERING
41140.0,-6611.427,1182.2,2434.298,-2.837,-2.632,-6.348,1.16,LISTENING
41140.0,-6611.427,1182.2,2434.298,-2.837,-2.632,-6.348,1.16,MANEUVERING
41140.0,-6611.427,1182.2,2434.298,-2.837,-2.632,-6.348,1.16,SENSING
41140.0,-6611.427,1182.2,2434.298,-2.837,-2.632,-6.348,1.16,MANEUVERING
41140.0,-6611.427,1182.2,2434.298,-2.837,-2.632,-6.348,1.16,LISTENING
41150.0,-6639.419,1155.87,2370.715,-2.765,-2.644,-6.375,11.16,MANEUVERING
41150.0,-6639.419,1155.87,2370.715,-2.765,-2.644,-6.375,11.16,SENSING
41150.0,-6639.419,1155.87,2370.715,-2.765,-2.644,-6.375,11.16,MEASURING
41150.0,-6639.419,1155.87,2370.715,-2.765,-2.644,-6.375,11.16,SENSING
41150.0,-6639.419,1155.87,2370.715,-2.765,-2.644,-6.375,11.16,LISTENING
41156.3,-6656.682,1139.217,2330.526,-2.719,-2.652,-6.391,11.16,SENSING
41156.3,-6656.682,1139.217,2330.526,-2.719,-2.652,-6.391,11.16,LISTENING
41170.0,-6693.226,1102.835,2242.782,-2.619,-2.669,-6.425,11.16,SENSING
41170.0,-6693.226,1102.835,2242.782,-2.619,-2.669,-6.425,11.16,LISTENING
41180.39,-6720.028,1075.092,2175.93,-2.543,-2.681,-6.45,11.16,SENSING
41180.39,-6720.028,1075.092,2175.93,-2.543,-2.681,-6.45,11.16,LISTENING
41194.39,-6754.888,1037.511,2085.447,-2.44,-2.697,-6.483,11.16,SENSING
41194.39,-6754.888,1037.511,2085.447,-2.44,-2.697,-6.483,11.16,MANEUVERING
41194.39,-6754.888,1037.511,2085.447,-2.44,-2.697,-6.483,11.16,LISTENING
41200.0,-6768.452,1022.389,2049.063,-2.399,-2.704,-6.495,5.55,MANEUVERING
41200.0,-6768.452,1022.389,2049.063,-2.399,-2.704,-6.495,5.55,SENSING
41200.0,-6768.452,1022.389,2049.063,-2.399,-2.704,-6.495,5.55,MEASURING
41200.0,-6768.452,1022.389,2049.063,-2.399,-2.704,-6.495,5.55,SENSING
41200.0,-6768.452,1022.389,2049.063,-2.399,-2.704,-6.495,5.55,LISTENING
41206.31,-6783.431,1005.338,2008.054,-2.352,-2.711,-6.509,5.55,SENSING
41206.31,-6783.431,1005.338,2008.054,-2.352,-2.711,-6.509,5.55,MANEUVERING
41206.31,-6783.431,1005.338,2008.054,-2.352,-2.711,-6.509,5.55,LISTENING
41210.0,-6792.054,995.347,1984.033,-2.325,-2.715,-6.517,9.24,MANEUVERING
41210.0,-6792.054,995.347,1984.033,-2.325,-2.715,-6.517,9.24,SENSING
41210.0,-6792.054,995.347,1984.033,-2.325,-2.715,-6.517,9.24,MEASURING
41210.0,-6792.054,995.347,1984.033,-2.325,-2.715,-6.517,9.24,SENSING
41210.0,-6792.054,995.347,1984.033,-2.325,-2.715,-6.517,9.24,LISTENING
41222.73,-6821.027,960.766,1900.937,-2.23,-2.728,-6.544,9.24,SENSING
41222.73,-6821.027,960.766,1900.937,-2.23,-2.728,-6.544,9.24,LISTENING
41270.0,-6918.022,830.923,1589.557,-1.876,-2.775,-6.634,9.24,SENSING
41270.0,-6918.022,830.923,1589.557,-1.876,-2.775,-6.634,9.24,LISTENING
41270.0,-6918.022,830.923,1589.557,-1.876,-2.775,-6.634,9.24,SENSING
41270.0,-6918.022,830.923,1589.557,-1.876,-2.775,-6.634,9.24,LISTENING
41280.84,-6937.897,800.852,1517.577,-1.794,-2.784,-6.653,9.24,SENSING
41280.84,-6937.897,800.852,1517.577,-1.794,-2.784,-6.653,9.24,LISTENING
41290.0,-6954.0,775.36,1456.601,-1.724,-2.792,-6.668,9.24,SENSING
41290.0,-6954.0,775.36,1456.601,-1.724,-2.792,-6.668,9.24,LISTENING
41337.95,-7027.878,640.819,1135.361,-1.359,-2.829,-6.735,9.24,SENSING
41337.95,-7027.878,640.819,1135.361,-1.359,-2.829,-6.735,9.24,LISTENING
41360.0,-7055.951,578.391,986.634,-1.189,-2.844,-6.761,9.24,SENSING
41360.0,-7055.951,578.391,986.634,-1.189,-2.844,-6.761,9.24,LISTENING
41714.83,-6989.589,-445.092,-1423.58,1.559,-2.87,-6.675,9.24,SENSING
41714.83,-6989.589,-445.092,-1423.58,1.559,-2.87,-6.675,9.24,LISTENING
41750.0,-6930.079,-545.516,-1657.22,1.827,-2.851,-6.616,9.24,SENSING
41750.0,-6930.079,-545.516,-1657.22,1.827,-2.851,-6.616,9.24,LISTENING
41760.0,-6911.447,-573.941,-1723.256,1.902,-2.845,-6.598,9.24,SENSING
41760.0,-6911.447,-573.941,-1723.256,1.902,-2.845,-6.598,9.24,LISTENING
41773.62,-6884.86,-612.556,-1812.895,2.005,-2.836,-6.572,9.24,SENSING
41773.62,-6884.86,-612.556,-1812.895,2.005,-2.836,-6.572,9.24,LISTENING
41780.0,-6871.926,-630.602,-1854.759,2.053,-2.832,-6.559,9.24,SENSING
41780.0,-6871.926,-630.602,-1854.759,2.053,-2.832,-6.559,9.24,LISTENING
41790.0,-6851.039,-658.831,-1920.21,2.128,-2.825,-6.538,9.24,SENSING
41790.0,-6851.039,-658.831,-1920.21,2.128,-2.825,-6.538,9.24,LISTENING
41797.0,-6835.974,-678.549,-1965.901,2.18,-2.819,-6.523,9.24,SENSING
41797.0,-6835.974,-678.549,-1965.901,2.18,-2.819,-6.523,9.24,LISTENING
41810.0,-6807.027,-715.071,-2050.476,2.277,-2.81,-6.495,9.24,SENSING
41810.0,-6807.027,-715.071,-2050.476,2.277,-2.81,-6.495,9.24,LISTENING
41856.77,-6692.54,-845.331,-2351.51,2.622,-2.77,-6.382,9.24,SENSING
41856.77,-6692.54,-845.331,-2351.51,2.622,-2.77,-6.382,9.24,LISTENING
41860.0,-6684.041,-854.257,-2372.101,2.645,-2.767,-6.374,9.24,SENSING
41860.0,-6684.041,-854.257,-2372.101,2.645,-2.767,-6.374,9.24,LISTENING
41860.0,-6684.041,-854.257,-2372.101,2.645,-2.767,-6.374,9.24,SENSING
41860.0,-6684.041,-854.257,-2372.101,2.645,-2.767,-6.374,9.24,LISTENING
41875.81,-6641.34,-897.801,-2472.492,2.76,-2.752,-6.332,9.24,SENSING
41875.81,-6641.34,-897.801,-2472.492,2.76,-2.752,-6.332,9.24,LISTENING
41880.0,-6629.719,-909.301,-2498.986,2.791,-2.748,-6.321,9.24,SENSING
41880.0,-6629.719,-909.301,-2498.986,2.791,-2.748,-6.321,9.24,LISTENING
41880.0,-6629.719,-909.301,-2498.986,2.791,-2.748,-6.321,9.24,SENSING
41880.0,-6629.719,-909.301,-2498.986,2.791,-2.748,-6.321,9.24,LISTENING
41890.0,-6601.471,-936.676,-2562.023,2.863,-2.737,-6.293,9.24,SENSING
41890.0,-6601.471,-936.676,-2562.023,2.863,-2.737,-6.293,9.24,LISTENING
41943.26,-6438.952,-1080.684,-2892.874,3.243,-2.679,-6.134,9.24,SENSING
41943.26,-6438.952,-1080.684,-2892.874,3.243,-2.679,-6.134,9.24,LISTENING
41960.0,-6383.724,-1125.278,-2995.058,3.36,-2.659,-6.08,9.24,SENSING
41960.0,-6383.724,-1125.278,-2995.058,3.36,-2.659,-6.08,9.24,LISTENING
41960.0,-6383.724,-1125.278,-2995.058,3.36,-2.659,-6.08,9.24,SENSING
41960.0,-6383.724,-1125.278,-2995.058,3.36,-2.659,-6.08,9.24,LISTENING
41977.95,-6322.332,-1172.713,-3103.608,3.485,-2.636,-6.02,9.24,SENSING
41977.95,-6322.332,-1172.713,-3103.608,3.485,-2.636,-6.02,9.24,LISTENING
42000.0,-6243.871,-1230.416,-3235.45,3.636,-2.607,-5.944,9.24,SENSING
42000.0,-6243.871,-1230.416,-3235.45,3.636,-2.607,-5.944,9.24,LISTENING
42010.0,-6207.19,-1256.373,-3294.68,3.705,-2.594,-5.908,9.24,SENSING
42010.0,-6207.19,-1256.373,-3294.68,3.705,-2.594,-5.908,9.24,LISTENING
42016.74,-6182.084,-1273.79,-3334.397,3.75,-2.584,-5.884,9.24,SENSING
42016.74,-6182.084,-1273.79,-3334.397,3.75,-2.584,-5.884,9.24,LISTENING
42020.0,-6169.831,-1282.191,-3353.548,3.772,-2.58,-5.872,9.24,SENSING
42020.0,-6169.831,-1282.191,-3353.548,3.772,-2.58,-5.872,9.24,LISTENING
42030.74,-6128.955,-1309.765,-3416.364,3.845,-2.564,-5.832,9.24,SENSING
42030.74,-6128.955,-1309.765,-3416.364,3.845,-2.564,-5.832,9.24,LISTENING
42040.0,-6093.091,-1333.407,-3470.178,3.907,-2.551,-5.797,9.24,SENSING
42040.0,-6093.091,-1333.407,-3470.178,3.907,-2.551,-5.797,9.24,LISTENING
42040.0,-6093.091,-1333.407,-3470.178,3.907,-2.551,-5.797,9.24,SENSING
42040.0,-6093.091,-1333.407,-3470.178,3.907,-2.551,-5.797,9.24,LISTENING
42053.06,-6041.538,-1366.538,-3545.52,3.994,-2.532,-5.747,9.24,SENSING
42053.06,-6041.538,-1366.538,-3545.52,3.994,-2.532,-5.747,9.24,LISTENING
42080.0,-5931.642,-1434.068,-3698.826,4.17,-2.49,-5.64,9.24,SENSING
42080.0,-5931.642,-1434.068,-3698.826,4.17,-2.49,-5.64,9.24,LISTENING
42080.14,-5931.058,-1434.416,-3699.615,4.171,-2.49,-5.639,9.24,SENSING
42080.14,-5931.058,-1434.416,-3699.615,4.171,-2.49,-5.639,9.24,LISTENING
42086.36,-5905.006,-1449.847,-3734.594,4.212,-2.48,-5.614,9.24,SENSING
42086.36,-5905.006,-1449.847,-3734.594,4.212,-2.48,-5.614,9.24,LISTENING
42090.0,-5889.644,-1458.849,-3754.991,4.235,-2.475,-5.599,9.24,SENSING
42090.0,-5889.644,-1458.849,-3754.991,4.235,-2.475,-5.599,9.24,LISTENING
42097.34,-5858.407,-1476.936,-3795.954,4.282,-2.463,-5.568,9.24,SENSING
42097.34,-5858.407,-1476.936,-3795.954,4.282,-2.463,-5.568,9.24,LISTENING
42100.0,-5847.001,-1483.47,-3810.744,4.299,-2.459,-5.557,9.24,SENSING
42100.0,-5847.001,-1483.47,-3810.744,4.299,-2.459,-5.557,9.24,LISTENING
42105.22,-5824.487,-1496.258,-3839.682,4.333,-2.45,-5.535,9.24,SENSING
42105.22,-5824.487,-1496.258,-3839.682,4.333,-2.45,-5.535,9.24,LISTENING
42110.0,-5803.718,-1507.929,-3866.079,4.363,-2.442,-5.515,9.24,SENSING
42110.0,-5803.718,-1507.929,-3866.079,4.363,-2.442,-5.515,9.24,LISTENING
42119.06,-5763.954,-1529.947,-3915.847,4.421,-2.427,-5.477,9.24,SENSING
42119.06,-5763.954,-1529.947,-3915.847,4.421,-2.427,-5.477,9.24,LISTENING
42120.0,-5759.799,-1532.223,-3920.991,4.427,-2.425,-5.473,9.24,SENSING
42120.0,-5759.799,-1532.223,-3920.991,4.427,-2.425,-5.473,9.24,LISTENING
42129.07,-5719.417,-1554.113,-3970.424,4.484,-2.41,-5.433,9.24,SENSING
42129.07,-5719.417,-1554.113,-3970.424,4.484,-2.41,-5.433,9.24,LISTENING
42130.0,-5715.248,-1556.35,-3975.472,4.49,-2.409,-5.429,9.24,SENSING
42130.0,-5715.248,-1556.35,-3975.472,4.49,-2.409,-5.429,9.24,LISTENING
42136.18,-5687.402,-1571.175,-4008.924,4.528,-2.398,-5.402,9.24,SENSING
42136.18,-5687.402,-1571.175,-4008.924,4.528,-2.398,-5.402,9.24,LISTENING
42140.0,-5670.07,-1580.306,-4029.518,4.552,-2.391,-5.385,9.24,SENSING
42140.0,-5670.07,-1580.306,-4029.518,4.552,-2.391,-5.385,9.24,LISTENING
42160.0,-5577.855,-1627.698,-4136.276,4.676,-2.356,-5.296,9.24,SENSING
42160.0,-5577.855,-1627.698,-4136.276,4.676,-2.356,-5.296,9.24,LISTENING
42181.89,-5474.122,-1678.75,-4251.041,4.808,-2.317,-5.195,9.24,SENSING
42181.89,-5474.122,-1678.75,-4251.041,4.808,-2.317,-5.195,9.24,LISTENING
42190.0,-5434.956,-1697.442,-4292.995,4.857,-2.301,-5.157,9.24,SENSING
42190.0,-5434.956,-1697.442,-4292.995,4.857,-2.301,-5.157,9.24,LISTENING
42204.81,-5362.423,-1731.261,-4368.808,4.945,-2.274,-5.086,9.24,SENSING
42204.81,-5362.423,-1731.261,-4368.808,4.945,-2.274,-5.086,9.24,LISTENING
42230.0,-5236.097,-1787.822,-4495.328,5.092,-2.225,-4.964,9.24,SENSING
42230.0,-5236.097,-1787.822,-4495.328,5.092,-2.225,-4.964,9.24,LISTENING
42232.49,-5223.41,-1793.346,-4507.666,5.106,-2.22,-4.951,9.24,SENSING
42232.49,-5223.41,-1793.346,-4507.666,5.106,-2.22,-4.951,9.24,MANEUVERING
42232.49,-5223.41,-1793.346,-4507.666,5.106,-2.22,-4.951,9.24,LISTENING
42232.87,-5221.471,-1794.188,-4509.546,5.108,-2.219,-4.949,9.62,MANEUVERING
42232.87,-5221.471,-1794.188,-4509.546,5.108,-2.219,-4.949,9.62,SENSING
42232.87,-5221.471,-1794.188,-4509.546,5.108,-2.219,-4.949,9.62,MANEUVERING
42232.87,-5221.471,-1794.188,-4509.546,5.108,-2.219,-4.949,9.62,LISTENING
42240.0,-5184.93,-1809.933,-4544.69,5.149,-2.205,-4.914,16.75,MANEUVERING
42240.0,-5184.93,-1809.933,-4544.69,5.149,-2.205,-4.914,16.75,SENSING
42240.0,-5184.93,-1809.933,-4544.69,5.149,-2.205,-4.914,16.75,MANEUVERING
42240.0,-5184.93,-1809.933,-4544.69,5.149,-2.205,-4.914,16.75,LISTENING
42240.0,-5184.93,-1809.933,-4544.69,5.149,-2.205,-4.914,16.75,MANEUVERING
42240.0,-5184.93,-1809.933,-4544.69,5.149,-2.205,-4.914,16.75,SENSING
42240.0,-5184.93,-1809.933,-4544.69,5.149,-2.205,-4.914,16.75,MANEUVERING
42240.0,-5184.93,-1809.933,-4544.69,5.149,-2.205,-4.914,16.75,LISTENING
42246.85,-5149.552,-1824.965,-4578.215,5.188,-2.192,-4.879,23.6,MANEUVERING
42246.85,-5149.552,-1824.965,-4578.215,5.188,-2.192,-4.879,23.6,SENSING
42246.85,-5149.552,-1824.965,-4578.215,5.188,-2.192,-4.879,23.6,MANEUVERING
42246.85,-5149.552,-1824.965,-4578.215,5.188,-2.192,-4.879,23.6,LISTENING
42250.0,-5133.194,-1831.846,-4593.553,5.206,-2.185,-4.864,26.75,MANEUVERING
42250.0,-5133.194,-1831.846,-4593.553,5.206,-2.185,-4.864,26.75,SENSING
42250.0,-5133.194,-1831.846,-4593.553,5.206,-2.185,-4.864,26.75,MEASURING
42250.0,-5133.194,-1831.846,-4593.553,5.206,-2.185,-4.864,26.75,SENSING
42250.0,-5133.194,-1831.846,-4593.553,5.206,-2.185,-4.864,26.75,LISTENING
42256.1,-5101.358,-1845.114,-4623.111,5.24,-2.173,-4.833,26.75,SENSING
42256.1,-5101.358,-1845.114,-4623.111,5.24,-2.173,-4.833,26.75,LISTENING
42260.0,-5080.894,-1853.558,-4641.91,5.262,-2.165,-4.813,26.75,SENSING
42260.0,-5080.894,-1853.558,-4641.91,5.262,-2.165,-4.813,26.75,MEASURING
42260.0,-5080.894,-1853.558,-4641.91,5.262,-2.165,-4.813,26.75,SENSING
42260.0,-5080.894,-1853.558,-4641.91,5.262,-2.165,-4.813,26.75,LISTENING
42270.0,-5028.035,-1875.067,-4689.757,5.317,-2.144,-4.761,26.75,SENSING
42270.0,-5028.035,-1875.067,-4689.757,5.317,-2.144,-4.761,26.75,MEASURING
42270.0,-5028.035,-1875.067,-4689.757,5.317,-2.144,-4.761,26.75,SENSING
42270.0,-5028.035,-1875.067,-4689.757,5.317,-2.144,-4.761,26.75,LISTENING
42280.0,-4974.623,-1896.37,-4737.088,5.372,-2.124,-4.71,26.75,SENSING
42280.0,-4974.623,-1896.37,-4737.088,5.372,-2.124,-4.71,26.75,MEASURING
42280.0,-4974.623,-1896.37,-4737.088,5.372,-2.124,-4.71,26.75,SENSING
42280.0,-4974.623,-1896.37,-4737.088,5.372,-2.124,-4.71,26.75,LISTENING
42286.77,-4938.153,-1910.674,-4768.835,5.409,-2.11,-4.674,26.75,SENSING
42286.77,-4938.153,-1910.674,-4768.835,5.409,-2.11,-4.674,26.75,LISTENING
42290.0,-4920.665,-1917.464,-4783.897,5.427,-2.103,-4.657,26.75,SENSING
42290.0,-4920.665,-1917.464,-4783.897,5.427,-2.103,-4.657,26.75,MEASURING
42290.0,-4920.665,-1917.464,-4783.897,5.427,-2.103,-4.657,26.75,SENSING
42290.0,-4920.665,-1917.464,-4783.897,5.427,-2.103,-4.657,26.75,LISTENING
42293.86,-4899.691,-1925.551,-4801.825,5.448,-2.095,-4.637,26.75,SENSING
42293.86,-4899.691,-1925.551,-4801.825,5.448,-2.095,-4.637,26.75,MANEUVERING
42293.86,-4899.691,-1925.551,-4801.825,5.448,-2.095,-4.637,26.75,LISTENING
42296.75,-4883.936,-1931.585,-4815.197,5.463,-2.089,-4.621,23.86,MANEUVERING
42296.75,-4883.936,-1931.585,-4815.197,5.463,-2.089,-4.621,23.86,SENSING
42296.75,-4883.936,-1931.585,-4815.197,5.463,-2.089,-4.621,23.86,MANEUVERING
42296.75,-4883.936,-1931.585,-4815.197,5.463,-2.089,-4.621,23.86,LISTENING
42300.0,-4866.164,-1938.349,-4830.181,5.481,-2.082,-4.604,20.61,MANEUVERING
42300.0,-4866.164,-1938.349,-4830.181,5.481,-2.082,-4.604,20.61,SENSING
42300.0,-4866.164,-1938.349,-4830.181,5.481,-2.082,-4.604,20.61,MEASURING
42300.0,-4866.164,-1938.349,-4830.181,5.481,-2.082,-4.604,20.61,SENSING
42300.0,-4866.164,-1938.349,-4830.181,5.481,-2.082,-4.604,20.61,LISTENING
42307.0,-4827.695,-1952.842,-4862.263,5.518,-2.067,-4.567,20.61,SENSING
42307.0,-4827.695,-1952.842,-4862.263,5.518,-2.067,-4.567,20.61,MANEUVERING
42307.0,-4827.695,-1952.842,-4862.263,5.518,-2.067,-4.567,20.61,LISTENING
42310.0,-4811.129,-1959.021,-4875.932,5.534,-2.06,-4.551,23.61,MANEUVERING
42310.0,-4811.129,-1959.021,-4875.932,5.534,-2.06,-4.551,23.61,SENSING
42310.0,-4811.129,-1959.021,-4875.932,5.534,-2.06,-4.551,23.61,MEASURING
42310.0,-4811.129,-1959.021,-4875.932,5.534,-2.06,-4.551,23.61,SENSING
42310.0,-4811.129,-1959.021,-4875.932,5.534,-2.06,-4.551,23.61,LISTENING
42316.6,-4774.515,-1972.546,-4905.834,5.569,-2.046,-4.515,23.61,SENSING
42316.6,-4774.515,-1972.546,-4905.834,5.569,-2.046,-4.515,23.61,MANEUVERING
42316.6,-4774.515,-1972.546,-4905.834,5.569,-2.046,-4.515,23.61,LISTENING
42317.19,-4771.231,-1973.751,-4908.496,5.572,-2.045,-4.512,23.02,MANEUVERING
42317.19,-4771.231,-1973.751,-4908.496,5.572,-2.045,-4.512,23.02,SENSING
42317.19,-4771.231,-1973.751,-4908.496,5.572,-2.045,-4.512,23.02,MANEUVERING
42317.19,-4771.231,-1973.751,-4908.496,5.572,-2.045,-4.512,23.02,LISTENING
42320.0,-4755.564,-1979.477,-4921.147,5.587,-2.038,-4.497,20.21,MANEUVERING
42320.0,-4755.564,-1979.477,-4921.147,5.587,-2.038,-4.497,20.21,SENSING
42320.0,-4755.564,-1979.477,-4921.147,5.587,-2.038,-4.497,20.21,MEASURING
42320.0,-4755.564,-1979.477,-4921.147,5.587,-2.038,-4.497,20.21,SENSING
42320.0,-4755.564,-1979.477,-4921.147,5.587,-2.038,-4.497,20.21,LISTENING
42326.82,-4717.368,-1993.304,-4951.673,5.622,-2.024,-4.46,20.21,SENSING
42326.82,-4717.368,-1993.304,-4951.673,5.622,-2.024,-4.46,20.21,LISTENING
42330.0,-4699.475,-1999.717,-4965.82,5.639,-2.017,-4.442,20.21,SENSING
42330.0,-4699.475,-1999.717,-4965.82,5.639,-2.017,-4.442,20.21,MEASURING
42330.0,-4699.475,-1999.717,-4965.82,5.639,-2.017,-4.442,20.21,SENSING
42330.0,-4699.475,-1999.717,-4965.82,5.639,-2.017,-4.442,20.21,LISTENING
42333.93,-4677.29,-2007.611,-4983.226,5.659,-2.008,-4.421,20.21,SENSING
42333.93,-4677.29,-2007.611,-4983.226,5.659,-2.008,-4.421,20.21,MANEUVERING
42333.93,-4677.29,-2007.611,-4983.226,5.659,-2.008,-4.421,20.21,LISTENING
42337.11,-4659.281,-2013.973,-4997.249,5.675,-2.001,-4.403,17.03,MANEUVERING
42337.11,-4659.281,-2013.973,-4997.249,5.675,-2.001,-4.403,17.03,SENSING
42337.11,-4659.281,-2013.973,-4997.249,5.675,-2.001,-4.403,17.03,MANEUVERING
42337.11,-4659.281,-2013.973,-4997.249,5.675,-2.001,-4.403,17.03,LISTENING
42340.0,-4642.869,-2019.736,-5009.945,5.69,-1.994,-4.387,14.14,MANEUVERING
42340.0,-4642.869,-2019.736,-5009.945,5.69,-1.994,-4.387,14.14,SENSING
42340.0,-4642.869,-2019.736,-5009.945,5.69,-1.994,-4.387,14.14,MEASURING
42340.0,-4642.869,-2019.736,-5009.945,5.69,-1.994,-4.387,14.14,SENSING
42340.0,-4642.869,-2019.736,-5009.945,5.69,-1.994,-4.387,14.14,LISTENING
42350.0,-4585.752,-2039.534,-5053.519,5.741,-1.972,-4.332,14.14,SENSING
42350.0,-4585.752,-2039.534,-5053.519,5.741,-1.972,-4.332,14.14,LISTENING
42355.04,-4556.773,-2049.427,-5075.269,5.767,-1.961,-4.304,14.14,SENSING
42355.04,-4556.773,-2049.427,-5075.269,5.767,-1.961,-4.304,14.14,MANEUVERING
42355.04,-4556.773,-2049.427,-5075.269,5.767,-1.961,-4.304,14.14,LISTENING
42360.0,-4528.129,-2059.108,-5096.536,5.791,-1.95,-4.276,9.18,MANEUVERING
42360.0,-4528.129,-2059.108,-5096.536,5.791,-1.95,-4.276,9.18,SENSING
42360.0,-4528.129,-2059.108,-5096.536,5.791,-1.95,-4.276,9.18,MEASURING
42360.0,-4528.129,-2059.108,-5096.536,5.791,-1.95,-4.276,9.18,SENSING
42360.0,-4528.129,-2059.108,-5096.536,5.791,-1.95,-4.276,9.18,LISTENING
42365.37,-4496.979,-2069.525,-5119.404,5.818,-1.937,-4.246,9.18,SENSING
42365.37,-4496.979,-2069.525,-5119.404,5.818,-1.937,-4.246,9.18,LISTENING
42370.0,-4470.007,-2078.455,-5138.99,5.841,-1.927,-4.219,9.18,SENSING
42370.0,-4470.007,-2078.455,-5138.99,5.841,-1.927,-4.219,9.18,LISTENING
42371.55,-4460.954,-2081.433,-5145.52,5.849,-1.923,-4.211,9.18,SENSING
42371.55,-4460.954,-2081.433,-5145.52,5.849,-1.923,-4.211,9.18,MANEUVERING
42371.55,-4460.954,-2081.433,-5145.52,5.849,-1.923,-4.211,9.18,LISTENING
42375.82,-4435.953,-2089.61,-5163.438,5.87,-1.913,-4.186,13.45,MANEUVERING
42375.82,-4435.953,-2089.61,-5163.438,5.87,-1.913,-4.186,13.45,SENSING
42375.82,-4435.953,-2089.61,-5163.438,5.87,-1.913,-4.186,13.45,MANEUVERING
42375.82,-4435.953,-2089.61,-5163.438,5.87,-1.913,-4.186,13.45,LISTENING
42380.0,-4411.393,-2097.573,-5180.878,5.89,-1.904,-4.162,17.63,MANEUVERING
42380.0,-4411.393,-2097.573,-5180.878,5.89,-1.904,-4.162,17.63,SENSING
42380.0,-4411.393,-2097.573,-5180.878,5.89,-1.904,-4.162,17.63,MEASURING
42380.0,-4411.393,-2097.573,-5180.878,5.89,-1.904,-4.162,17.63,SENSING
42380.0,-4411.393,-2097.573,-5180.878,5.89,-1.904,-4.162,17.63,LISTENING
42380.0,-4411.393,-2097.573,-5180.878,5.89,-1.904,-4.162,17.63,SENSING
42380.0,-4411.393,-2097.573,-5180.878,5.89,-1.904,-4.162,17.63,MESSAGING
42380.0,-4411.393,-2097.573,-5180.878,5.89,-1.904,-4.162,17.63,SENSING
42380.0,-4411.393,-2097.573,-5180.878,5.89,-1.904,-4.162,17.63,LISTENING
42380.0,-4411.393,-2097.573,-5180.878,5.89,-1.904,-4.162,17.63,SENSING
42380.0,-4411.393,-2097.573,-5180.878,5.89,-1.904,-4.162,17.63,LISTENING
42380.0,-4411.393,-2097.573,-5180.878,5.89,-1.904,-4.162,17.63,SENSING
42380.0,-4411.393,-2097.573,-5180.878,5.89,-1.904,-4.162,17.63,LISTENING
42386.1,-4375.399,-2109.122,-5206.15,5.92,-1.89,-4.128,17.63,SENSING
42386.1,-4375.399,-2109.122,-5206.15,5.92,-1.89,-4.128,17.63,LISTENING
42390.0,-4352.292,-2116.461,-5222.195,5.938,-1.881,-4.105,17.63,SENSING
42390.0,-4352.292,-2116.461,-5222.195,5.938,-1.881,-4.105,17.63,MEASURING
42390.0,-4352.292,-2116.461,-5222.195,5.938,-1.881,-4.105,17.63,SENSING
42390.0,-4352.292,-2116.461,-5222.195,5.938,-1.881,-4.105,17.63,LISTENING
42391.1,-4345.762,-2118.525,-5226.705,5.944,-1.878,-4.099,17.63,SENSING
42391.1,-4345.762,-2118.525,-5226.705,5.944,-1.878,-4.099,17.63,LISTENING
42397.56,-4307.293,-2130.586,-5253.049,5.975,-1.863,-4.061,17.63,SENSING
42397.56,-4307.293,-2130.586,-5253.049,5.975,-1.863,-4.061,17.63,MANEUVERING
42397.56,-4307.293,-2130.586,-5253.049,5.975,-1.863,-4.061,17.63,LISTENING
42400.0,-4292.712,-2135.116,-5262.936,5.986,-1.857,-4.047,15.19,MANEUVERING
42400.0,-4292.712,-2135.116,-5262.936,5.986,-1.857,-4.047,15.19,SENSING
42400.0,-4292.712,-2135.116,-5262.936,5.986,-1.857,-4.047,15.19,MANEUVERING
42400.0,-4292.712,-2135.116,-5262.936,5.986,-1.857,-4.047,15.19,LISTENING
42400.0,-4292.712,-2135.116,-5262.936,5.986,-1.857,-4.047,15.19,MANEUVERING
42400.0,-4292.712,-2135.116,-5262.936,5.986,-1.857,-4.047,15.19,SENSING
42400.0,-4292.712,-2135.116,-5262.936,5.986,-1.857,-4.047,15.19,MANEUVERING
42400.0,-4292.712,-2135.116,-5262.936,5.986,-1.857,-4.047,15.19,LISTENING
42406.63,-4252.948,-2147.355,-5289.627,6.017,-1.841,-4.009,8.56,MANEUVERING
42406.63,-4252.948,-2147.355,-5289.627,6.017,-1.841,-4.009,8.56,SENSING
42406.63,-4252.948,-2147.355,-5289.627,6.017,-1.841,-4.009,8.56,MANEUVERING
42406.63,-4252.948,-2147.355,-5289.627,6.017,-1.841,-4.009,8.56,LISTENING
42420.0,-4172.137,-2171.719,-5342.67,6.08,-1.81,-3.93,-4.81,MANEUVERING
42420.0,-4172.137,-2171.719,-5342.67,6.08,-1.81,-3.93,-4.81,SENSING
42420.0,-4172.137,-2171.719,-5342.67,6.08,-1.81,-3.93,-4.81,MANEUVERING
42420.0,-4172.137,-2171.719,-5342.67,6.08,-1.81,-3.93,-4.81,LISTENING
42426.99,-4129.559,-2184.287,-5369.983,6.112,-1.793,-3.889,-11.8,MANEUVERING
42426.99,-4129.559,-2184.287,-5369.983,6.112,-1.793,-3.889,-11.8,SENSING
42426.99,-4129.559,-2184.287,-5369.983,6.112,-1.793,-3.889,-11.8,MANEUVERING
42426.99,-4129.559,-2184.287,-5369.983,6.112,-1.793,-3.889,-11.8,LISTENING
42430.0,-4111.155,-2189.663,-5381.655,6.125,-1.786,-3.871,-14.81,MANEUVERING
42430.0,-4111.155,-2189.663,-5381.655,6.125,-1.786,-3.871,-14.81,SENSING
42430.0,-4111.155,-2189.663,-5381.655,6.125,-1.786,-3.871,-14.81,MANEUVERING
42430.0,-4111.155,-2189.663,-5381.655,6.125,-1.786,-3.871,-14.81,LISTENING
42430.0,-4111.155,-2189.663,-5381.655,6.125,-1.786,-3.871,-14.81,MANEUVERING
42430.0,-4111.155,-2189.663,-5381.655,6.125,-1.786,-3.871,-14.81,SENSING
42430.0,-4111.155,-2189.663,-5381.655,6.125,-1.786,-3.871,-14.81,MANEUVERING
42430.0,-4111.155,-2189.663,-5381.655,6.125,-1.786,-3.871,-14.81,LISTENING
42435.19,-4079.326,-2198.881,-5401.654,6.149,-1.773,-3.84,-20.0,MANEUVERING
42435.19,-4079.326,-2198.881,-5401.654,6.149,-1.773,-3.84,-20.0,SENSING
42435.19,-4079.326,-2198.881,-5401.654,6.149,-1.773,-3.84,-20.0,MANEUVERING
42435.19,-4079.326,-2198.881,-5401.654,6.149,-1.773,-3.84,-20.0,LISTENING
42437.51,-4065.059,-2202.981,-5410.542,6.159,-1.767,-3.826,-22.32,MANEUVERING
42437.51,-4065.059,-2202.981,-5410.542,6.159,-1.767,-3.826,-22.32,SENSING
42437.51,-4065.059,-2202.981,-5410.542,6.159,-1.767,-3.826,-22.32,MANEUVERING
42437.51,-4065.059,-2202.981,-5410.542,6.159,-1.767,-3.826,-22.32,LISTENING
42440.0,-4049.72,-2207.366,-5420.045,6.17,-1.761,-3.811,-24.81,MANEUVERING
42440.0,-4049.72,-2207.366,-5420.045,6.17,-1.761,-3.811,-24.81,SENSING
42440.0,-4049.72,-2207.366,-5420.045,6.17,-1.761,-3.811,-24.81,MEASURING
42440.0,-4049.72,-2207.366,-5420.045,6.17,-1.761,-3.811,-24.81,SENSING
42440.0,-4049.72,-2207.366,-5420.045,6.17,-1.761,-3.811,-24.81,LISTENING
42450.0,-3987.837,-2224.826,-5457.837,6.215,-1.737,-3.751,-24.81,SENSING
42450.0,-3987.837,-2224.826,-5457.837,6.215,-1.737,-3.751,-24.81,MEASURING
42450.0,-3987.837,-2224.826,-5457.837,6.215,-1.737,-3.751,-24.81,SENSING
42450.0,-3987.837,-2224.826,-5457.837,6.215,-1.737,-3.751,-24.81,LISTENING
42460.0,-3925.514,-2242.04,-5495.025,6.259,-1.712,-3.69,-24.81,SENSING
42460.0,-3925.514,-2242.04,-5495.025,6.259,-1.712,-3.69,-24.81,MEASURING
42460.0,-3925.514,-2242.04,-5495.025,6.259,-1.712,-3.69,-24.81,SENSING
42460.0,-3925.514,-2242.04,-5495.025,6.259,-1.712,-3.69,-24.81,MESSAGING
42460.0,-3925.514,-2242.04,-5495.025,6.259,-1.712,-3.69,-24.81,MESSAGING
42460.0,-3925.514,-2242.04,-5495.025,6.259,-1.712,-3.69,-24.81,SENSING
42460.0,-3925.514,-2242.04,-5495.025,6.259,-1.712,-3.69,-24.81,MEASURING
42460.0,-3925.514,-2242.04,-5495.025,6.259,-1.712,-3.69,-24.81,MESSAGING
42460.0,-3925.514,-2242.04,-5495.025,6.259,-1.712,-3.69,-24.81,SENSING
42460.0,-3925.514,-2242.04,-5495.025,6.259,-1.712,-3.69,-24.81,MESSAGING
42460.0,-3925.514,-2242.04,-5495.025,6.259,-1.712,-3.69,-24.81,MESSAGING
42460.0,-3925.514,-2242.04,-5495.025,6.259,-1.712,-3.69,-24.81,SENSING
42460.0,-3925.514,-2242.04,-5495.025,6.259,-1.712,-3.69,-24.81,LISTENING
42460.0,-3925.514,-2242.04,-5495.025,6.259,-1.712,-3.69,-24.81,SENSING
42460.0,-3925.514,-2242.04,-5495.025,6.259,-1.712,-3.69,-24.81,LISTENING
42460.0,-3925.514,-2242.04,-5495.025,6.259,-1.712,-3.69,-24.81,SENSING
42460.0,-3925.514,-2242.04,-5495.025,6.259,-1.712,-3.69,-24.81,MESSAGING
42460.0,-3925.514,-2242.04,-5495.025,6.259,-1.712,-3.69,-24.81,SENSING
42460.0,-3925.514,-2242.04,-5495.025,6.259,-1.712,-3.69,-24.81,LISTENING
42460.0,-3925.514,-2242.04,-5495.025,6.259,-1.712,-3.69,-24.81,SENSING
42460.0,-3925.514,-2242.04,-5495.025,6.259,-1.712,-3.69,-24.81,LISTENING
42460.0,-3925.514,-2242.04,-5495.025,6.259,-1.712,-3.69,-24.81,SENSING
42460.0,-3925.514,-2242.04,-5495.025,6.259,-1.712,-3.69,-24.81,LISTENING
42460.0,-3925.514,-2242.04,-5495.025,6.259,-1.712,-3.69,-24.81,SENSING
42460.0,-3925.514,-2242.04,-5495.025,6.259,-1.712,-3.69,-24.81,LISTENING
42460.0,-3925.514,-2242.04,-5495.025,6.259,-1.712,-3.69,-24.81,SENSING
42460.0,-3925.514,-2242.04,-5495.025,6.259,-1.712,-3.69,-24.81,LISTENING
42460.0,-3925.514,-2242.04,-5495.025,6.259,-1.712,-3.69,-24.81,SENSING
42460.0,-3925.514,-2242.04,-5495.025,6.259,-1.712,-3.69,-24.81,LISTENING
42470.0,-3862.758,-2259.008,-5531.607,6.302,-1.687,-3.629,-24.81,SENSING
42470.0,-3862.758,-2259.008,-5531.607,6.302,-1.687,-3.629,-24.81,MEASURING
42470.0,-3862.758,-2259.008,-5531.607,6.302,-1.687,-3.629,-24.81,SENSING
42470.0,-3862.758,-2259.008,-5531.607,6.302,-1.687,-3.629,-24.81,LISTENING
42472.21,-3848.831,-2262.724,-5539.609,6.311,-1.682,-3.616,-24.81,SENSING
42472.21,-3848.831,-2262.724,-5539.609,6.311,-1.682,-3.616,-24.81,LISTENING
42476.77,-3820.029,-2270.353,-5556.025,6.33,-1.67,-3.588,-24.81,SENSING
42476.77,-3820.029,-2270.353,-5556.025,6.33,-1.67,-3.588,-24.81,LISTENING
42480.0,-3799.574,-2275.726,-5567.576,6.344,-1.662,-3.568,-24.81,SENSING
42480.0,-3799.574,-2275.726,-5567.576,6.344,-1.662,-3.568,-24.81,LISTENING
42480.0,-3799.574,-2275.726,-5567.576,6.344,-1.662,-3.568,-24.81,SENSING
42480.0,-3799.574,-2275.726,-5567.576,6.344,-1.662,-3.568,-24.81,LISTENING
42481.34,-3791.075,-2277.947,-5572.35,6.35,-1.659,-3.56,-24.81,SENSING
42481.34,-3791.075,-2277.947,-5572.35,6.35,-1.659,-3.56,-24.81,MANEUVERING
42481.34,-3791.075,-2277.947,-5572.35,6.35,-1.659,-3.56,-24.81,LISTENING
42490.0,-3735.971,-2292.193,-5602.93,6.386,-1.637,-3.506,-16.15,MANEUVERING
42490.0,-3735.971,-2292.193,-5602.93,6.386,-1.637,-3.506,-16.15,SENSING
42490.0,-3735.971,-2292.193,-5602.93,6.386,-1.637,-3.506,-16.15,MEASURING
42490.0,-3735.971,-2292.193,-5602.93,6.386,-1.637,-3.506,-16.15,SENSING
42490.0,-3735.971,-2292.193,-5602.93,6.386,-1.637,-3.506,-16.15,LISTENING
42494.44,-3707.598,-2299.424,-5618.429,6.404,-1.626,-3.479,-16.15,SENSING
42494.44,-3707.598,-2299.424,-5618.429,6.404,-1.626,-3.479,-16.15,LISTENING
42495.06,-3703.63,-2300.43,-5620.584,6.406,-1.624,-3.475,-16.15,SENSING
42495.06,-3703.63,-2300.43,-5620.584,6.406,-1.624,-3.475,-16.15,MANEUVERING
42495.06,-3703.63,-2300.43,-5620.584,6.406,-1.624,-3.475,-16.15,LISTENING
42500.0,-3671.954,-2308.408,-5637.665,6.427,-1.612,-3.444,-21.09,MANEUVERING
42500.0,-3671.954,-2308.408,-5637.665,6.427,-1.612,-3.444,-21.09,SENSING
42500.0,-3671.954,-2308.408,-5637.665,6.427,-1.612,-3.444,-21.09,MEASURING
42500.0,-3671.954,-2308.408,-5637.665,6.427,-1.612,-3.444,-21.09,SENSING
42500.0,-3671.954,-2308.408,-5637.665,6.427,-1.612,-3.444,-21.09,LISTENING
42507.23,-3625.417,-2319.972,-5662.389,6.456,-1.593,-3.399,-21.09,SENSING
42507.23,-3625.417,-2319.972,-5662.389,6.456,-1.593,-3.399,-21.09,MANEUVERING
42507.23,-3625.417,-2319.972,-5662.389,6.456,-1.593,-3.399,-21.09,LISTENING
42510.0,-3607.532,-2324.368,-5671.775,6.467,-1.586,-3.381,-18.32,MANEUVERING
42510.0,-3607.532,-2324.368,-5671.775,6.467,-1.586,-3.381,-18.32,SENSING
42510.0,-3607.532,-2324.368,-5671.775,6.467,-1.586,-3.381,-18.32,MEASURING
42510.0,-3607.532,-2324.368,-5671.775,6.467,-1.586,-3.381,-18.32,SENSING
42510.0,-3607.532,-2324.368,-5671.775,6.467,-1.586,-3.381,-18.32,LISTENING
42516.22,-3567.259,-2334.165,-5692.675,6.492,-1.57,-3.342,-18.32,SENSING
42516.22,-3567.259,-2334.165,-5692.675,6.492,-1.57,-3.342,-18.32,LISTENING
42520.0,-3542.71,-2340.071,-5705.258,6.507,-1.56,-3.318,-18.32,SENSING
42520.0,-3542.71,-2340.071,-5705.258,6.507,-1.56,-3.318,-18.32,LISTENING
42530.46,-3474.487,-2356.22,-5739.605,6.547,-1.533,-3.252,-18.32,SENSING
42530.46,-3474.487,-2356.22,-5739.605,6.547,-1.533,-3.252,-18.32,LISTENING
42536.88,-3432.405,-2365.991,-5760.342,6.572,-1.516,-3.211,-18.32,SENSING
42536.88,-3432.405,-2365.991,-5760.342,6.572,-1.516,-3.211,-18.32,LISTENING
42540.0,-3411.897,-2370.701,-5770.325,6.584,-1.508,-3.191,-18.32,SENSING
42540.0,-3411.897,-2370.701,-5770.325,6.584,-1.508,-3.191,-18.32,LISTENING
42540.0,-3411.897,-2370.701,-5770.325,6.584,-1.508,-3.191,-18.32,SENSING
42540.0,-3411.897,-2370.701,-5770.325,6.584,-1.508,-3.191,-18.32,LISTENING
42550.0,-3345.921,-2385.624,-5801.902,6.621,-1.482,-3.127,-18.32,SENSING
42550.0,-3345.921,-2385.624,-5801.902,6.621,-1.482,-3.127,-18.32,LISTENING
42648.23,-2679.283,-2517.943,-6077.365,6.95,-1.215,-2.479,-18.32,SENSING
42648.23,-2679.283,-2517.943,-6077.365,6.95,-1.215,-2.479,-18.32,LISTENING
42660.0,-2597.339,-2532.02,-6106.058,6.984,-1.182,-2.399,-18.32,SENSING
42660.0,-2597.339,-2532.02,-6106.058,6.984,-1.182,-2.399,-18.32,LISTENING
42660.0,-2597.339,-2532.02,-6106.058,6.984,-1.182,-2.399,-18.32,SENSING
42660.0,-2597.339,-2532.02,-6106.058,6.984,-1.182,-2.399,-18.32,LISTENING
42667.16,-2547.294,-2540.393,-6123.053,7.005,-1.161,-2.351,-18.32,SENSING
42667.16,-2547.294,-2540.393,-6123.053,7.005,-1.161,-2.351,-18.32,LISTENING
42670.0,-2527.403,-2543.674,-6129.698,7.013,-1.153,-2.331,-18.32,SENSING
42670.0,-2527.403,-2543.674,-6129.698,7.013,-1.153,-2.331,-18.32,LISTENING
42670.0,-2527.403,-2543.674,-6129.698,7.013,-1.153,-2.331,-18.32,SENSING
42670.0,-2527.403,-2543.674,-6129.698,7.013,-1.153,-2.331,-18.32,LISTENING
42680.0,-2457.187,-2555.046,-6152.656,7.04,-1.125,-2.263,-18.32,SENSING
42680.0,-2457.187,-2555.046,-6152.656,7.04,-1.125,-2.263,-18.32,LISTENING
42688.64,-2396.3,-2564.643,-6171.941,7.064,-1.1,-2.204,-18.32,SENSING
42688.64,-2396.3,-2564.643,-6171.941,7.064,-1.1,-2.204,-18.32,LISTENING
42700.0,-2315.942,-2576.939,-6196.517,7.094,-1.068,-2.125,-18.32,SENSING
42700.0,-2315.942,-2576.939,-6196.517,7.094,-1.068,-2.125,-18.32,LISTENING
42700.0,-2315.942,-2576.939,-6196.517,7.094,-1.068,-2.125,-18.32,SENSING
42700.0,-2315.942,-2576.939,-6196.517,7.094,-1.068,-2.125,-18.32,LISTENING
42705.2,-2279.047,-2582.444,-6207.47,7.107,-1.053,-2.089,-18.32,SENSING
42705.2,-2279.047,-2582.444,-6207.47,7.107,-1.053,-2.089,-18.32,LISTENING
42710.0,-2244.929,-2587.457,-6217.415,7.119,-1.039,-2.056,-18.32,SENSING
42710.0,-2244.929,-2587.457,-6217.415,7.119,-1.039,-2.056,-18.32,LISTENING
42710.0,-2244.929,-2587.457,-6217.415,7.119,-1.039,-2.056,-18.32,SENSING
42710.0,-2244.929,-2587.457,-6217.415,7.119,-1.039,-2.056,-18.32,LISTENING
42710.0,-2244.929,-2587.457,-6217.415,7.119,-1.039,-2.056,-18.32,SENSING
42710.0,-2244.929,-2587.457,-6217.415,7.119,-1.039,-2.056,-18.32,MESSAGING
42710.0,-2244.929,-2587.457,-6217.415,7.119,-1.039,-2.056,-18.32,SENSING
42710.0,-2244.929,-2587.457,-6217.415,7.119,-1.039,-2.056,-18.32,LISTENING
42710.0,-2244.929,-2587.457,-6217.415,7.119,-1.039,-2.056,-18.32,SENSING
42710.0,-2244.929,-2587.457,-6217.415,7.119,-1.039,-2.056,-18.32,LISTENING
42710.0,-2244.929,-2587.457,-6217.415,7.119,-1.039,-2.056,-18.32,SENSING
42710.0,-2244.929,-2587.457,-6217.415,7.119,-1.039,-2.056,-18.32,LISTENING
42729.86,-2103.165,-2607.492,-6256.862,7.167,-0.982,-1.918,-18.32,SENSING
42729.86,-2103.165,-2607.492,-6256.862,7.167,-0.982,-1.918,-18.32,LISTENING
42740.0,-2030.424,-2617.282,-6275.945,7.19,-0.952,-1.847,-18.32,SENSING
42740.0,-2030.424,-2617.282,-6275.945,7.19,-0.952,-1.847,-18.32,LISTENING
42740.0,-2030.424,-2617.282,-6275.945,7.19,-0.952,-1.847,-18.32,SENSING
42740.0,-2030.424,-2617.282,-6275.945,7.19,-0.952,-1.847,-18.32,LISTENING
42740.0,-2030.424,-2617.282,-6275.945,7.19,-0.952,-1.847,-18.32,SENSING
42740.0,-2030.424,-2617.282,-6275.945,7.19,-0.952,-1.847,-18.32,MESSAGING
42740.0,-2030.424,-2617.282,-6275.945,7.19,-0.952,-1.847,-18.32,MESSAGING
42740.0,-2030.424,-2617.282,-6275.945,7.19,-0.952,-1.847,-18.32,SENSING
42740.0,-2030.424,-2617.282,-6275.945,7.19,-0.952,-1.847,-18.32,LISTENING
42740.0,-2030.424,-2617.282,-6275.945,7.19,-0.952,-1.847,-18.32,SENSING
42740.0,-2030.424,-2617.282,-6275.945,7.19,-0.952,-1.847,-18.32,MESSAGING
42740.0,-2030.424,-2617.282,-6275.945,7.19,-0.952,-1.847,-18.32,SENSING
42740.0,-2030.424,-2617.282,-6275.945,7.19,-0.952,-1.847,-18.32,MESSAGING
42740.0,-2030.424,-2617.282,-6275.945,7.19,-0.952,-1.847,-18.32,MESSAGING
42740.0,-2030.424,-2617.282,-6275.945,7.19,-0.952,-1.847,-18.32,SENSING
42740.0,-2030.424,-2617.282,-6275.945,7.19,-0.952,-1.847,-18.32,LISTENING
42740.0,-2030.424,-2617.282,-6275.945,7.19,-0.952,-1.847,-18.32,SENSING
42740.0,-2030.424,-2617.282,-6275.945,7.19,-0.952,-1.847,-18.32,LISTENING
42740.0,-2030.424,-2617.282,-6275.945,7.19,-0.952,-1.847,-18.32,SENSING
42740.0,-2030.424,-2617.282,-6275.945,7.19,-0.952,-1.847,-18.32,LISTENING
42771.95,-1799.744,-2646.168,-6331.358,7.259,-0.859,-1.623,-18.32,SENSING
42771.95,-1799.744,-2646.168,-6331.358,7.259,-0.859,-1.623,-18.32,LISTENING
42820.0,-1449.048,-2683.943,-6401.105,7.346,-0.716,-1.281,-18.32,SENSING
42820.0,-1449.048,-2683.943,-6401.105,7.346,-0.716,-1.281,-18.32,LISTENING
42820.0,-1449.048,-2683.943,-6401.105,7.346,-0.716,-1.281,-18.32,SENSING
42820.0,-1449.048,-2683.943,-6401.105,7.346,-0.716,-1.281,-18.32,LISTENING
42826.8,-1399.095,-2688.733,-6409.646,7.357,-0.695,-1.232,-18.32,SENSING
42826.8,-1399.095,-2688.733,-6409.646,7.357,-0.695,-1.232,-18.32,LISTENING
42867.33,-1099.952,-2714.405,-6453.672,7.413,-0.573,-0.941,-18.32,SENSING
42867.33,-1099.952,-2714.405,-6453.672,7.413,-0.573,-0.941,-18.32,LISTENING
42880.0,-1005.997,-2721.412,-6465.006,7.428,-0.535,-0.849,-18.32,SENSING
42880.0,-1005.997,-2721.412,-6465.006,7.428,-0.535,-0.849,-18.32,LISTENING
42880.0,-1005.997,-2721.412,-6465.006,7.428,-0.535,-0.849,-18.32,SENSING
42880.0,-1005.997,-2721.412,-6465.006,7.428,-0.535,-0.849,-18.32,LISTENING
42890.0,-931.714,-2726.598,-6473.132,7.439,-0.504,-0.777,-18.32,SENSING
42890.0,-931.714,-2726.598,-6473.132,7.439,-0.504,-0.777,-18.32,LISTENING
42896.09,-886.423,-2729.607,-6477.726,7.445,-0.486,-0.733,-18.32,SENSING
42896.09,-886.423,-2729.607,-6477.726,7.445,-0.486,-0.733,-18.32,LISTENING
42900.0,-857.325,-2731.479,-6480.533,7.449,-0.474,-0.704,-18.32,SENSING
42900.0,-857.325,-2731.479,-6480.533,7.449,-0.474,-0.704,-18.32,LISTENING
42907.48,-801.62,-2734.932,-6485.595,7.456,-0.451,-0.65,-18.32,SENSING
42907.48,-801.62,-2734.932,-6485.595,7.456,-0.451,-0.65,-18.32,LISTENING
42910.0,-782.842,-2736.056,-6487.209,7.458,-0.443,-0.632,-18.32,SENSING
42910.0,-782.842,-2736.056,-6487.209,7.458,-0.443,-0.632,-18.32,LISTENING
42988.59,-195.086,-2761.342,-6514.315,7.501,-0.201,-0.058,-18.32,SENSING
42988.59,-195.086,-2761.342,-6514.315,7.501,-0.201,-0.058,-18.32,LISTENING
43050.0,265.33,-2767.821,-6504.073,7.499,-0.01,0.392,-18.32,SENSING
43050.0,265.33,-2767.821,-6504.073,7.499,-0.01,0.392,-18.32,LISTENING
43050.0,265.33,-2767.821,-6504.073,7.499,-0.01,0.392,-18.32,SENSING
43050.0,265.33,-2767.821,-6504.073,7.499,-0.01,0.392,-18.32,LISTENING
43082.64,509.712,-2766.501,-6487.397,7.485,0.091,0.631,-18.32,SENSING
43082.64,509.712,-2766.501,-6487.397,7.485,0.091,0.631,-18.32,LISTENING
43087.16,543.513,-2766.057,-6484.474,7.482,0.106,0.664,-18.32,SENSING
43087.16,543.513,-2766.057,-6484.474,7.482,0.106,0.664,-18.32,LISTENING
43100.0,639.459,-2764.45,-6475.356,7.473,0.146,0.757,-18.32,SENSING
43100.0,639.459,-2764.45,-6475.356,7.473,0.146,0.757,-18.32,LISTENING
43114.54,747.964,-2762.011,-6463.578,7.462,0.191,0.863,-18.32,SENSING
43114.54,747.964,-2762.011,-6463.578,7.462,0.191,0.863,-18.32,LISTENING
43120.0,788.665,-2760.926,-6458.758,7.457,0.208,0.903,-18.32,SENSING
43120.0,788.665,-2760.926,-6458.758,7.457,0.208,0.903,-18.32,LISTENING
43120.0,788.665,-2760.926,-6458.758,7.457,0.208,0.903,-18.32,SENSING
43120.0,788.665,-2760.926,-6458.758,7.457,0.208,0.903,-18.32,LISTENING
43125.61,830.457,-2759.714,-6453.579,7.452,0.225,0.944,-18.32,SENSING
43125.61,830.457,-2759.714,-6453.579,7.452,0.225,0.944,-18.32,LISTENING
43140.0,937.516,-2756.16,-6439.247,7.438,0.27,1.049,-18.32,SENSING
43140.0,937.516,-2756.16,-6439.247,7.438,0.27,1.049,-18.32,LISTENING
43156.02,1056.443,-2751.448,-6421.522,7.42,0.32,1.165,-18.32,SENSING
43156.02,1056.443,-2751.448,-6421.522,7.42,0.32,1.165,-18.32,LISTENING
43160.0,1085.944,-2750.154,-6416.829,7.415,0.332,1.194,-18.32,SENSING
43160.0,1085.944,-2750.154,-6416.829,7.415,0.332,1.194,-18.32,LISTENING
43178.72,1224.429,-2743.41,-6393.221,7.391,0.39,1.329,-18.32,SENSING
43178.72,1224.429,-2743.41,-6393.221,7.391,0.39,1.329,-18.32,LISTENING
43186.94,1285.089,-2740.106,-6382.055,7.379,0.416,1.389,-18.32,SENSING
43186.94,1285.089,-2740.106,-6382.055,7.379,0.416,1.389,-18.32,LISTENING
43190.0,1307.645,-2738.823,-6377.773,7.374,0.425,1.411,-18.32,SENSING
43190.0,1307.645,-2738.823,-6377.773,7.374,0.425,1.411,-18.32,LISTENING
43229.0,1593.836,-2719.94,-6317.309,7.31,0.545,1.691,-18.32,SENSING
43229.0,1593.836,-2719.94,-6317.309,7.31,0.545,1.691,-18.32,LISTENING
43230.0,1601.14,-2719.395,-6315.616,7.309,0.548,1.698,-18.32,SENSING
43230.0,1601.14,-2719.395,-6315.616,7.309,0.548,1.698,-18.32,LISTENING
43230.0,1601.14,-2719.395,-6315.616,7.309,0.548,1.698,-18.32,SENSING
43230.0,1601.14,-2719.395,-6315.616,7.309,0.548,1.698,-18.32,LISTENING
43240.0,1674.081,-2713.769,-6298.286,7.29,0.579,1.77,-18.32,SENSING
43240.0,1674.081,-2713.769,-6298.286,7.29,0.579,1.77,-18.32,LISTENING
43240.0,1674.081,-2713.769,-6298.286,7.29,0.579,1.77,-18.32,SENSING
43240.0,1674.081,-2713.769,-6298.286,7.29,0.579,1.77,-18.32,MESSAGING
43240.0,1674.081,-2713.769,-6298.286,7.29,0.579,1.77,-18.32,SENSING
43240.0,1674.081,-2713.769,-6298.286,7.29,0.579,1.77,-18.32,LISTENING
43240.0,1674.081,-2713.769,-6298.286,7.29,0.579,1.77,-18.32,SENSING
43240.0,1674.081,-2713.769,-6298.286,7.29,0.579,1.77,-18.32,LISTENING
43240.0,1674.081,-2713.769,-6298.286,7.29,0.579,1.77,-18.32,SENSING
43240.0,1674.081,-2713.769,-6298.286,7.29,0.579,1.77,-18.32,LISTENING
43246.04,1718.047,-2710.223,-6287.473,7.278,0.598,1.813,-18.32,SENSING
43246.04,1718.047,-2710.223,-6287.473,7.278,0.598,1.813,-18.32,LISTENING
43250.0,1746.834,-2707.837,-6280.243,7.271,0.61,1.841,-18.32,SENSING
43250.0,1746.834,-2707.837,-6280.243,7.271,0.61,1.841,-18.32,LISTENING
43252.45,1764.628,-2706.337,-6275.714,7.266,0.617,1.858,-18.32,SENSING
43252.45,1764.628,-2706.337,-6275.714,7.266,0.617,1.858,-18.32,LISTENING
43260.0,1819.388,-2701.6,-6261.489,7.25,0.64,1.912,-18.32,SENSING
43260.0,1819.388,-2701.6,-6261.489,7.25,0.64,1.912,-18.32,LISTENING
43260.0,1819.388,-2701.6,-6261.489,7.25,0.64,1.912,-18.32,SENSING
43260.0,1819.388,-2701.6,-6261.489,7.25,0.64,1.912,-18.32,LISTENING
43267.42,1873.091,-2696.774,-6247.115,7.235,0.663,1.964,-18.32,SENSING
43267.42,1873.091,-2696.774,-6247.115,7.235,0.663,1.964,-18.32,LISTENING
43269.12,1885.379,-2695.645,-6243.767,7.231,0.668,1.976,-18.32,SENSING
43269.12,1885.379,-2695.645,-6243.767,7.231,0.668,1.976,-18.32,LISTENING
43270.0,1891.737,-2695.057,-6242.026,7.229,0.671,1.983,-18.32,SENSING
43270.0,1891.737,-2695.057,-6242.026,7.229,0.671,1.983,-18.32,LISTENING
43277.05,1942.615,-2690.261,-6227.88,7.214,0.692,2.033,-18.32,SENSING
43277.05,1942.615,-2690.261,-6227.88,7.214,0.692,2.033,-18.32,LISTENING
43280.0,1963.872,-2688.21,-6221.856,7.208,0.701,2.053,-18.32,SENSING
43280.0,1963.872,-2688.21,-6221.856,7.208,0.701,2.053,-18.32,LISTENING
43286.67,2011.862,-2683.474,-6208.01,7.193,0.722,2.1,-18.32,SENSING
43286.67,2011.862,-2683.474,-6208.01,7.193,0.722,2.1,-18.32,LISTENING
43290.0,2035.783,-2681.059,-6200.981,7.185,0.732,2.124,-18.32,SENSING
43290.0,2035.783,-2681.059,-6200.981,7.185,0.732,2.124,-18.32,LISTENING
43296.5,2082.403,-2676.248,-6187.035,7.17,0.751,2.169,-18.32,SENSING
43296.5,2082.403,-2676.248,-6187.035,7.17,0.751,2.169,-18.32,LISTENING
43298.82,2099.019,-2674.5,-6181.985,7.164,0.759,2.186,-18.32,SENSING
43298.82,2099.019,-2674.5,-6181.985,7.164,0.759,2.186,-18.32,LISTENING
43300.0,2107.465,-2673.604,-6179.403,7.161,0.762,2.194,-18.32,SENSING
43300.0,2107.465,-2673.604,-6179.403,7.161,0.762,2.194,-18.32,LISTENING
43310.73,2184.113,-2665.27,-6155.47,7.135,0.795,2.269,-18.32,SENSING
43310.73,2184.113,-2665.27,-6155.47,7.135,0.795,2.269,-18.32,LISTENING
43320.0,2250.102,-2657.79,-6134.147,7.112,0.823,2.334,-18.32,SENSING
43320.0,2250.102,-2657.79,-6134.147,7.112,0.823,2.334,-18.32,LISTENING
43340.0,2391.719,-2640.772,-6086.107,7.059,0.883,2.473,-18.32,SENSING
43340.0,2391.719,-2640.772,-6086.107,7.059,0.883,2.473,-18.32,LISTENING
43344.69,2424.774,-2636.608,-6074.441,7.046,0.897,2.505,-18.32,SENSING
43344.69,2424.774,-2636.608,-6074.441,7.046,0.897,2.505,-18.32,LISTENING
43350.0,2462.125,-2631.814,-6061.049,7.032,0.913,2.542,-18.32,SENSING
43350.0,2462.125,-2631.814,-6061.049,7.032,0.913,2.542,-18.32,LISTENING
43361.18,2540.507,-2621.446,-6032.22,7.0,0.946,2.618,-18.32,SENSING
43361.18,2540.507,-2621.446,-6032.22,7.0,0.946,2.618,-18.32,LISTENING
43366.17,2575.376,-2616.698,-6019.076,6.985,0.961,2.653,-18.32,SENSING
43366.17,2575.376,-2616.698,-6019.076,6.985,0.961,2.653,-18.32,LISTENING
43370.0,2602.089,-2613.004,-6008.872,6.974,0.972,2.679,-18.32,SENSING
43370.0,2602.089,-2613.004,-6008.872,6.974,0.972,2.679,-18.32,LISTENING
43380.0,2671.632,-2603.155,-5981.758,6.944,1.002,2.747,-18.32,SENSING
43380.0,2671.632,-2603.155,-5981.758,6.944,1.002,2.747,-18.32,LISTENING
43380.0,2671.632,-2603.155,-5981.758,6.944,1.002,2.747,-18.32,SENSING
43380.0,2671.632,-2603.155,-5981.758,6.944,1.002,2.747,-18.32,LISTENING
43399.57,2806.841,-2583.027,-5926.731,6.883,1.059,2.879,-18.32,SENSING
43399.57,2806.841,-2583.027,-5926.731,6.883,1.059,2.879,-18.32,LISTENING
43420.0,2946.688,-2560.817,-5866.532,6.816,1.119,3.017,-18.32,SENSING
43420.0,2946.688,-2560.817,-5866.532,6.816,1.119,3.017,-18.32,LISTENING
43440.12,3083.046,-2537.759,-5804.523,6.747,1.177,3.15,-18.32,SENSING
43440.12,3083.046,-2537.759,-5804.523,6.747,1.177,3.15,-18.32,LISTENING
43450.0,3149.488,-2526.008,-5773.093,6.712,1.206,3.215,-18.32,SENSING
43450.0,3149.488,-2526.008,-5773.093,6.712,1.206,3.215,-18.32,LISTENING
43459.25,3211.377,-2514.753,-5743.084,6.679,1.232,3.276,-18.32,SENSING
43459.25,3211.377,-2514.753,-5743.084,6.679,1.232,3.276,-18.32,LISTENING
43480.0,3349.062,-2488.617,-5673.736,6.601,1.292,3.411,-18.32,SENSING
43480.0,3349.062,-2488.617,-5673.736,6.601,1.292,3.411,-18.32,LISTENING
43504.31,3508.274,-2456.448,-5588.951,6.506,1.36,3.567,-18.32,SENSING
43504.31,3508.274,-2456.448,-5588.951,6.506,1.36,3.567,-18.32,LISTENING
43510.0,3545.201,-2448.679,-5568.559,6.483,1.376,3.604,-18.32,SENSING
43510.0,3545.201,-2448.679,-5568.559,6.483,1.376,3.604,-18.32,LISTENING
43518.73,3601.603,-2436.585,-5536.875,6.448,1.4,3.659,-18.32,SENSING
43518.73,3601.603,-2436.585,-5536.875,6.448,1.4,3.659,-18.32,LISTENING
43540.0,3737.702,-2406.234,-5457.666,6.358,1.459,3.792,-18.32,SENSING
43540.0,3737.702,-2406.234,-5457.666,6.358,1.459,3.792,-18.32,LISTENING
43550.0,3801.026,-2391.535,-5419.45,6.315,1.486,3.855,-18.32,SENSING
43550.0,3801.026,-2391.535,-5419.45,6.315,1.486,3.855,-18.32,LISTENING
43557.13,3845.911,-2380.889,-5391.823,6.284,1.506,3.899,-18.32,SENSING
43557.13,3845.911,-2380.889,-5391.823,6.284,1.506,3.899,-18.32,LISTENING
43557.46,3847.983,-2380.393,-5390.537,6.283,1.507,3.901,-18.32,SENSING
43557.46,3847.983,-2380.393,-5390.537,6.283,1.507,3.901,-18.32,LISTENING
43560.0,3863.916,-2376.564,-5380.614,6.272,1.514,3.916,-18.32,SENSING
43560.0,3863.916,-2376.564,-5380.614,6.272,1.514,3.916,-18.32,LISTENING
43560.0,3863.916,-2376.564,-5380.614,6.272,1.514,3.916,-18.32,SENSING
43560.0,3863.916,-2376.564,-5380.614,6.272,1.514,3.916,-18.32,LISTENING
43590.0,4049.909,-2330.033,-5260.438,6.136,1.594,4.099,-18.32,SENSING
43590.0,4049.909,-2330.033,-5260.438,6.136,1.594,4.099,-18.32,LISTENING
43600.0,4110.99,-2313.989,-5219.171,6.089,1.621,4.159,-18.32,SENSING
43600.0,4110.99,-2313.989,-5219.171,6.089,1.621,4.159,-18.32,LISTENING
43656.66,4447.998,-2218.152,-4974.216,5.811,1.768,4.49,-18.32,SENSING
43656.66,4447.998,-2218.152,-4974.216,5.811,1.768,4.49,-18.32,LISTENING
43660.0,4467.366,-2212.245,-4959.197,5.794,1.776,4.509,-18.32,SENSING
43660.0,4467.366,-2212.245,-4959.197,5.794,1.776,4.509,-18.32,LISTENING
43670.9,4530.174,-2192.773,-4909.743,5.738,1.804,4.57,-18.32,SENSING
43670.9,4530.174,-2192.773,-4909.743,5.738,1.804,4.57,-18.32,LISTENING
43680.0,4582.139,-2176.288,-4867.944,5.691,1.826,4.621,-18.32,SENSING
43680.0,4582.139,-2176.288,-4867.944,5.691,1.826,4.621,-18.32,LISTENING
43680.0,4582.139,-2176.288,-4867.944,5.691,1.826,4.621,-18.32,SENSING
43680.0,4582.139,-2176.288,-4867.944,5.691,1.826,4.621,-18.32,MESSAGING
43680.0,4582.139,-2176.288,-4867.944,5.691,1.826,4.621,-18.32,SENSING
43680.0,4582.139,-2176.288,-4867.944,5.691,1.826,4.621,-18.32,LISTENING
43680.0,4582.139,-2176.288,-4867.944,5.691,1.826,4.621,-18.32,SENSING
43680.0,4582.139,-2176.288,-4867.944,5.691,1.826,4.621,-18.32,LISTENING
43687.05,4622.099,-2163.375,-4835.243,5.654,1.844,4.66,-18.32,SENSING
43687.05,4622.099,-2163.375,-4835.243,5.654,1.844,4.66,-18.32,LISTENING
43690.0,4638.742,-2157.936,-4821.477,5.638,1.851,4.677,-18.32,SENSING
43690.0,4638.742,-2157.936,-4821.477,5.638,1.851,4.677,-18.32,LISTENING
43696.04,4672.673,-2146.731,-4793.144,5.606,1.866,4.71,-18.32,SENSING
43696.04,4672.673,-2146.731,-4793.144,5.606,1.866,4.71,-18.32,LISTENING
43700.0,4694.813,-2139.336,-4774.459,5.584,1.876,4.732,-18.32,SENSING
43700.0,4694.813,-2139.336,-4774.459,5.584,1.876,4.732,-18.32,LISTENING
43700.0,4694.813,-2139.336,-4774.459,5.584,1.876,4.732,-18.32,SENSING
43700.0,4694.813,-2139.336,-4774.459,5.584,1.876,4.732,-18.32,LISTENING
43706.63,4731.693,-2126.87,-4742.983,5.549,1.892,4.768,-18.32,SENSING
43706.63,4731.693,-2126.87,-4742.983,5.549,1.892,4.768,-18.32,LISTENING
43710.0,4750.347,-2120.492,-4726.893,5.53,1.9,4.786,-18.32,SENSING
43710.0,4750.347,-2120.492,-4726.893,5.53,1.9,4.786,-18.32,LISTENING
43710.0,4750.347,-2120.492,-4726.893,5.53,1.9,4.786,-18.32,SENSING
43710.0,4750.347,-2120.492,-4726.893,5.53,1.9,4.786,-18.32,LISTENING
43720.0,4805.336,-2101.406,-4678.785,5.475,1.924,4.84,-18.32,SENSING
43720.0,4805.336,-2101.406,-4678.785,5.475,1.924,4.84,-18.32,LISTENING
43726.42,4840.349,-2089.026,-4647.616,5.44,1.94,4.875,-18.32,SENSING
43726.42,4840.349,-2089.026,-4647.616,5.44,1.94,4.875,-18.32,LISTENING
43730.0,4859.774,-2082.079,-4630.14,5.42,1.948,4.894,-18.32,SENSING
43730.0,4859.774,-2082.079,-4630.14,5.42,1.948,4.894,-18.32,LISTENING
43730.0,4859.774,-2082.079,-4630.14,5.42,1.948,4.894,-18.32,SENSING
43730.0,4859.774,-2082.079,-4630.14,5.42,1.948,4.894,-18.32,LISTENING
43740.0,4913.655,-2062.514,-4580.964,5.364,1.972,4.946,-18.32,SENSING
43740.0,4913.655,-2062.514,-4580.964,5.364,1.972,4.946,-18.32,LISTENING
43746.12,4946.352,-2050.424,-4550.609,5.329,1.986,4.979,-18.32,SENSING
43746.12,4946.352,-2050.424,-4550.609,5.329,1.986,4.979,-18.32,LISTENING
43750.0,4966.972,-2042.713,-4531.263,5.307,1.996,4.999,-18.32,SENSING
43750.0,4966.972,-2042.713,-4531.263,5.307,1.996,4.999,-18.32,LISTENING
43750.0,4966.972,-2042.713,-4531.263,5.307,1.996,4.999,-18.32,SENSING
43750.0,4966.972,-2042.713,-4531.263,5.307,1.996,4.999,-18.32,LISTENING
43750.0,4966.972,-2042.713,-4531.263,5.307,1.996,4.999,-18.32,SENSING
43750.0,4966.972,-2042.713,-4531.263,5.307,1.996,4.999,-18.32,MESSAGING
43750.0,4966.972,-2042.713,-4531.263,5.307,1.996,4.999,-18.32,MESSAGING
43750.0,4966.972,-2042.713,-4531.263,5.307,1.996,4.999,-18.32,MESSAGING
43750.0,4966.972,-2042.713,-4531.263,5.307,1.996,4.999,-18.32,MESSAGING
43750.0,4966.972,-2042.713,-4531.263,5.307,1.996,4.999,-18.32,SENSING
43750.0,4966.972,-2042.713,-4531.263,5.307,1.996,4.999,-18.32,LISTENING
43750.0,4966.972,-2042.713,-4531.263,5.307,1.996,4.999,-18.32,SENSING
43750.0,4966.972,-2042.713,-4531.263,5.307,1.996,4.999,-18.32,LISTENING
43750.0,4966.972,-2042.713,-4531.263,5.307,1.996,4.999,-18.32,SENSING
43750.0,4966.972,-2042.713,-4531.263,5.307,1.996,4.999,-18.32,LISTENING
43750.0,4966.972,-2042.713,-4531.263,5.307,1.996,4.999,-18.32,SENSING
43750.0,4966.972,-2042.713,-4531.263,5.307,1.996,4.999,-18.32,MESSAGING
43750.0,4966.972,-2042.713,-4531.263,5.307,1.996,4.999,-18.32,SENSING
43750.0,4966.972,-2042.713,-4531.263,5.307,1.996,4.999,-18.32,LISTENING
43750.0,4966.972,-2042.713,-4531.263,5.307,1.996,4.999,-18.32,SENSING
43750.0,4966.972,-2042.713,-4531.263,5.307,1.996,4.999,-18.32,LISTENING
43750.0,4966.972,-2042.713,-4531.263,5.307,1.996,4.999,-18.32,SENSING
43750.0,4966.972,-2042.713,-4531.263,5.307,1.996,4.999,-18.32,MESSAGING
43750.0,4966.972,-2042.713,-4531.263,5.307,1.996,4.999,-18.32,SENSING
43750.0,4966.972,-2042.713,-4531.263,5.307,1.996,4.999,-18.32,LISTENING
43750.0,4966.972,-2042.713,-4531.263,5.307,1.996,4.999,-18.32,SENSING
43750.0,4966.972,-2042.713,-4531.263,5.307,1.996,4.999,-18.32,LISTENING
43750.0,4966.972,-2042.713,-4531.263,5.307,1.996,4.999,-18.32,SENSING
43750.0,4966.972,-2042.713,-4531.263,5.307,1.996,4.999,-18.32,LISTENING
43750.0,4966.972,-2042.713,-4531.263,5.307,1.996,4.999,-18.32,SENSING
43750.0,4966.972,-2042.713,-4531.263,5.307,1.996,4.999,-18.32,LISTENING
43750.0,4966.972,-2042.713,-4531.263,5.307,1.996,4.999,-18.32,SENSING
43750.0,4966.972,-2042.713,-4531.263,5.307,1.996,4.999,-18.32,LISTENING
43753.39,4984.917,-2035.947,-4514.296,5.288,2.004,5.016,-18.32,SENSING
43753.39,4984.917,-2035.947,-4514.296,5.288,2.004,5.016,-18.32,LISTENING
43756.6,5001.849,-2029.516,-4498.175,5.269,2.011,5.033,-18.32,SENSING
43756.6,5001.849,-2029.516,-4498.175,5.269,2.011,5.033,-18.32,LISTENING
43760.0,5019.719,-2022.678,-4481.041,5.25,2.019,5.051,-18.32,SENSING
43760.0,5019.719,-2022.678,-4481.041,5.25,2.019,5.051,-18.32,LISTENING
43760.0,5019.719,-2022.678,-4481.041,5.25,2.019,5.051,-18.32,SENSING
43760.0,5019.719,-2022.678,-4481.041,5.25,2.019,5.051,-18.32,LISTENING
43770.0,5071.89,-2002.411,-4430.305,5.192,2.042,5.102,-18.32,SENSING
43770.0,5071.89,-2002.411,-4430.305,5.192,2.042,5.102,-18.32,LISTENING
43775.87,5102.244,-1990.408,-4400.286,5.158,2.055,5.131,-18.32,SENSING
43775.87,5102.244,-1990.408,-4400.286,5.158,2.055,5.131,-18.32,LISTENING
43779.05,5118.604,-1983.872,-4383.951,5.139,2.063,5.148,-18.32,SENSING
43779.05,5118.604,-1983.872,-4383.951,5.139,2.063,5.148,-18.32,LISTENING
43790.0,5174.481,-1961.192,-4327.313,5.074,2.087,5.202,-18.32,SENSING
43790.0,5174.481,-1961.192,-4327.313,5.074,2.087,5.202,-18.32,LISTENING
43810.0,5274.694,-1919.075,-4222.333,4.954,2.132,5.301,-18.32,SENSING
43810.0,5274.694,-1919.075,-4222.333,4.954,2.132,5.301,-18.32,LISTENING
43810.0,5274.694,-1919.075,-4222.333,4.954,2.132,5.301,-18.32,SENSING
43810.0,5274.694,-1919.075,-4222.333,4.954,2.132,5.301,-18.32,LISTENING
43865.3,5539.03,-1798.098,-3922.11,4.61,2.25,5.56,-18.32,SENSING
43865.3,5539.03,-1798.098,-3922.11,4.61,2.25,5.56,-18.32,LISTENING
43878.52,5599.372,-1768.227,-3848.255,4.525,2.277,5.619,-18.32,SENSING
43878.52,5599.372,-1768.227,-3848.255,4.525,2.277,5.619,-18.32,LISTENING
43890.0,5650.86,-1742.0,-3783.493,4.451,2.3,5.669,-18.32,SENSING
43890.0,5650.86,-1742.0,-3783.493,4.451,2.3,5.669,-18.32,LISTENING
43890.0,5650.86,-1742.0,-3783.493,4.451,2.3,5.669,-18.32,SENSING
43890.0,5650.86,-1742.0,-3783.493,4.451,2.3,5.669,-18.32,LISTENING
43900.0,5695.011,-1718.938,-3726.612,4.386,2.32,5.713,-18.32,SENSING
43900.0,5695.011,-1718.938,-3726.612,4.386,2.32,5.713,-18.32,LISTENING
43920.0,5781.343,-1672.226,-3611.569,4.253,2.359,5.797,-18.32,SENSING
43920.0,5781.343,-1672.226,-3611.569,4.253,2.359,5.797,-18.32,LISTENING
43930.0,5823.513,-1648.581,-3553.421,4.187,2.378,5.838,-18.32,SENSING
43930.0,5823.513,-1648.581,-3553.421,4.187,2.378,5.838,-18.32,LISTENING
44038.75,6237.818,-1379.791,-2896.07,3.429,2.568,6.243,-18.32,SENSING
44038.75,6237.818,-1379.791,-2896.07,3.429,2.568,6.243,-18.32,LISTENING
44060.0,6309.01,-1324.959,-2762.724,3.276,2.602,6.313,-18.32,SENSING
44060.0,6309.01,-1324.959,-2762.724,3.276,2.602,6.313,-18.32,LISTENING
44090.0,6403.913,-1246.384,-2572.035,3.055,2.646,6.405,-18.32,SENSING
44090.0,6403.913,-1246.384,-2572.035,3.055,2.646,6.405,-18.32,LISTENING
44639.28,6900.582,332.323,1179.144,-1.3,2.945,6.861,-18.32,SENSING
44639.28,6900.582,332.323,1179.144,-1.3,2.945,6.861,-18.32,MANEUVERING
44639.28,6900.582,332.323,1179.144,-1.3,2.945,6.861,-18.32,LISTENING
44650.0,6886.201,363.813,1252.575,-1.385,2.941,6.846,-7.6,MANEUVERING
44650.0,6886.201,363.813,1252.575,-1.385,2.941,6.846,-7.6,SENSING
44650.0,6886.201,363.813,1252.575,-1.385,2.941,6.846,-7.6,MEASURING
44650.0,6886.201,363.813,1252.575,-1.385,2.941,6.846,-7.6,SENSING
44650.0,6886.201,363.813,1252.575,-1.385,2.941,6.846,-7.6,LISTENING
44666.23,6862.686,411.394,1363.428,-1.514,2.933,6.821,-7.6,SENSING
44666.23,6862.686,411.394,1363.428,-1.514,2.933,6.821,-7.6,MANEUVERING
44666.23,6862.686,411.394,1363.428,-1.514,2.933,6.821,-7.6,LISTENING
44680.0,6841.097,451.667,1457.156,-1.623,2.926,6.799,6.17,MANEUVERING
44680.0,6841.097,451.667,1457.156,-1.623,2.926,6.799,6.17,SENSING
44680.0,6841.097,451.667,1457.156,-1.623,2.926,6.799,6.17,MEASURING
44680.0,6841.097,451.667,1457.156,-1.623,2.926,6.799,6.17,SENSING
44680.0,6841.097,451.667,1457.156,-1.623,2.926,6.799,6.17,LISTENING
44688.56,6826.92,476.652,1515.26,-1.691,2.922,6.784,6.17,SENSING
44688.56,6826.92,476.652,1515.26,-1.691,2.922,6.784,6.17,MANEUVERING
44688.56,6826.92,476.652,1515.26,-1.691,2.922,6.784,6.17,LISTENING
44700.0,6807.071,509.981,1592.713,-1.781,2.915,6.763,17.61,MANEUVERING
44700.0,6807.071,509.981,1592.713,-1.781,2.915,6.763,17.61,SENSING
44700.0,6807.071,509.981,1592.713,-1.781,2.915,6.763,17.61,MEASURING
44700.0,6807.071,509.981,1592.713,-1.781,2.915,6.763,17.61,SENSING
44700.0,6807.071,509.981,1592.713,-1.781,2.915,6.763,17.61,LISTENING
44716.22,6777.165,557.103,1702.113,-1.909,2.905,6.733,17.61,SENSING
44716.22,6777.165,557.103,1702.113,-1.909,2.905,6.733,17.61,MANEUVERING
44716.22,6777.165,557.103,1702.113,-1.909,2.905,6.733,17.61,LISTENING
44730.0,6750.138,597.004,1794.65,-2.016,2.896,6.705,31.39,MANEUVERING
44730.0,6750.138,597.004,1794.65,-2.016,2.896,6.705,31.39,SENSING
44730.0,6750.138,597.004,1794.65,-2.016,2.896,6.705,31.39,MEASURING
44730.0,6750.138,597.004,1794.65,-2.016,2.896,6.705,31.39,SENSING
44730.0,6750.138,597.004,1794.65,-2.016,2.896,6.705,31.39,LISTENING
44750.08,6708.105,654.911,1928.782,-2.173,2.882,6.661,31.39,SENSING
44750.08,6708.105,654.911,1928.782,-2.173,2.882,6.661,31.39,MANEUVERING
44750.08,6708.105,654.911,1928.782,-2.173,2.882,6.661,31.39,LISTENING
44770.0,6663.32,712.056,2060.958,-2.327,2.866,6.616,11.47,MANEUVERING
44770.0,6663.32,712.056,2060.958,-2.327,2.866,6.616,11.47,SENSING
44770.0,6663.32,712.056,2060.958,-2.327,2.866,6.616,11.47,MEASURING
44770.0,6663.32,712.056,2060.958,-2.327,2.866,6.616,11.47,SENSING
44770.0,6663.32,712.056,2060.958,-2.327,2.866,6.616,11.47,LISTENING
44775.99,6649.255,729.177,2100.522,-2.373,2.861,6.601,11.47,SENSING
44775.99,6649.255,729.177,2100.522,-2.373,2.861,6.601,11.47,LISTENING
44780.0,6639.685,740.622,2126.959,-2.404,2.857,6.591,11.47,SENSING
44780.0,6639.685,740.622,2126.959,-2.404,2.857,6.591,11.47,MEASURING
44780.0,6639.685,740.622,2126.959,-2.404,2.857,6.591,11.47,SENSING
44780.0,6639.685,740.622,2126.959,-2.404,2.857,6.591,11.47,LISTENING
44790.0,6615.284,769.103,2192.714,-2.48,2.849,6.566,11.47,SENSING
44790.0,6615.284,769.103,2192.714,-2.48,2.849,6.566,11.47,MEASURING
44790.0,6615.284,769.103,2192.714,-2.48,2.849,6.566,11.47,SENSING
44790.0,6615.284,769.103,2192.714,-2.48,2.849,6.566,11.47,LISTENING
44800.0,6590.118,797.496,2258.216,-2.556,2.84,6.541,11.47,SENSING
44800.0,6590.118,797.496,2258.216,-2.556,2.84,6.541,11.47,LISTENING
44805.44,6576.108,812.903,2293.74,-2.598,2.835,6.526,11.47,SENSING
44805.44,6576.108,812.903,2293.74,-2.598,2.835,6.526,11.47,LISTENING
44810.0,6564.191,825.796,2323.457,-2.632,2.83,6.514,11.47,SENSING
44810.0,6564.191,825.796,2323.457,-2.632,2.83,6.514,11.47,LISTENING
44820.0,6537.507,854.001,2388.43,-2.708,2.821,6.487,11.47,SENSING
44820.0,6537.507,854.001,2388.43,-2.708,2.821,6.487,11.47,LISTENING
44822.0,6532.079,859.631,2401.392,-2.723,2.819,6.481,11.47,SENSING
44822.0,6532.079,859.631,2401.392,-2.723,2.819,6.481,11.47,MANEUVERING
44822.0,6532.079,859.631,2401.392,-2.723,2.819,6.481,11.47,LISTENING
44830.0,6510.068,882.109,2453.127,-2.783,2.811,6.459,3.47,MANEUVERING
44830.0,6510.068,882.109,2453.127,-2.783,2.811,6.459,3.47,SENSING
44830.0,6510.068,882.109,2453.127,-2.783,2.811,6.459,3.47,MEASURING
44830.0,6510.068,882.109,2453.127,-2.783,2.811,6.459,3.47,SENSING
44830.0,6510.068,882.109,2453.127,-2.783,2.811,6.459,3.47,LISTENING
44840.75,6479.733,912.21,2522.36,-2.864,2.8,6.428,3.47,SENSING
44840.75,6479.733,912.21,2522.36,-2.864,2.8,6.428,3.47,MANEUVERING
44840.75,6479.733,912.21,2522.36,-2.864,2.8,6.428,3.47,LISTENING
44841.47,6477.67,914.222,2526.985,-2.869,2.799,6.426,4.19,MANEUVERING
44841.47,6477.67,914.222,2526.985,-2.869,2.799,6.426,4.19,SENSING
44841.47,6477.67,914.222,2526.985,-2.869,2.799,6.426,4.19,MANEUVERING
44841.47,6477.67,914.222,2526.985,-2.869,2.799,6.426,4.19,LISTENING
44850.0,6452.939,938.015,2581.663,-2.933,2.79,6.401,12.72,MANEUVERING
44850.0,6452.939,938.015,2581.663,-2.933,2.79,6.401,12.72,SENSING
44850.0,6452.939,938.015,2581.663,-2.933,2.79,6.401,12.72,MEASURING
44850.0,6452.939,938.015,2581.663,-2.933,2.79,6.401,12.72,SENSING
44850.0,6452.939,938.015,2581.663,-2.933,2.79,6.401,12.72,LISTENING
44860.0,6423.256,965.808,2645.488,-3.007,2.779,6.371,12.72,SENSING
44860.0,6423.256,965.808,2645.488,-3.007,2.779,6.371,12.72,LISTENING
44862.99,6414.237,974.096,2664.513,-3.03,2.775,6.361,12.72,SENSING
44862.99,6414.237,974.096,2664.513,-3.03,2.775,6.361,12.72,MANEUVERING
44862.99,6414.237,974.096,2664.513,-3.03,2.775,6.361,12.72,LISTENING
44870.0,6392.832,993.489,2709.008,-3.081,2.767,6.34,19.73,MANEUVERING
44870.0,6392.832,993.489,2709.008,-3.081,2.767,6.34,19.73,SENSING
44870.0,6392.832,993.489,2709.008,-3.081,2.767,6.34,19.73,MANEUVERING
44870.0,6392.832,993.489,2709.008,-3.081,2.767,6.34,19.73,LISTENING
44877.31,6370.125,1013.652,2755.243,-3.135,2.759,6.317,27.04,MANEUVERING
44877.31,6370.125,1013.652,2755.243,-3.135,2.759,6.317,27.04,SENSING
44877.31,6370.125,1013.652,2755.243,-3.135,2.759,6.317,27.04,MANEUVERING
44877.31,6370.125,1013.652,2755.243,-3.135,2.759,6.317,27.04,LISTENING
44880.0,6361.671,1021.057,2772.215,-3.155,2.756,6.308,29.73,MANEUVERING
44880.0,6361.671,1021.057,2772.215,-3.155,2.756,6.308,29.73,SENSING
44880.0,6361.671,1021.057,2772.215,-3.155,2.756,6.308,29.73,MEASURING
44880.0,6361.671,1021.057,2772.215,-3.155,2.756,6.308,29.73,SENSING
44880.0,6361.671,1021.057,2772.215,-3.155,2.756,6.308,29.73,LISTENING
44890.0,6329.775,1048.507,2835.102,-3.228,2.744,6.276,29.73,SENSING
44890.0,6329.775,1048.507,2835.102,-3.228,2.744,6.276,29.73,MEASURING
44890.0,6329.775,1048.507,2835.102,-3.228,2.744,6.276,29.73,SENSING
44890.0,6329.775,1048.507,2835.102,-3.228,2.744,6.276,29.73,LISTENING
44905.85,6277.727,1091.766,2934.105,-3.344,2.724,6.223,29.73,SENSING
44905.85,6277.727,1091.766,2934.105,-3.344,2.724,6.223,29.73,LISTENING
44910.0,6263.799,1103.041,2959.888,-3.374,2.719,6.209,29.73,SENSING
44910.0,6263.799,1103.041,2959.888,-3.374,2.719,6.209,29.73,LISTENING
44910.0,6263.799,1103.041,2959.888,-3.374,2.719,6.209,29.73,SENSING
44910.0,6263.799,1103.041,2959.888,-3.374,2.719,6.209,29.73,LISTENING
44930.0,6194.934,1157.069,3083.308,-3.517,2.693,6.139,29.73,SENSING
44930.0,6194.934,1157.069,3083.308,-3.517,2.693,6.139,29.73,LISTENING
44942.97,6148.746,1191.823,3162.59,-3.61,2.675,6.092,29.73,SENSING
44942.97,6148.746,1191.823,3162.59,-3.61,2.675,6.092,29.73,LISTENING
44950.0,6123.213,1210.564,3205.306,-3.659,2.666,6.067,29.73,SENSING
44950.0,6123.213,1210.564,3205.306,-3.659,2.666,6.067,29.73,MEASURING
44950.0,6123.213,1210.564,3205.306,-3.659,2.666,6.067,29.73,SENSING
44950.0,6123.213,1210.564,3205.306,-3.659,2.666,6.067,29.73,LISTENING
44960.0,6086.292,1237.104,3265.755,-3.73,2.652,6.029,29.73,SENSING
44960.0,6086.292,1237.104,3265.755,-3.73,2.652,6.029,29.73,LISTENING
44986.04,5986.871,1305.541,3421.379,-3.911,2.614,5.929,29.73,SENSING
44986.04,5986.871,1305.541,3421.379,-3.911,2.614,5.929,29.73,LISTENING
44986.75,5984.094,1307.393,3425.586,-3.916,2.612,5.926,29.73,SENSING
44986.75,5984.094,1307.393,3425.586,-3.916,2.612,5.926,29.73,MANEUVERING
44986.75,5984.094,1307.393,3425.586,-3.916,2.612,5.926,29.73,LISTENING
44990.0,5971.34,1315.861,3444.814,-3.938,2.608,5.913,26.48,MANEUVERING
44990.0,5971.34,1315.861,3444.814,-3.938,2.608,5.913,26.48,SENSING
44990.0,5971.34,1315.861,3444.814,-3.938,2.608,5.913,26.48,MEASURING
44990.0,5971.34,1315.861,3444.814,-3.938,2.608,5.913,26.48,SENSING
44990.0,5971.34,1315.861,3444.814,-3.938,2.608,5.913,26.48,LISTENING
44995.33,5950.266,1329.713,3476.259,-3.975,2.599,5.892,26.48,SENSING
44995.33,5950.266,1329.713,3476.259,-3.975,2.599,5.892,26.48,MANEUVERING
44995.33,5950.266,1329.713,3476.259,-3.975,2.599,5.892,26.48,LISTENING
45000.0,5931.641,1341.815,3503.717,-4.007,2.592,5.873,21.81,MANEUVERING
45000.0,5931.641,1341.815,3503.717,-4.007,2.592,5.873,21.81,SENSING
45000.0,5931.641,1341.815,3503.717,-4.007,2.592,5.873,21.81,MEASURING
45000.0,5931.641,1341.815,3503.717,-4.007,2.592,5.873,21.81,SENSING
45000.0,5931.641,1341.815,3503.717,-4.007,2.592,5.873,21.81,LISTENING
45006.44,5905.714,1358.447,3541.436,-4.051,2.582,5.847,21.81,SENSING
45006.44,5905.714,1358.447,3541.436,-4.051,2.582,5.847,21.81,MANEUVERING
45006.44,5905.714,1358.447,3541.436,-4.051,2.582,5.847,21.81,LISTENING
45009.43,5893.58,1366.148,3558.892,-4.071,2.578,5.835,18.82,MANEUVERING
45009.43,5893.58,1366.148,3558.892,-4.071,2.578,5.835,18.82,SENSING
45009.43,5893.58,1366.148,3558.892,-4.071,2.578,5.835,18.82,MANEUVERING
45009.43,5893.58,1366.148,3558.892,-4.071,2.578,5.835,18.82,LISTENING
45010.0,5891.26,1367.614,3562.215,-4.075,2.577,5.832,18.25,MANEUVERING
45010.0,5891.26,1367.614,3562.215,-4.075,2.577,5.832,18.25,SENSING
45010.0,5891.26,1367.614,3562.215,-4.075,2.577,5.832,18.25,MEASURING
45010.0,5891.26,1367.614,3562.215,-4.075,2.577,5.832,18.25,SENSING
45010.0,5891.26,1367.614,3562.215,-4.075,2.577,5.832,18.25,LISTENING
45020.0,5850.201,1393.257,3620.303,-4.143,2.561,5.791,18.25,SENSING
45020.0,5850.201,1393.257,3620.303,-4.143,2.561,5.791,18.25,MEASURING
45020.0,5850.201,1393.257,3620.303,-4.143,2.561,5.791,18.25,SENSING
45020.0,5850.201,1393.257,3620.303,-4.143,2.561,5.791,18.25,LISTENING
45030.0,5808.468,1418.74,3677.975,-4.21,2.545,5.749,18.25,SENSING
45030.0,5808.468,1418.74,3677.975,-4.21,2.545,5.749,18.25,MEASURING
45030.0,5808.468,1418.74,3677.975,-4.21,2.545,5.749,18.25,SENSING
45030.0,5808.468,1418.74,3677.975,-4.21,2.545,5.749,18.25,LISTENING
45033.26,5794.719,1427.012,3696.684,-4.231,2.539,5.735,18.25,SENSING
45033.26,5794.719,1427.012,3696.684,-4.231,2.539,5.735,18.25,LISTENING
45037.21,5777.964,1437.012,3719.294,-4.258,2.533,5.718,18.25,SENSING
45037.21,5777.964,1437.012,3719.294,-4.258,2.533,5.718,18.25,MANEUVERING
45037.21,5777.964,1437.012,3719.294,-4.258,2.533,5.718,18.25,LISTENING
45040.0,5766.067,1444.06,3735.223,-4.276,2.528,5.706,21.04,MANEUVERING
45040.0,5766.067,1444.06,3735.223,-4.276,2.528,5.706,21.04,SENSING
45040.0,5766.067,1444.06,3735.223,-4.276,2.528,5.706,21.04,MANEUVERING
45040.0,5766.067,1444.06,3735.223,-4.276,2.528,5.706,21.04,LISTENING
45050.0,5723.003,1469.214,3792.041,-4.342,2.511,5.663,31.04,MANEUVERING
45050.0,5723.003,1469.214,3792.041,-4.342,2.511,5.663,31.04,SENSING
45050.0,5723.003,1469.214,3792.041,-4.342,2.511,5.663,31.04,MEASURING
45050.0,5723.003,1469.214,3792.041,-4.342,2.511,5.663,31.04,SENSING
45050.0,5723.003,1469.214,3792.041,-4.342,2.511,5.663,31.04,LISTENING
45056.95,5692.685,1486.597,3831.273,-4.388,2.5,5.633,31.04,SENSING
45056.95,5692.685,1486.597,3831.273,-4.388,2.5,5.633,31.04,LISTENING
45067.37,5646.639,1512.504,3889.693,-4.456,2.482,5.586,31.04,SENSING
45067.37,5646.639,1512.504,3889.693,-4.456,2.482,5.586,31.04,MANEUVERING
45067.37,5646.639,1512.504,3889.693,-4.456,2.482,5.586,31.04,LISTENING
45070.0,5634.905,1519.013,3904.362,-4.473,2.477,5.574,28.41,MANEUVERING
45070.0,5634.905,1519.013,3904.362,-4.473,2.477,5.574,28.41,SENSING
45070.0,5634.905,1519.013,3904.362,-4.473,2.477,5.574,28.41,MEASURING
45070.0,5634.905,1519.013,3904.362,-4.473,2.477,5.574,28.41,SENSING
45070.0,5634.905,1519.013,3904.362,-4.473,2.477,5.574,28.41,LISTENING
45075.39,5610.717,1532.316,3934.327,-4.508,2.468,5.55,28.41,SENSING
45075.39,5610.717,1532.316,3934.327,-4.508,2.468,5.55,28.41,LISTENING
45075.41,5610.627,1532.365,3934.438,-4.508,2.468,5.55,28.41,SENSING
45075.41,5610.627,1532.365,3934.438,-4.508,2.468,5.55,28.41,MANEUVERING
45075.41,5610.627,1532.365,3934.438,-4.508,2.468,5.55,28.41,LISTENING
45090.0,5544.215,1568.116,4014.887,-4.602,2.442,5.483,13.82,MANEUVERING
45090.0,5544.215,1568.116,4014.887,-4.602,2.442,5.483,13.82,SENSING
45090.0,5544.215,1568.116,4014.887,-4.602,2.442,5.483,13.82,MANEUVERING
45090.0,5544.215,1568.116,4014.887,-4.602,2.442,5.483,13.82,LISTENING
45095.5,5518.827,1581.494,4044.96,-4.637,2.432,5.458,8.32,MANEUVERING
45095.5,5518.827,1581.494,4044.96,-4.637,2.432,5.458,8.32,SENSING
45095.5,5518.827,1581.494,4044.96,-4.637,2.432,5.458,8.32,MANEUVERING
45095.5,5518.827,1581.494,4044.96,-4.637,2.432,5.458,8.32,LISTENING
45100.0,5497.912,1592.399,4069.46,-4.665,2.423,5.437,3.82,MANEUVERING
45100.0,5497.912,1592.399,4069.46,-4.665,2.423,5.437,3.82,SENSING
45100.0,5497.912,1592.399,4069.46,-4.665,2.423,5.437,3.82,MEASURING
45100.0,5497.912,1592.399,4069.46,-4.665,2.423,5.437,3.82,SENSING
45100.0,5497.912,1592.399,4069.46,-4.665,2.423,5.437,3.82,LISTENING
45110.0,5450.978,1616.5,4123.565,-4.728,2.405,5.39,3.82,SENSING
45110.0,5450.978,1616.5,4123.565,-4.728,2.405,5.39,3.82,MEASURING
45110.0,5450.978,1616.5,4123.565,-4.728,2.405,5.39,3.82,SENSING
45110.0,5450.978,1616.5,4123.565,-4.728,2.405,5.39,3.82,LISTENING
45117.45,5415.604,1634.335,4163.566,-4.775,2.391,5.354,3.82,SENSING
45117.45,5415.604,1634.335,4163.566,-4.775,2.391,5.354,3.82,LISTENING
45120.0,5403.416,1640.415,4177.197,-4.791,2.386,5.342,3.82,SENSING
45120.0,5403.416,1640.415,4177.197,-4.791,2.386,5.342,3.82,LISTENING
45130.0,5355.235,1664.143,4230.348,-4.852,2.367,5.294,3.82,SENSING
45130.0,5355.235,1664.143,4230.348,-4.852,2.367,5.294,3.82,MEASURING
45130.0,5355.235,1664.143,4230.348,-4.852,2.367,5.294,3.82,SENSING
45130.0,5355.235,1664.143,4230.348,-4.852,2.367,5.294,3.82,LISTENING
45140.0,5306.438,1687.679,4283.014,-4.914,2.348,5.245,3.82,SENSING
45140.0,5306.438,1687.679,4283.014,-4.914,2.348,5.245,3.82,LISTENING
45145.88,5277.461,1701.429,4313.752,-4.949,2.337,5.216,3.82,SENSING
45145.88,5277.461,1701.429,4313.752,-4.949,2.337,5.216,3.82,MANEUVERING
45145.88,5277.461,1701.429,4313.752,-4.949,2.337,5.216,3.82,LISTENING
45153.81,5238.049,1719.865,4354.935,-4.997,2.321,5.176,-4.11,MANEUVERING
45153.81,5238.049,1719.865,4354.935,-4.997,2.321,5.176,-4.11,SENSING
45153.81,5238.049,1719.865,4354.935,-4.997,2.321,5.176,-4.11,MANEUVERING
45153.81,5238.049,1719.865,4354.935,-4.997,2.321,5.176,-4.11,LISTENING
45160.0,5207.023,1734.17,4386.863,-5.034,2.309,5.145,-10.3,MANEUVERING
45160.0,5207.023,1734.17,4386.863,-5.034,2.309,5.145,-10.3,SENSING
45160.0,5207.023,1734.17,4386.863,-5.034,2.309,5.145,-10.3,MEASURING
45160.0,5207.023,1734.17,4386.863,-5.034,2.309,5.145,-10.3,SENSING
45160.0,5207.023,1734.17,4386.863,-5.034,2.309,5.145,-10.3,LISTENING
45168.19,5165.62,1752.98,4428.811,-5.083,2.293,5.104,-10.3,SENSING
45168.19,5165.62,1752.98,4428.811,-5.083,2.293,5.104,-10.3,LISTENING
45174.9,5131.402,1768.291,4462.924,-5.123,2.279,5.069,-10.3,SENSING
45174.9,5131.402,1768.291,4462.924,-5.123,2.279,5.069,-10.3,MANEUVERING
45174.9,5131.402,1768.291,4462.924,-5.123,2.279,5.069,-10.3,LISTENING
45180.0,5105.218,1779.867,4488.698,-5.153,2.269,5.043,-15.4,MANEUVERING
45180.0,5105.218,1779.867,4488.698,-5.153,2.269,5.043,-15.4,SENSING
45180.0,5105.218,1779.867,4488.698,-5.153,2.269,5.043,-15.4,MANEUVERING
45180.0,5105.218,1779.867,4488.698,-5.153,2.269,5.043,-15.4,LISTENING
45190.0,5053.434,1802.411,4538.846,-5.211,2.248,4.991,-25.4,MANEUVERING
45190.0,5053.434,1802.411,4538.846,-5.211,2.248,4.991,-25.4,SENSING
45190.0,5053.434,1802.411,4538.846,-5.211,2.248,4.991,-25.4,MEASURING
45190.0,5053.434,1802.411,4538.846,-5.211,2.248,4.991,-25.4,SENSING
45190.0,5053.434,1802.411,4538.846,-5.211,2.248,4.991,-25.4,LISTENING
45218.85,4900.811,1866.286,4680.584,-5.376,2.187,4.839,-25.4,SENSING
45218.85,4900.811,1866.286,4680.584,-5.376,2.187,4.839,-25.4,LISTENING
45230.0,4840.564,1890.5,4734.173,-5.438,2.163,4.779,-25.4,SENSING
45230.0,4840.564,1890.5,4734.173,-5.438,2.163,4.779,-25.4,LISTENING
45250.0,4730.777,1933.258,4828.603,-5.548,2.12,4.669,-25.4,SENSING
45250.0,4730.777,1933.258,4828.603,-5.548,2.12,4.669,-25.4,LISTENING
45258.81,4681.725,1951.814,4869.5,-5.595,2.1,4.62,-25.4,SENSING
45258.81,4681.725,1951.814,4869.5,-5.595,2.1,4.62,-25.4,LISTENING
45269.55,4621.365,1974.2,4918.77,-5.653,2.076,4.56,-25.4,SENSING
45269.55,4621.365,1974.2,4918.77,-5.653,2.076,4.56,-25.4,MANEUVERING
45269.55,4621.365,1974.2,4918.77,-5.653,2.076,4.56,-25.4,LISTENING
45270.0,4618.822,1975.133,4920.82,-5.655,2.075,4.557,-24.95,MANEUVERING
45270.0,4618.822,1975.133,4920.82,-5.655,2.075,4.557,-24.95,SENSING
45270.0,4618.822,1975.133,4920.82,-5.655,2.075,4.557,-24.95,MANEUVERING
45270.0,4618.822,1975.133,4920.82,-5.655,2.075,4.557,-24.95,LISTENING
45270.0,4618.822,1975.133,4920.82,-5.655,2.075,4.557,-24.95,MANEUVERING
45270.0,4618.822,1975.133,4920.82,-5.655,2.075,4.557,-24.95,SENSING
45270.0,4618.822,1975.133,4920.82,-5.655,2.075,4.557,-24.95,MANEUVERING
45270.0,4618.822,1975.133,4920.82,-5.655,2.075,4.557,-24.95,LISTENING
45286.62,4524.177,2009.245,4995.739,-5.742,2.037,4.463,-8.33,MANEUVERING
45286.62,4524.177,2009.245,4995.739,-5.742,2.037,4.463,-8.33,SENSING
45286.62,4524.177,2009.245,4995.739,-5.742,2.037,4.463,-8.33,MANEUVERING
45286.62,4524.177,2009.245,4995.739,-5.742,2.037,4.463,-8.33,LISTENING
45290.0,4504.753,2016.105,5010.783,-5.759,2.029,4.443,-4.95,MANEUVERING
45290.0,4504.753,2016.105,5010.783,-5.759,2.029,4.443,-4.95,SENSING
45290.0,4504.753,2016.105,5010.783,-5.759,2.029,4.443,-4.95,MANEUVERING
45290.0,4504.753,2016.105,5010.783,-5.759,2.029,4.443,-4.95,LISTENING
45296.47,4467.408,2029.163,5039.397,-5.793,2.014,4.406,1.52,MANEUVERING
45296.47,4467.408,2029.163,5039.397,-5.793,2.014,4.406,1.52,SENSING
45296.47,4467.408,2029.163,5039.397,-5.793,2.014,4.406,1.52,MANEUVERING
45296.47,4467.408,2029.163,5039.397,-5.793,2.014,4.406,1.52,LISTENING
45300.0,4446.943,2036.247,5054.907,-5.811,2.006,4.386,5.05,MANEUVERING
45300.0,4446.943,2036.247,5054.907,-5.811,2.006,4.386,5.05,SENSING
45300.0,4446.943,2036.247,5054.907,-5.811,2.006,4.386,5.05,MANEUVERING
45300.0,4446.943,2036.247,5054.907,-5.811,2.006,4.386,5.05,LISTENING
45307.8,4401.497,2051.796,5088.922,-5.85,1.988,4.34,12.85,MANEUVERING
45307.8,4401.497,2051.796,5088.922,-5.85,1.988,4.34,12.85,SENSING
45307.8,4401.497,2051.796,5088.922,-5.85,1.988,4.34,12.85,MANEUVERING
45307.8,4401.497,2051.796,5088.922,-5.85,1.988,4.34,12.85,LISTENING
45320.0,4329.801,2075.832,5141.415,-5.911,1.959,4.269,25.05,MANEUVERING
45320.0,4329.801,2075.832,5141.415,-5.911,1.959,4.269,25.05,SENSING
45320.0,4329.801,2075.832,5141.415,-5.911,1.959,4.269,25.05,MEASURING
45320.0,4329.801,2075.832,5141.415,-5.911,1.959,4.269,25.05,SENSING
45320.0,4329.801,2075.832,5141.415,-5.911,1.959,4.269,25.05,MESSAGING
45320.0,4329.801,2075.832,5141.415,-5.911,1.959,4.269,25.05,MESSAGING
45320.0,4329.801,2075.832,5141.415,-5.911,1.959,4.269,25.05,SENSING
45320.0,4329.801,2075.832,5141.415,-5.911,1.959,4.269,25.05,LISTENING
45320.0,4329.801,2075.832,5141.415,-5.911,1.959,4.269,25.05,SENSING
45320.0,4329.801,2075.832,5141.415,-5.911,1.959,4.269,25.05,MEASURING
45320.0,4329.801,2075.832,5141.415,-5.911,1.959,4.269,25.05,MESSAGING
45320.0,4329.801,2075.832,5141.415,-5.911,1.959,4.269,25.05,SENSING
45320.0,4329.801,2075.832,5141.415,-5.911,1.959,4.269,25.05,MESSAGING
45320.0,4329.801,2075.832,5141.415,-5.911,1.959,4.269,25.05,MESSAGING
45320.0,4329.801,2075.832,5141.415,-5.911,1.959,4.269,25.05,SENSING
45320.0,4329.801,2075.832,5141.415,-5.911,1.959,4.269,25.05,LISTENING
45320.0,4329.801,2075.832,5141.415,-5.911,1.959,4.269,25.05,SENSING
45320.0,4329.801,2075.832,5141.415,-5.911,1.959,4.269,25.05,LISTENING
45320.0,4329.801,2075.832,5141.415,-5.911,1.959,4.269,25.05,SENSING
45320.0,4329.801,2075.832,5141.415,-5.911,1.959,4.269,25.05,LISTENING
45330.0,4270.485,2095.27,5183.789,-5.96,1.935,4.21,25.05,SENSING
45330.0,4270.485,2095.27,5183.789,-5.96,1.935,4.21,25.05,MEASURING
45330.0,4270.485,2095.27,5183.789,-5.96,1.935,4.21,25.05,SENSING
45330.0,4270.485,2095.27,5183.789,-5.96,1.935,4.21,25.05,LISTENING
45336.64,4230.829,2108.045,5211.598,-5.993,1.919,4.171,25.05,SENSING
45336.64,4230.829,2108.045,5211.598,-5.993,1.919,4.171,25.05,LISTENING
45340.0,4210.681,2114.469,5225.57,-6.009,1.911,4.15,25.05,SENSING
45340.0,4210.681,2114.469,5225.57,-6.009,1.911,4.15,25.05,LISTENING
45343.76,4188.069,2121.626,5241.126,-6.027,1.902,4.128,25.05,SENSING
45343.76,4188.069,2121.626,5241.126,-6.027,1.902,4.128,25.05,MANEUVERING
45343.76,4188.069,2121.626,5241.126,-6.027,1.902,4.128,25.05,LISTENING
45345.27,4178.97,2124.491,5247.349,-6.034,1.898,4.119,26.56,MANEUVERING
45345.27,4178.97,2124.491,5247.349,-6.034,1.898,4.119,26.56,SENSING
45345.27,4178.97,2124.491,5247.349,-6.034,1.898,4.119,26.56,MANEUVERING
45345.27,4178.97,2124.491,5247.349,-6.034,1.898,4.119,26.56,LISTENING
45350.0,4150.395,2133.428,5266.754,-6.057,1.887,4.09,31.29,MANEUVERING
45350.0,4150.395,2133.428,5266.754,-6.057,1.887,4.09,31.29,SENSING
45350.0,4150.395,2133.428,5266.754,-6.057,1.887,4.09,31.29,MEASURING
45350.0,4150.395,2133.428,5266.754,-6.057,1.887,4.09,31.29,SENSING
45350.0,4150.395,2133.428,5266.754,-6.057,1.887,4.09,31.29,LISTENING
45355.97,4114.178,2144.63,5291.054,-6.085,1.872,4.054,31.29,SENSING
45355.97,4114.178,2144.63,5291.054,-6.085,1.872,4.054,31.29,MANEUVERING
45355.97,4114.178,2144.63,5291.054,-6.085,1.872,4.054,31.29,LISTENING
45356.82,4109.008,2146.218,5294.497,-6.089,1.87,4.049,30.44,MANEUVERING
45356.82,4109.008,2146.218,5294.497,-6.089,1.87,4.049,30.44,SENSING
45356.82,4109.008,2146.218,5294.497,-6.089,1.87,4.049,30.44,MANEUVERING
45356.82,4109.008,2146.218,5294.497,-6.089,1.87,4.049,30.44,LISTENING
45360.0,4089.636,2152.143,5307.336,-6.104,1.862,4.03,27.26,MANEUVERING
45360.0,4089.636,2152.143,5307.336,-6.104,1.862,4.03,27.26,SENSING
45360.0,4089.636,2152.143,5307.336,-6.104,1.862,4.03,27.26,MANEUVERING
45360.0,4089.636,2152.143,5307.336,-6.104,1.862,4.03,27.26,LISTENING
45370.0,4028.409,2170.613,5347.312,-6.15,1.838,3.969,17.26,MANEUVERING
45370.0,4028.409,2170.613,5347.312,-6.15,1.838,3.969,17.26,SENSING
45370.0,4028.409,2170.613,5347.312,-6.15,1.838,3.969,17.26,MANEUVERING
45370.0,4028.409,2170.613,5347.312,-6.15,1.838,3.969,17.26,LISTENING
45380.0,3966.722,2188.836,5386.677,-6.196,1.813,3.908,7.26,MANEUVERING
45380.0,3966.722,2188.836,5386.677,-6.196,1.813,3.908,7.26,SENSING
45380.0,3966.722,2188.836,5386.677,-6.196,1.813,3.908,7.26,MANEUVERING
45380.0,3966.722,2188.836,5386.677,-6.196,1.813,3.908,7.26,LISTENING
45387.14,3922.4,2201.694,5414.408,-6.228,1.795,3.864,0.12,MANEUVERING
45387.14,3922.4,2201.694,5414.408,-6.228,1.795,3.864,0.12,SENSING
45387.14,3922.4,2201.694,5414.408,-6.228,1.795,3.864,0.12,MANEUVERING
45387.14,3922.4,2201.694,5414.408,-6.228,1.795,3.864,0.12,LISTENING
45390.0,3904.583,2206.809,5425.427,-6.241,1.788,3.846,-2.74,MANEUVERING
45390.0,3904.583,2206.809,5425.427,-6.241,1.788,3.846,-2.74,SENSING
45390.0,3904.583,2206.809,5425.427,-6.241,1.788,3.846,-2.74,MEASURING
45390.0,3904.583,2206.809,5425.427,-6.241,1.788,3.846,-2.74,SENSING
45390.0,3904.583,2206.809,5425.427,-6.241,1.788,3.846,-2.74,LISTENING
45400.0,3841.998,2224.531,5463.558,-6.285,1.763,3.784,-2.74,SENSING
45400.0,3841.998,2224.531,5463.558,-6.285,1.763,3.784,-2.74,LISTENING
45410.0,3778.975,2242.0,5501.065,-6.328,1.737,3.721,-2.74,SENSING
45410.0,3778.975,2242.0,5501.065,-6.328,1.737,3.721,-2.74,LISTENING
45417.47,3731.615,2254.883,5528.673,-6.36,1.718,3.674,-2.74,SENSING
45417.47,3731.615,2254.883,5528.673,-6.36,1.718,3.674,-2.74,MANEUVERING
45417.47,3731.615,2254.883,5528.673,-6.36,1.718,3.674,-2.74,LISTENING
45420.0,3715.521,2259.214,5537.944,-6.371,1.711,3.658,-5.27,MANEUVERING
45420.0,3715.521,2259.214,5537.944,-6.371,1.711,3.658,-5.27,SENSING
45420.0,3715.521,2259.214,5537.944,-6.371,1.711,3.658,-5.27,MANEUVERING
45420.0,3715.521,2259.214,5537.944,-6.371,1.711,3.658,-5.27,LISTENING
45430.0,3651.643,2276.171,5574.192,-6.413,1.686,3.595,-15.27,MANEUVERING
45430.0,3651.643,2276.171,5574.192,-6.413,1.686,3.595,-15.27,SENSING
45430.0,3651.643,2276.171,5574.192,-6.413,1.686,3.595,-15.27,MANEUVERING
45430.0,3651.643,2276.171,5574.192,-6.413,1.686,3.595,-15.27,LISTENING
45436.6,3609.255,2287.221,5597.767,-6.441,1.668,3.553,-21.87,MANEUVERING
45436.6,3609.255,2287.221,5597.767,-6.441,1.668,3.553,-21.87,SENSING
45436.6,3609.255,2287.221,5597.767,-6.441,1.668,3.553,-21.87,MANEUVERING
45436.6,3609.255,2287.221,5597.767,-6.441,1.668,3.553,-21.87,LISTENING
45440.0,3587.349,2292.869,5609.804,-6.455,1.66,3.531,-25.27,MANEUVERING
45440.0,3587.349,2292.869,5609.804,-6.455,1.66,3.531,-25.27,SENSING
45440.0,3587.349,2292.869,5609.804,-6.455,1.66,3.531,-25.27,MEASURING
45440.0,3587.349,2292.869,5609.804,-6.455,1.66,3.531,-25.27,SENSING
45440.0,3587.349,2292.869,5609.804,-6.455,1.66,3.531,-25.27,LISTENING
45446.61,3544.626,2303.764,5632.992,-6.481,1.642,3.489,-25.27,SENSING
45446.61,3544.626,2303.764,5632.992,-6.481,1.642,3.489,-25.27,LISTENING
45450.0,3522.646,2309.307,5644.776,-6.495,1.633,3.467,-25.27,SENSING
45450.0,3522.646,2309.307,5644.776,-6.495,1.633,3.467,-25.27,LISTENING
45455.37,3487.735,2318.025,5663.291,-6.517,1.619,3.432,-25.27,SENSING
45455.37,3487.735,2318.025,5663.291,-6.517,1.619,3.432,-25.27,LISTENING
45460.0,3457.542,2325.482,5679.105,-6.535,1.607,3.402,-25.27,SENSING
45460.0,3457.542,2325.482,5679.105,-6.535,1.607,3.402,-25.27,LISTENING
45467.81,3406.421,2337.93,5705.466,-6.565,1.586,3.352,-25.27,SENSING
45467.81,3406.421,2337.93,5705.466,-6.565,1.586,3.352,-25.27,LISTENING
45470.0,3392.044,2341.392,5712.787,-6.574,1.58,3.337,-25.27,SENSING
45470.0,3392.044,2341.392,5712.787,-6.574,1.58,3.337,-25.27,LISTENING
45475.91,3353.153,2350.67,5732.388,-6.597,1.565,3.299,-25.27,SENSING
45475.91,3353.153,2350.67,5732.388,-6.597,1.565,3.299,-25.27,LISTENING
45477.45,3342.996,2353.073,5737.458,-6.602,1.561,3.289,-25.27,SENSING
45477.45,3342.996,2353.073,5737.458,-6.602,1.561,3.289,-25.27,MANEUVERING
45477.45,3342.996,2353.073,5737.458,-6.602,1.561,3.289,-25.27,LISTENING
45480.0,3326.16,2357.037,5745.819,-6.612,1.554,3.272,-22.72,MANEUVERING
45480.0,3326.16,2357.037,5745.819,-6.612,1.554,3.272,-22.72,SENSING
45480.0,3326.16,2357.037,5745.819,-6.612,1.554,3.272,-22.72,MEASURING
45480.0,3326.16,2357.037,5745.819,-6.612,1.554,3.272,-22.72,SENSING
45480.0,3326.16,2357.037,5745.819,-6.612,1.554,3.272,-22.72,LISTENING
45485.48,3289.894,2365.497,5763.643,-6.633,1.539,3.236,-22.72,SENSING
45485.48,3289.894,2365.497,5763.643,-6.633,1.539,3.236,-22.72,LISTENING
45490.0,3259.897,2372.414,5778.196,-6.65,1.527,3.207,-22.72,SENSING
45490.0,3259.897,2372.414,5778.196,-6.65,1.527,3.207,-22.72,MEASURING
45490.0,3259.897,2372.414,5778.196,-6.65,1.527,3.207,-22.72,SENSING
45490.0,3259.897,2372.414,5778.196,-6.65,1.527,3.207,-22.72,LISTENING
45497.3,3211.291,2383.469,5801.416,-6.677,1.507,3.158,-22.72,SENSING
45497.3,3211.291,2383.469,5801.416,-6.677,1.507,3.158,-22.72,LISTENING
45497.46,3210.223,2383.71,5801.921,-6.677,1.507,3.157,-22.72,SENSING
45497.46,3210.223,2383.71,5801.921,-6.677,1.507,3.157,-22.72,LISTENING
45500.0,3193.264,2387.521,5809.915,-6.686,1.5,3.141,-22.72,SENSING
45500.0,3193.264,2387.521,5809.915,-6.686,1.5,3.141,-22.72,LISTENING
45510.0,3126.267,2402.358,5840.973,-6.722,1.473,3.074,-22.72,SENSING
45510.0,3126.267,2402.358,5840.973,-6.722,1.473,3.074,-22.72,LISTENING
45516.55,3082.19,2411.928,5860.956,-6.745,1.455,3.031,-22.72,SENSING
45516.55,3082.19,2411.928,5860.956,-6.745,1.455,3.031,-22.72,LISTENING
45520.0,3058.914,2416.922,5871.366,-6.758,1.445,3.008,-22.72,SENSING
45520.0,3058.914,2416.922,5871.366,-6.758,1.445,3.008,-22.72,LISTENING
45527.35,3009.188,2427.452,5893.28,-6.783,1.425,2.958,-22.72,SENSING
45527.35,3009.188,2427.452,5893.28,-6.783,1.425,2.958,-22.72,LISTENING
45530.0,2991.214,2431.212,5901.092,-6.792,1.418,2.941,-22.72,SENSING
45530.0,2991.214,2431.212,5901.092,-6.792,1.418,2.941,-22.72,MEASURING
45530.0,2991.214,2431.212,5901.092,-6.792,1.418,2.941,-22.72,SENSING
45530.0,2991.214,2431.212,5901.092,-6.792,1.418,2.941,-22.72,LISTENING
45533.64,2966.486,2436.345,5911.746,-6.804,1.408,2.916,-22.72,SENSING
45533.64,2966.486,2436.345,5911.746,-6.804,1.408,2.916,-22.72,LISTENING
45540.0,2923.174,2445.226,5930.147,-6.826,1.39,2.873,-22.72,SENSING
45540.0,2923.174,2445.226,5930.147,-6.826,1.39,2.873,-22.72,MEASURING
45540.0,2923.174,2445.226,5930.147,-6.826,1.39,2.873,-22.72,SENSING
45540.0,2923.174,2445.226,5930.147,-6.826,1.39,2.873,-22.72,LISTENING
45545.23,2887.456,2452.445,5945.074,-6.843,1.375,2.838,-22.72,SENSING
45545.23,2887.456,2452.445,5945.074,-6.843,1.375,2.838,-22.72,LISTENING
45545.84,2883.284,2453.282,5946.803,-6.845,1.374,2.834,-22.72,SENSING
45545.84,2883.284,2453.282,5946.803,-6.845,1.374,2.834,-22.72,LISTENING
45550.0,2854.801,2458.963,5958.527,-6.858,1.362,2.806,-22.72,SENSING
45550.0,2854.801,2458.963,5958.527,-6.858,1.362,2.806,-22.72,LISTENING
45550.0,2854.801,2458.963,5958.527,-6.858,1.362,2.806,-22.72,SENSING
45550.0,2854.801,2458.963,5958.527,-6.858,1.362,2.806,-22.72,LISTENING
45550.0,2854.801,2458.963,5958.527,-6.858,1.362,2.806,-22.72,SENSING
45550.0,2854.801,2458.963,5958.527,-6.858,1.362,2.806,-22.72,MESSAGING
45550.0,2854.801,2458.963,5958.527,-6.858,1.362,2.806,-22.72,SENSING
45550.0,2854.801,2458.963,5958.527,-6.858,1.362,2.806,-22.72,LISTENING
45550.0,2854.801,2458.963,5958.527,-6.858,1.362,2.806,-22.72,SENSING
45550.0,2854.801,2458.963,5958.527,-6.858,1.362,2.806,-22.72,LISTENING
45550.0,2854.801,2458.963,5958.527,-6.858,1.362,2.806,-22.72,SENSING
45550.0,2854.801,2458.963,5958.527,-6.858,1.362,2.806,-22.72,MESSAGING
45550.0,2854.801,2458.963,5958.527,-6.858,1.362,2.806,-22.72,SENSING
45550.0,2854.801,2458.963,5958.527,-6.858,1.362,2.806,-22.72,LISTENING
45550.0,2854.801,2458.963,5958.527,-6.858,1.362,2.806,-22.72,SENSING
45550.0,2854.801,2458.963,5958.527,-6.858,1.362,2.806,-22.72,LISTENING
45550.0,2854.801,2458.963,5958.527,-6.858,1.362,2.806,-22.72,SENSING
45550.0,2854.801,2458.963,5958.527,-6.858,1.362,2.806,-22.72,MESSAGING
45550.0,2854.801,2458.963,5958.527,-6.858,1.362,2.806,-22.72,SENSING
45550.0,2854.801,2458.963,5958.527,-6.858,1.362,2.806,-22.72,LISTENING
45550.0,2854.801,2458.963,5958.527,-6.858,1.362,2.806,-22.72,SENSING
45550.0,2854.801,2458.963,5958.527,-6.858,1.362,2.806,-22.72,MESSAGING
45550.0,2854.801,2458.963,5958.527,-6.858,1.362,2.806,-22.72,SENSING
45550.0,2854.801,2458.963,5958.527,-6.858,1.362,2.806,-22.72,LISTENING
45550.0,2854.801,2458.963,5958.527,-6.858,1.362,2.806,-22.72,SENSING
45550.0,2854.801,2458.963,5958.527,-6.858,1.362,2.806,-22.72,LISTENING
45550.0,2854.801,2458.963,5958.527,-6.858,1.362,2.806,-22.72,SENSING
45550.0,2854.801,2458.963,5958.527,-6.858,1.362,2.806,-22.72,LISTENING
45555.45,2817.402,2466.332,5973.71,-6.876,1.347,2.769,-22.72,SENSING
45555.45,2817.402,2466.332,5973.71,-6.876,1.347,2.769,-22.72,LISTENING
45560.0,2786.105,2472.421,5986.23,-6.89,1.334,2.738,-22.72,SENSING
45560.0,2786.105,2472.421,5986.23,-6.89,1.334,2.738,-22.72,LISTENING
45565.82,2745.977,2480.125,6002.041,-6.909,1.318,2.698,-22.72,SENSING
45565.82,2745.977,2480.125,6002.041,-6.909,1.318,2.698,-22.72,LISTENING
45570.0,2717.092,2485.599,6013.254,-6.922,1.306,2.67,-22.72,SENSING
45570.0,2717.092,2485.599,6013.254,-6.922,1.306,2.67,-22.72,LISTENING
45590.0,2578.149,2511.109,6065.248,-6.982,1.249,2.532,-22.72,SENSING
45590.0,2578.149,2511.109,6065.248,-6.982,1.249,2.532,-22.72,MEASURING
45590.0,2578.149,2511.109,6065.248,-6.982,1.249,2.532,-22.72,SENSING
45590.0,2578.149,2511.109,6065.248,-6.982,1.249,2.532,-22.72,LISTENING
45600.0,2508.234,2523.438,6090.215,-7.011,1.221,2.463,-22.72,SENSING
45600.0,2508.234,2523.438,6090.215,-7.011,1.221,2.463,-22.72,MEASURING
45600.0,2508.234,2523.438,6090.215,-7.011,1.221,2.463,-22.72,SENSING
45600.0,2508.234,2523.438,6090.215,-7.011,1.221,2.463,-22.72,LISTENING
45631.56,2285.756,2560.471,6164.463,-7.097,1.13,2.244,-22.72,SENSING
45631.56,2285.756,2560.471,6164.463,-7.097,1.13,2.244,-22.72,MANEUVERING
45631.56,2285.756,2560.471,6164.463,-7.097,1.13,2.244,-22.72,LISTENING
45670.0,2011.32,2601.678,6245.489,-7.19,1.017,1.973,15.72,MANEUVERING
45670.0,2011.32,2601.678,6245.489,-7.19,1.017,1.973,15.72,SENSING
45670.0,2011.32,2601.678,6245.489,-7.19,1.017,1.973,15.72,MEASURING
45670.0,2011.32,2601.678,6245.489,-7.19,1.017,1.973,15.72,SENSING
45670.0,2011.32,2601.678,6245.489,-7.19,1.017,1.973,15.72,LISTENING
45689.22,1872.811,2620.658,6282.091,-7.232,0.961,1.837,15.72,SENSING
45689.22,1872.811,2620.658,6282.091,-7.232,0.961,1.837,15.72,MANEUVERING
45689.22,1872.811,2620.658,6282.091,-7.232,0.961,1.837,15.72,LISTENING
45700.0,1794.779,2630.825,6301.471,-7.255,0.929,1.76,4.94,MANEUVERING
45700.0,1794.779,2630.825,6301.471,-7.255,0.929,1.76,4.94,SENSING
45700.0,1794.779,2630.825,6301.471,-7.255,0.929,1.76,4.94,MEASURING
45700.0,1794.779,2630.825,6301.471,-7.255,0.929,1.76,4.94,SENSING
45700.0,1794.779,2630.825,6301.471,-7.255,0.929,1.76,4.94,LISTENING
45706.56,1747.177,2636.843,6312.86,-7.268,0.909,1.713,4.94,SENSING
45706.56,1747.177,2636.843,6312.86,-7.268,0.909,1.713,4.94,MANEUVERING
45706.56,1747.177,2636.843,6312.86,-7.268,0.909,1.713,4.94,LISTENING
45710.0,1722.182,2639.948,6318.709,-7.275,0.899,1.689,1.5,MANEUVERING
45710.0,1722.182,2639.948,6318.709,-7.275,0.899,1.689,1.5,SENSING
45710.0,1722.182,2639.948,6318.709,-7.275,0.899,1.689,1.5,MEASURING
45710.0,1722.182,2639.948,6318.709,-7.275,0.899,1.689,1.5,SENSING
45710.0,1722.182,2639.948,6318.709,-7.275,0.899,1.689,1.5,LISTENING
45725.42,1609.858,2653.432,6343.888,-7.304,0.853,1.578,1.5,SENSING
45725.42,1609.858,2653.432,6343.888,-7.304,0.853,1.578,1.5,LISTENING
45730.0,1576.412,2657.3,6351.038,-7.312,0.839,1.546,1.5,SENSING
45730.0,1576.412,2657.3,6351.038,-7.312,0.839,1.546,1.5,LISTENING
45878.09,479.334,2748.12,6500.436,-7.484,0.387,0.47,1.5,SENSING
45878.09,479.334,2748.12,6500.436,-7.484,0.387,0.47,1.5,MANEUVERING
45878.09,479.334,2748.12,6500.436,-7.484,0.387,0.47,1.5,LISTENING
45890.0,390.225,2752.507,6505.509,-7.49,0.35,0.383,13.41,MANEUVERING
45890.0,390.225,2752.507,6505.509,-7.49,0.35,0.383,13.41,SENSING
45890.0,390.225,2752.507,6505.509,-7.49,0.35,0.383,13.41,MEASURING
45890.0,390.225,2752.507,6505.509,-7.49,0.35,0.383,13.41,SENSING
45890.0,390.225,2752.507,6505.509,-7.49,0.35,0.383,13.41,MESSAGING
45890.0,390.225,2752.507,6505.509,-7.49,0.35,0.383,13.41,MESSAGING
45890.0,390.225,2752.507,6505.509,-7.49,0.35,0.383,13.41,SENSING
45890.0,390.225,2752.507,6505.509,-7.49,0.35,0.383,13.41,MEASURING
45890.0,390.225,2752.507,6505.509,-7.49,0.35,0.383,13.41,MESSAGING
45890.0,390.225,2752.507,6505.509,-7.49,0.35,0.383,13.41,SENSING
45890.0,390.225,2752.507,6505.509,-7.49,0.35,0.383,13.41,MESSAGING
45890.0,390.225,2752.507,6505.509,-7.49,0.35,0.383,13.41,MESSAGING
45890.0,390.225,2752.507,6505.509,-7.49,0.35,0.383,13.41,SENSING
45890.0,390.225,2752.507,6505.509,-7.49,0.35,0.383,13.41,LISTENING
45890.0,390.225,2752.507,6505.509,-7.49,0.35,0.383,13.41,SENSING
45890.0,390.225,2752.507,6505.509,-7.49,0.35,0.383,13.41,LISTENING
45900.0,315.358,2755.851,6508.968,-7.494,0.319,0.309,13.41,SENSING
45900.0,315.358,2755.851,6508.968,-7.494,0.319,0.309,13.41,MEASURING
45900.0,315.358,2755.851,6508.968,-7.494,0.319,0.309,13.41,SENSING
45900.0,315.358,2755.851,6508.968,-7.494,0.319,0.309,13.41,LISTENING
45910.0,240.455,2758.887,6511.695,-7.497,0.288,0.236,13.41,SENSING
45910.0,240.455,2758.887,6511.695,-7.497,0.288,0.236,13.41,MEASURING
45910.0,240.455,2758.887,6511.695,-7.497,0.288,0.236,13.41,SENSING
45910.0,240.455,2758.887,6511.695,-7.497,0.288,0.236,13.41,LISTENING
45914.78,204.642,2760.229,6512.739,-7.498,0.274,0.201,13.41,SENSING
45914.78,204.642,2760.229,6512.739,-7.498,0.274,0.201,13.41,MANEUVERING
45914.78,204.642,2760.229,6512.739,-7.498,0.274,0.201,13.41,LISTENING
45920.0,165.526,2761.614,6513.69,-7.499,0.257,0.163,18.63,MANEUVERING
45920.0,165.526,2761.614,6513.69,-7.499,0.257,0.163,18.63,SENSING
45920.0,165.526,2761.614,6513.69,-7.499,0.257,0.163,18.63,MEASURING
45920.0,165.526,2761.614,6513.69,-7.499,0.257,0.163,18.63,SENSING
45920.0,165.526,2761.614,6513.69,-7.499,0.257,0.163,18.63,LISTENING
45925.44,124.756,2762.967,6514.467,-7.5,0.241,0.123,18.63,SENSING
45925.44,124.756,2762.967,6514.467,-7.5,0.241,0.123,18.63,MANEUVERING
45925.44,124.756,2762.967,6514.467,-7.5,0.241,0.123,18.63,LISTENING
45930.0,90.578,2764.031,6514.953,-7.501,0.226,0.09,14.07,MANEUVERING
45930.0,90.578,2764.031,6514.953,-7.501,0.226,0.09,14.07,SENSING
45930.0,90.578,2764.031,6514.953,-7.501,0.226,0.09,14.07,MEASURING
45930.0,90.578,2764.031,6514.953,-7.501,0.226,0.09,14.07,SENSING
45930.0,90.578,2764.031,6514.953,-7.501,0.226,0.09,14.07,LISTENING
45940.83,9.398,2766.299,6515.495,-7.501,0.193,0.01,14.07,SENSING
45940.83,9.398,2766.299,6515.495,-7.501,0.193,0.01,14.07,MANEUVERING
45940.83,9.398,2766.299,6515.495,-7.501,0.193,0.01,14.07,LISTENING
45946.27,-31.38,2767.302,6515.444,-7.501,0.176,-0.029,19.51,MANEUVERING
45946.27,-31.38,2767.302,6515.444,-7.501,0.176,-0.029,19.51,SENSING
45946.27,-31.38,2767.302,6515.444,-7.501,0.176,-0.029,19.51,MANEUVERING
45946.27,-31.38,2767.302,6515.444,-7.501,0.176,-0.029,19.51,LISTENING
45950.0,-59.34,2767.936,6515.284,-7.501,0.164,-0.057,23.24,MANEUVERING
45950.0,-59.34,2767.936,6515.284,-7.501,0.164,-0.057,23.24,SENSING
45950.0,-59.34,2767.936,6515.284,-7.501,0.164,-0.057,23.24,MEASURING
45950.0,-59.34,2767.936,6515.284,-7.501,0.164,-0.057,23.24,SENSING
45950.0,-59.34,2767.936,6515.284,-7.501,0.164,-0.057,23.24,LISTENING
45986.54,-333.124,2771.87,6508.338,-7.493,0.051,-0.324,23.24,SENSING
45986.54,-333.124,2771.87,6508.338,-7.493,0.051,-0.324,23.24,LISTENING
45990.0,-359.029,2772.028,6507.175,-7.492,0.04,-0.349,23.24,SENSING
45990.0,-359.029,2772.028,6507.175,-7.492,0.04,-0.349,23.24,LISTENING
46025.95,-627.84,2771.475,6489.928,-7.472,-0.071,-0.611,23.24,SENSING
46025.95,-627.84,2771.475,6489.928,-7.472,-0.071,-0.611,23.24,MANEUVERING
46025.95,-627.84,2771.475,6489.928,-7.472,-0.071,-0.611,23.24,LISTENING
46060.0,-881.614,2767.263,6464.933,-7.443,-0.177,-0.858,-10.81,MANEUVERING
46060.0,-881.614,2767.263,6464.933,-7.443,-0.177,-0.858,-10.81,SENSING
46060.0,-881.614,2767.263,6464.933,-7.443,-0.177,-0.858,-10.81,MEASURING
46060.0,-881.614,2767.263,6464.933,-7.443,-0.177,-0.858,-10.81,SENSING
46060.0,-881.614,2767.263,6464.933,-7.443,-0.177,-0.858,-10.81,LISTENING
46072.37,-973.541,2764.846,6453.774,-7.43,-0.215,-0.947,-10.81,SENSING
46072.37,-973.541,2764.846,6453.774,-7.43,-0.215,-0.947,-10.81,MANEUVERING
46072.37,-973.541,2764.846,6453.774,-7.43,-0.215,-0.947,-10.81,LISTENING
46080.0,-1030.161,2763.119,6446.341,-7.422,-0.239,-1.002,-18.44,MANEUVERING
46080.0,-1030.161,2763.119,6446.341,-7.422,-0.239,-1.002,-18.44,SENSING
46080.0,-1030.161,2763.119,6446.341,-7.422,-0.239,-1.002,-18.44,MEASURING
46080.0,-1030.161,2763.119,6446.341,-7.422,-0.239,-1.002,-18.44,SENSING
46080.0,-1030.161,2763.119,6446.341,-7.422,-0.239,-1.002,-18.44,LISTENING
46110.0,-1252.097,2754.595,6413.051,-7.383,-0.331,-1.218,-18.44,SENSING
46110.0,-1252.097,2754.595,6413.051,-7.383,-0.331,-1.218,-18.44,MEASURING
46110.0,-1252.097,2754.595,6413.051,-7.383,-0.331,-1.218,-18.44,SENSING
46110.0,-1252.097,2754.595,6413.051,-7.383,-0.331,-1.218,-18.44,LISTENING
46170.0,-1691.976,2729.277,6327.183,-7.285,-0.515,-1.645,-18.44,SENSING
46170.0,-1691.976,2729.277,6327.183,-7.285,-0.515,-1.645,-18.44,LISTENING
46177.21,-1744.413,2725.497,6315.147,-7.271,-0.536,-1.696,-18.44,SENSING
46177.21,-1744.413,2725.497,6315.147,-7.271,-0.536,-1.696,-18.44,LISTENING
46180.0,-1764.677,2723.992,6310.392,-7.266,-0.545,-1.715,-18.44,SENSING
46180.0,-1764.677,2723.992,6310.392,-7.266,-0.545,-1.715,-18.44,LISTENING
46189.32,-1832.257,2718.793,6294.109,-7.247,-0.573,-1.781,-18.44,SENSING
46189.32,-1832.257,2718.793,6294.109,-7.247,-0.573,-1.781,-18.44,LISTENING
46200.0,-1909.48,2712.514,6274.702,-7.225,-0.605,-1.855,-18.44,SENSING
46200.0,-1909.48,2712.514,6274.702,-7.225,-0.605,-1.855,-18.44,LISTENING
46205.76,-1951.029,2708.984,6263.904,-7.212,-0.623,-1.896,-18.44,SENSING
46205.76,-1951.029,2708.984,6263.904,-7.212,-0.623,-1.896,-18.44,LISTENING
46210.0,-1981.567,2706.322,6255.808,-7.203,-0.636,-1.925,-18.44,SENSING
46210.0,-1981.567,2706.322,6255.808,-7.203,-0.636,-1.925,-18.44,LISTENING
46219.42,-2049.271,2700.215,6237.372,-7.182,-0.664,-1.991,-18.44,SENSING
46219.42,-2049.271,2700.215,6237.372,-7.182,-0.664,-1.991,-18.44,MANEUVERING
46219.42,-2049.271,2700.215,6237.372,-7.182,-0.664,-1.991,-18.44,LISTENING
46220.0,-2053.433,2699.83,6236.217,-7.18,-0.666,-1.995,-17.86,MANEUVERING
46220.0,-2053.433,2699.83,6236.217,-7.18,-0.666,-1.995,-17.86,SENSING
46220.0,-2053.433,2699.83,6236.217,-7.18,-0.666,-1.995,-17.86,MANEUVERING
46220.0,-2053.433,2699.83,6236.217,-7.18,-0.666,-1.995,-17.86,LISTENING
46233.62,-2150.946,2690.507,6208.419,-7.149,-0.706,-2.089,-4.24,MANEUVERING
46233.62,-2150.946,2690.507,6208.419,-7.149,-0.706,-2.089,-4.24,SENSING
46233.62,-2150.946,2690.507,6208.419,-7.149,-0.706,-2.089,-4.24,MANEUVERING
46233.62,-2150.946,2690.507,6208.419,-7.149,-0.706,-2.089,-4.24,LISTENING
46240.0,-2196.472,2685.948,6194.956,-7.133,-0.726,-2.133,2.14,MANEUVERING
46240.0,-2196.472,2685.948,6194.956,-7.133,-0.726,-2.133,2.14,SENSING
46240.0,-2196.472,2685.948,6194.956,-7.133,-0.726,-2.133,2.14,MEASURING
46240.0,-2196.472,2685.948,6194.956,-7.133,-0.726,-2.133,2.14,SENSING
46240.0,-2196.472,2685.948,6194.956,-7.133,-0.726,-2.133,2.14,LISTENING
46245.91,-2238.556,2681.618,6182.235,-7.119,-0.743,-2.174,2.14,SENSING
46245.91,-2238.556,2681.618,6182.235,-7.119,-0.743,-2.174,2.14,MANEUVERING
46245.91,-2238.556,2681.618,6182.235,-7.119,-0.743,-2.174,2.14,LISTENING
46246.55,-2243.108,2681.143,6180.843,-7.117,-0.745,-2.178,2.78,MANEUVERING
46246.55,-2243.108,2681.143,6180.843,-7.117,-0.745,-2.178,2.78,SENSING
46246.55,-2243.108,2681.143,6180.843,-7.117,-0.745,-2.178,2.78,MANEUVERING
46246.55,-2243.108,2681.143,6180.843,-7.117,-0.745,-2.178,2.78,LISTENING
46250.0,-2267.629,2678.56,6173.29,-7.108,-0.755,-2.202,6.23,MANEUVERING
46250.0,-2267.629,2678.56,6173.29,-7.108,-0.755,-2.202,6.23,SENSING
46250.0,-2267.629,2678.56,6173.29,-7.108,-0.755,-2.202,6.23,MEASURING
46250.0,-2267.629,2678.56,6173.29,-7.108,-0.755,-2.202,6.23,SENSING
46250.0,-2267.629,2678.56,6173.29,-7.108,-0.755,-2.202,6.23,LISTENING
46257.41,-2320.194,2672.893,6156.793,-7.089,-0.777,-2.253,6.23,SENSING
46257.41,-2320.194,2672.893,6156.793,-7.089,-0.777,-2.253,6.23,LISTENING
46260.0,-2338.534,2670.874,6150.939,-7.083,-0.785,-2.271,6.23,SENSING
46260.0,-2338.534,2670.874,6150.939,-7.083,-0.785,-2.271,6.23,MEASURING
46260.0,-2338.534,2670.874,6150.939,-7.083,-0.785,-2.271,6.23,SENSING
46260.0,-2338.534,2670.874,6150.939,-7.083,-0.785,-2.271,6.23,LISTENING
46265.66,-2378.552,2666.393,6137.984,-7.068,-0.802,-2.309,6.23,SENSING
46265.66,-2378.552,2666.393,6137.984,-7.068,-0.802,-2.309,6.23,LISTENING
46270.0,-2409.179,2662.893,6127.903,-7.056,-0.815,-2.339,6.23,SENSING
46270.0,-2409.179,2662.893,6127.903,-7.056,-0.815,-2.339,6.23,LISTENING
46275.37,-2447.006,2658.485,6115.251,-7.042,-0.831,-2.375,6.23,SENSING
46275.37,-2447.006,2658.485,6115.251,-7.042,-0.831,-2.375,6.23,MANEUVERING
46275.37,-2447.006,2658.485,6115.251,-7.042,-0.831,-2.375,6.23,LISTENING
46280.0,-2479.556,2654.616,6104.186,-7.029,-0.844,-2.407,10.86,MANEUVERING
46280.0,-2479.556,2654.616,6104.186,-7.029,-0.844,-2.407,10.86,SENSING
46280.0,-2479.556,2654.616,6104.186,-7.029,-0.844,-2.407,10.86,MEASURING
46280.0,-2479.556,2654.616,6104.186,-7.029,-0.844,-2.407,10.86,SENSING
46280.0,-2479.556,2654.616,6104.186,-7.029,-0.844,-2.407,10.86,LISTENING
46287.14,-2529.638,2648.526,6086.837,-7.009,-0.865,-2.455,10.86,SENSING
46287.14,-2529.638,2648.526,6086.837,-7.009,-0.865,-2.455,10.86,MANEUVERING
46287.14,-2529.638,2648.526,6086.837,-7.009,-0.865,-2.455,10.86,LISTENING
46288.2,-2537.061,2647.609,6084.232,-7.006,-0.868,-2.462,9.8,MANEUVERING
46288.2,-2537.061,2647.609,6084.232,-7.006,-0.868,-2.462,9.8,SENSING
46288.2,-2537.061,2647.609,6084.232,-7.006,-0.868,-2.462,9.8,MANEUVERING
46288.2,-2537.061,2647.609,6084.232,-7.006,-0.868,-2.462,9.8,LISTENING
46290.0,-2549.659,2646.045,6079.791,-7.001,-0.874,-2.475,8.0,MANEUVERING
46290.0,-2549.659,2646.045,6079.791,-7.001,-0.874,-2.475,8.0,SENSING
46290.0,-2549.659,2646.045,6079.791,-7.001,-0.874,-2.475,8.0,MEASURING
46290.0,-2549.659,2646.045,6079.791,-7.001,-0.874,-2.475,8.0,SENSING
46290.0,-2549.659,2646.045,6079.791,-7.001,-0.874,-2.475,8.0,LISTENING
46306.83,-2666.997,2630.959,6037.212,-6.952,-0.923,-2.588,8.0,SENSING
46306.83,-2666.997,2630.959,6037.212,-6.952,-0.923,-2.588,8.0,MANEUVERING
46306.83,-2666.997,2630.959,6037.212,-6.952,-0.923,-2.588,8.0,LISTENING
46310.0,-2689.006,2628.025,6028.979,-6.943,-0.932,-2.609,11.17,MANEUVERING
46310.0,-2689.006,2628.025,6028.979,-6.943,-0.932,-2.609,11.17,SENSING
46310.0,-2689.006,2628.025,6028.979,-6.943,-0.932,-2.609,11.17,MANEUVERING
46310.0,-2689.006,2628.025,6028.979,-6.943,-0.932,-2.609,11.17,LISTENING
46330.0,-2827.159,2608.841,5975.489,-6.882,-0.99,-2.742,31.17,MANEUVERING
46330.0,-2827.159,2608.841,5975.489,-6.882,-0.99,-2.742,31.17,SENSING
46330.0,-2827.159,2608.841,5975.489,-6.882,-0.99,-2.742,31.17,MEASURING
46330.0,-2827.159,2608.841,5975.489,-6.882,-0.99,-2.742,31.17,SENSING
46330.0,-2827.159,2608.841,5975.489,-6.882,-0.99,-2.742,31.17,LISTENING
46362.87,-3051.463,2574.808,5881.832,-6.775,-1.085,-2.959,31.17,SENSING
46362.87,-3051.463,2574.808,5881.832,-6.775,-1.085,-2.959,31.17,LISTENING
46390.0,-3233.857,2544.4,5799.219,-6.68,-1.161,-3.134,31.17,SENSING
46390.0,-3233.857,2544.4,5799.219,-6.68,-1.161,-3.134,31.17,LISTENING
46412.54,-3383.394,2517.562,5726.984,-6.598,-1.225,-3.278,31.17,SENSING
46412.54,-3383.394,2517.562,5726.984,-6.598,-1.225,-3.278,31.17,LISTENING
46420.0,-3432.472,2508.368,5702.365,-6.569,-1.245,-3.325,31.17,SENSING
46420.0,-3432.472,2508.368,5702.365,-6.569,-1.245,-3.325,31.17,LISTENING
46460.0,-3691.943,2456.456,5564.413,-6.412,-1.355,-3.575,31.17,SENSING
46460.0,-3691.943,2456.456,5564.413,-6.412,-1.355,-3.575,31.17,LISTENING
46480.0,-3819.259,2428.869,5491.73,-6.329,-1.409,-3.697,31.17,SENSING
46480.0,-3819.259,2428.869,5491.73,-6.329,-1.409,-3.697,31.17,LISTENING
46485.48,-3853.852,2421.123,5471.39,-6.305,-1.424,-3.73,31.17,SENSING
46485.48,-3853.852,2421.123,5471.39,-6.305,-1.424,-3.73,31.17,LISTENING
46490.0,-3882.288,2414.673,5454.476,-6.286,-1.436,-3.758,31.17,SENSING
46490.0,-3882.288,2414.673,5454.476,-6.286,-1.436,-3.758,31.17,LISTENING
46500.0,-3944.888,2400.211,5416.62,-6.243,-1.462,-3.818,31.17,SENSING
46500.0,-3944.888,2400.211,5416.62,-6.243,-1.462,-3.818,31.17,LISTENING
46507.09,-3989.008,2389.798,5389.417,-6.212,-1.481,-3.86,31.17,SENSING
46507.09,-3989.008,2389.798,5389.417,-6.212,-1.481,-3.86,31.17,LISTENING
46510.0,-4007.053,2385.485,5378.166,-6.199,-1.489,-3.877,31.17,SENSING
46510.0,-4007.053,2385.485,5378.166,-6.199,-1.489,-3.877,31.17,LISTENING
46516.49,-4047.162,2375.787,5352.891,-6.17,-1.506,-3.916,31.17,SENSING
46516.49,-4047.162,2375.787,5352.891,-6.17,-1.506,-3.916,31.17,LISTENING
46520.0,-4068.776,2370.496,5339.118,-6.154,-1.515,-3.936,31.17,SENSING
46520.0,-4068.776,2370.496,5339.118,-6.154,-1.515,-3.936,31.17,LISTENING
46526.74,-4110.124,2360.247,5312.467,-6.124,-1.533,-3.976,31.17,SENSING
46526.74,-4110.124,2360.247,5312.467,-6.124,-1.533,-3.976,31.17,LISTENING
46530.0,-4130.049,2355.247,5299.481,-6.109,-1.541,-3.995,31.17,SENSING
46530.0,-4130.049,2355.247,5299.481,-6.109,-1.541,-3.995,31.17,LISTENING
46537.02,-4172.792,2344.387,5271.306,-6.077,-1.559,-4.036,31.17,SENSING
46537.02,-4172.792,2344.387,5271.306,-6.077,-1.559,-4.036,31.17,LISTENING
46550.0,-4251.223,2323.971,5218.457,-6.017,-1.593,-4.111,31.17,SENSING
46550.0,-4251.223,2323.971,5218.457,-6.017,-1.593,-4.111,31.17,LISTENING
46564.61,-4338.559,2300.478,5157.812,-5.947,-1.63,-4.195,31.17,SENSING
46564.61,-4338.559,2300.478,5157.812,-5.947,-1.63,-4.195,31.17,LISTENING
46580.0,-4429.454,2275.146,5092.617,-5.873,-1.669,-4.282,31.17,SENSING
46580.0,-4429.454,2275.146,5092.617,-5.873,-1.669,-4.282,31.17,LISTENING
46590.0,-4487.896,2258.368,5049.541,-5.824,-1.694,-4.338,31.17,SENSING
46590.0,-4487.896,2258.368,5049.541,-5.824,-1.694,-4.338,31.17,LISTENING
46597.92,-4533.833,2244.904,5015.03,-5.785,-1.713,-4.382,31.17,SENSING
46597.92,-4533.833,2244.904,5015.03,-5.785,-1.713,-4.382,31.17,LISTENING
46630.0,-4716.662,2188.795,4871.726,-5.621,-1.791,-4.556,31.17,SENSING
46630.0,-4716.662,2188.795,4871.726,-5.621,-1.791,-4.556,31.17,LISTENING
46658.4,-4874.069,2137.056,4740.25,-5.471,-1.859,-4.707,31.17,SENSING
46658.4,-4874.069,2137.056,4740.25,-5.471,-1.859,-4.707,31.17,LISTENING
46680.0,-4990.9,2096.437,4637.432,-5.354,-1.909,-4.818,31.17,SENSING
46680.0,-4990.9,2096.437,4637.432,-5.354,-1.909,-4.818,31.17,LISTENING
46685.17,-5018.487,2086.555,4612.468,-5.326,-1.921,-4.844,31.17,SENSING
46685.17,-5018.487,2086.555,4612.468,-5.326,-1.921,-4.844,31.17,LISTENING
46700.0,-5096.797,2057.87,4540.108,-5.243,-1.955,-4.919,31.17,SENSING
46700.0,-5096.797,2057.87,4540.108,-5.243,-1.955,-4.919,31.17,LISTENING
46706.47,-5130.577,2045.199,4508.195,-5.207,-1.969,-4.951,31.17,SENSING
46706.47,-5130.577,2045.199,4508.195,-5.207,-1.969,-4.951,31.17,LISTENING
46710.0,-5148.908,2038.247,4490.695,-5.187,-1.977,-4.969,31.17,SENSING
46710.0,-5148.908,2038.247,4490.695,-5.187,-1.977,-4.969,31.17,LISTENING
46716.89,-5184.484,2024.597,4456.362,-5.148,-1.993,-5.003,31.17,SENSING
46716.89,-5184.484,2024.597,4456.362,-5.148,-1.993,-5.003,31.17,LISTENING
46730.0,-5251.429,1998.333,4390.395,-5.072,-2.022,-5.066,31.17,SENSING
46730.0,-5251.429,1998.333,4390.395,-5.072,-2.022,-5.066,31.17,LISTENING
46744.98,-5326.709,1967.863,4314.004,-4.985,-2.054,-5.138,31.17,SENSING
46744.98,-5326.709,1967.863,4314.004,-4.985,-2.054,-5.138,31.17,LISTENING
46750.0,-5351.644,1957.544,4288.166,-4.956,-2.065,-5.162,31.17,SENSING
46750.0,-5351.644,1957.544,4288.166,-4.956,-2.065,-5.162,31.17,LISTENING
46760.29,-5402.291,1936.222,4234.832,-4.895,-2.087,-5.21,31.17,SENSING
46760.29,-5402.291,1936.222,4234.832,-4.895,-2.087,-5.21,31.17,LISTENING
46770.0,-5449.509,1915.897,4184.054,-4.837,-2.108,-5.255,31.17,SENSING
46770.0,-5449.509,1915.897,4184.054,-4.837,-2.108,-5.255,31.17,LISTENING
46786.93,-5530.485,1879.986,4094.485,-4.735,-2.143,-5.332,31.17,SENSING
46786.93,-5530.485,1879.986,4094.485,-4.735,-2.143,-5.332,31.17,LISTENING
46790.0,-5544.984,1873.411,4078.105,-4.717,-2.149,-5.345,31.17,SENSING
46790.0,-5544.984,1873.411,4078.105,-4.717,-2.149,-5.345,31.17,LISTENING
46798.92,-5586.783,1854.197,4030.272,-4.662,-2.167,-5.385,31.17,SENSING
46798.92,-5586.783,1854.197,4030.272,-4.662,-2.167,-5.385,31.17,LISTENING
46820.0,-5683.623,1808.151,3915.842,-4.532,-2.21,-5.477,31.17,SENSING
46820.0,-5683.623,1808.151,3915.842,-4.532,-2.21,-5.477,31.17,LISTENING
46825.2,-5707.088,1796.657,3887.319,-4.499,-2.22,-5.499,31.17,SENSING
46825.2,-5707.088,1796.657,3887.319,-4.499,-2.22,-5.499,31.17,LISTENING
46840.0,-5772.943,1763.652,3805.51,-4.406,-2.249,-5.562,31.17,SENSING
46840.0,-5772.943,1763.652,3805.51,-4.406,-2.249,-5.562,31.17,LISTENING
46840.0,-5772.943,1763.652,3805.51,-4.406,-2.249,-5.562,31.17,SENSING
46840.0,-5772.943,1763.652,3805.51,-4.406,-2.249,-5.562,31.17,LISTENING
46855.75,-5841.505,1728.065,3717.448,-4.306,-2.279,-5.627,31.17,SENSING
46855.75,-5841.505,1728.065,3717.448,-4.306,-2.279,-5.627,31.17,LISTENING
46860.0,-5859.734,1718.381,3693.511,-4.279,-2.287,-5.644,31.17,SENSING
46860.0,-5859.734,1718.381,3693.511,-4.279,-2.287,-5.644,31.17,LISTENING
46865.19,-5881.838,1706.51,3664.18,-4.245,-2.297,-5.665,31.17,SENSING
46865.19,-5881.838,1706.51,3664.18,-4.245,-2.297,-5.665,31.17,LISTENING
46870.0,-5902.169,1695.463,3636.901,-4.214,-2.306,-5.684,31.17,SENSING
46870.0,-5902.169,1695.463,3636.901,-4.214,-2.306,-5.684,31.17,LISTENING
46886.06,-5968.966,1658.27,3545.154,-4.11,-2.335,-5.747,31.17,SENSING
46886.06,-5968.966,1658.27,3545.154,-4.11,-2.335,-5.747,31.17,LISTENING
46920.0,-6104.564,1578.145,3348.002,-3.886,-2.395,-5.875,31.17,SENSING
46920.0,-6104.564,1578.145,3348.002,-3.886,-2.395,-5.875,31.17,LISTENING
46920.0,-6104.564,1578.145,3348.002,-3.886,-2.395,-5.875,31.17,SENSING
46920.0,-6104.564,1578.145,3348.002,-3.886,-2.395,-5.875,31.17,LISTENING
46930.0,-6143.056,1554.154,3289.098,-3.819,-2.412,-5.912,31.17,SENSING
46930.0,-6143.056,1554.154,3289.098,-3.819,-2.412,-5.912,31.17,LISTENING
47800.47,-6656.783,-863.568,-2443.287,2.718,-2.765,-6.344,31.17,SENSING
47800.47,-6656.783,-863.568,-2443.287,2.718,-2.765,-6.344,31.17,LISTENING
47830.0,-6573.423,-944.645,-2629.349,2.931,-2.736,-6.263,31.17,SENSING
47830.0,-6573.423,-944.645,-2629.349,2.931,-2.736,-6.263,31.17,LISTENING
47830.0,-6573.423,-944.645,-2629.349,2.931,-2.736,-6.263,31.17,SENSING
47830.0,-6573.423,-944.645,-2629.349,2.931,-2.736,-6.263,31.17,LISTENING
47849.58,-6514.694,-997.914,-2751.348,3.071,-2.715,-6.205,31.17,SENSING
47849.58,-6514.694,-997.914,-2751.348,3.071,-2.715,-6.205,31.17,LISTENING
47860.0,-6482.326,-1026.094,-2815.806,3.146,-2.704,-6.173,31.17,SENSING
47860.0,-6482.326,-1026.094,-2815.806,3.146,-2.704,-6.173,31.17,LISTENING
47860.0,-6482.326,-1026.094,-2815.806,3.146,-2.704,-6.173,31.17,SENSING
47860.0,-6482.326,-1026.094,-2815.806,3.146,-2.704,-6.173,31.17,LISTENING
47870.33,-6449.478,-1053.91,-2879.377,3.219,-2.692,-6.141,31.17,SENSING
47870.33,-6449.478,-1053.91,-2879.377,3.219,-2.692,-6.141,31.17,LISTENING
47910.0,-6316.376,-1159.566,-3120.321,3.496,-2.644,-6.011,31.17,SENSING
47910.0,-6316.376,-1159.566,-3120.321,3.496,-2.644,-6.011,31.17,LISTENING
47920.0,-6281.1,-1185.893,-3180.226,3.565,-2.631,-5.976,31.17,SENSING
47920.0,-6281.1,-1185.893,-3180.226,3.565,-2.631,-5.976,31.17,LISTENING
47930.4,-6243.683,-1213.135,-3242.159,3.636,-2.617,-5.94,31.17,SENSING
47930.4,-6243.683,-1213.135,-3242.159,3.636,-2.617,-5.94,31.17,LISTENING
47950.0,-6171.163,-1264.085,-3357.829,3.769,-2.591,-5.869,31.17,SENSING
47950.0,-6171.163,-1264.085,-3357.829,3.769,-2.591,-5.869,31.17,LISTENING
47967.71,-6103.405,-1309.667,-3461.133,3.888,-2.566,-5.803,31.17,SENSING
47967.71,-6103.405,-1309.667,-3461.133,3.888,-2.566,-5.803,31.17,LISTENING
47989.96,-6015.309,-1366.296,-3589.229,4.036,-2.533,-5.717,31.17,SENSING
47989.96,-6015.309,-1366.296,-3589.229,4.036,-2.533,-5.717,31.17,LISTENING
47990.0,-6015.148,-1366.397,-3589.457,4.036,-2.533,-5.717,31.17,SENSING
47990.0,-6015.148,-1366.397,-3589.457,4.036,-2.533,-5.717,31.17,LISTENING
48000.0,-5974.487,-1391.608,-3646.397,4.102,-2.518,-5.677,31.17,SENSING
48000.0,-5974.487,-1391.608,-3646.397,4.102,-2.518,-5.677,31.17,LISTENING
48006.41,-5948.079,-1407.69,-3682.686,4.144,-2.508,-5.651,31.17,SENSING
48006.41,-5948.079,-1407.69,-3682.686,4.144,-2.508,-5.651,31.17,LISTENING
48007.41,-5943.935,-1410.193,-3688.332,4.15,-2.507,-5.647,31.17,SENSING
48007.41,-5943.935,-1410.193,-3688.332,4.15,-2.507,-5.647,31.17,LISTENING
48020.0,-5891.206,-1441.573,-3759.072,4.232,-2.487,-5.596,31.17,SENSING
48020.0,-5891.206,-1441.573,-3759.072,4.232,-2.487,-5.596,31.17,LISTENING
48035.65,-5824.237,-1480.233,-3846.094,4.332,-2.462,-5.531,31.17,SENSING
48035.65,-5824.237,-1480.233,-3846.094,4.332,-2.462,-5.531,31.17,LISTENING
48040.0,-5805.344,-1490.908,-3870.099,4.36,-2.455,-5.512,31.17,SENSING
48040.0,-5805.344,-1490.908,-3870.099,4.36,-2.455,-5.512,31.17,LISTENING
48052.19,-5751.76,-1520.659,-3936.941,4.437,-2.435,-5.46,31.17,SENSING
48052.19,-5751.76,-1520.659,-3936.941,4.437,-2.435,-5.46,31.17,LISTENING
48053.99,-5743.768,-1525.032,-3946.757,4.449,-2.432,-5.452,31.17,SENSING
48053.99,-5743.768,-1525.032,-3946.757,4.449,-2.432,-5.452,31.17,LISTENING
48070.0,-5671.791,-1563.681,-4033.442,4.549,-2.405,-5.382,31.17,SENSING
48070.0,-5671.791,-1563.681,-4033.442,4.549,-2.405,-5.382,31.17,LISTENING
48080.0,-5626.023,-1587.6,-4087.013,4.611,-2.388,-5.338,31.17,SENSING
48080.0,-5626.023,-1587.6,-4087.013,4.611,-2.388,-5.338,31.17,LISTENING
48080.0,-5626.023,-1587.6,-4087.013,4.611,-2.388,-5.338,31.17,SENSING
48080.0,-5626.023,-1587.6,-4087.013,4.611,-2.388,-5.338,31.17,LISTENING
48090.0,-5579.637,-1611.346,-4140.135,4.672,-2.37,-5.292,31.17,SENSING
48090.0,-5579.637,-1611.346,-4140.135,4.672,-2.37,-5.292,31.17,LISTENING
48092.95,-5565.837,-1618.317,-4155.72,4.691,-2.365,-5.279,31.17,SENSING
48092.95,-5565.837,-1618.317,-4155.72,4.691,-2.365,-5.279,31.17,LISTENING
48110.0,-5485.036,-1658.305,-4245.011,4.794,-2.334,-5.2,31.17,SENSING
48110.0,-5485.036,-1658.305,-4245.011,4.794,-2.334,-5.2,31.17,LISTENING
48120.0,-5436.83,-1681.514,-4296.752,4.854,-2.316,-5.153,31.17,SENSING
48120.0,-5436.83,-1681.514,-4296.752,4.854,-2.316,-5.153,31.17,LISTENING
48122.96,-5422.446,-1688.348,-4311.977,4.872,-2.31,-5.139,31.17,SENSING
48122.96,-5422.446,-1688.348,-4311.977,4.872,-2.31,-5.139,31.17,LISTENING
48130.0,-5388.026,-1704.538,-4348.022,4.913,-2.297,-5.106,31.17,SENSING
48130.0,-5388.026,-1704.538,-4348.022,4.913,-2.297,-5.106,31.17,LISTENING
48137.62,-5350.441,-1721.958,-4386.769,4.958,-2.283,-5.069,31.17,SENSING
48137.62,-5350.441,-1721.958,-4386.769,4.958,-2.283,-5.069,31.17,LISTENING
48151.96,-5278.786,-1754.441,-4458.926,5.042,-2.256,-5.0,31.17,SENSING
48151.96,-5278.786,-1754.441,-4458.926,5.042,-2.256,-5.0,31.17,LISTENING
48160.0,-5238.089,-1772.481,-4498.943,5.089,-2.24,-4.96,31.17,SENSING
48160.0,-5238.089,-1772.481,-4498.943,5.089,-2.24,-4.96,31.17,LISTENING
48160.0,-5238.089,-1772.481,-4498.943,5.089,-2.24,-4.96,31.17,SENSING
48160.0,-5238.089,-1772.481,-4498.943,5.089,-2.24,-4.96,31.17,LISTENING
48170.0,-5186.952,-1794.744,-4548.268,5.146,-2.22,-4.91,31.17,SENSING
48170.0,-5186.952,-1794.744,-4548.268,5.146,-2.22,-4.91,31.17,LISTENING
48200.0,-5030.142,-1860.341,-4693.223,5.315,-2.16,-4.758,31.17,SENSING
48200.0,-5030.142,-1860.341,-4693.223,5.315,-2.16,-4.758,31.17,LISTENING
48208.61,-4984.212,-1878.831,-4733.973,5.362,-2.143,-4.713,31.17,SENSING
48208.61,-4984.212,-1878.831,-4733.973,5.362,-2.143,-4.713,31.17,LISTENING
48219.18,-4927.27,-1901.321,-4783.472,5.42,-2.121,-4.658,31.17,SENSING
48219.18,-4927.27,-1901.321,-4783.472,5.42,-2.121,-4.658,31.17,LISTENING
48220.0,-4922.827,-1903.056,-4787.287,5.424,-2.119,-4.653,31.17,SENSING
48220.0,-4922.827,-1903.056,-4787.287,5.424,-2.119,-4.653,31.17,LISTENING
48220.0,-4922.827,-1903.056,-4787.287,5.424,-2.119,-4.653,31.17,SENSING
48220.0,-4922.827,-1903.056,-4787.287,5.424,-2.119,-4.653,31.17,LISTENING
48233.85,-4847.24,-1932.148,-4851.194,5.499,-2.09,-4.58,31.17,SENSING
48233.85,-4847.24,-1932.148,-4851.194,5.499,-2.09,-4.58,31.17,LISTENING
48240.0,-4813.347,-1944.936,-4879.243,5.531,-2.076,-4.547,31.17,SENSING
48240.0,-4813.347,-1944.936,-4879.243,5.531,-2.076,-4.547,31.17,LISTENING
48251.45,-4749.712,-1968.529,-4930.924,5.592,-2.052,-4.485,31.17,SENSING
48251.45,-4749.712,-1968.529,-4930.924,5.592,-2.052,-4.485,31.17,LISTENING
48260.0,-4701.747,-1985.962,-4969.051,5.636,-2.033,-4.438,31.17,SENSING
48260.0,-4701.747,-1985.962,-4969.051,5.636,-2.033,-4.438,31.17,LISTENING
48260.0,-4701.747,-1985.962,-4969.051,5.636,-2.033,-4.438,31.17,SENSING
48260.0,-4701.747,-1985.962,-4969.051,5.636,-2.033,-4.438,31.17,LISTENING
48266.97,-4662.365,-2000.055,-4999.836,5.672,-2.018,-4.4,31.17,SENSING
48266.97,-4662.365,-2000.055,-4999.836,5.672,-2.018,-4.4,31.17,LISTENING
48270.0,-4645.167,-2006.149,-5013.136,5.688,-2.011,-4.383,31.17,SENSING
48270.0,-4645.167,-2006.149,-5013.136,5.688,-2.011,-4.383,31.17,LISTENING
48280.0,-4588.076,-2026.115,-5056.669,5.739,-1.989,-4.328,31.17,SENSING
48280.0,-4588.076,-2026.115,-5056.669,5.739,-1.989,-4.328,31.17,LISTENING
48291.19,-4523.592,-2048.193,-5104.721,5.795,-1.964,-4.265,31.17,SENSING
48291.19,-4523.592,-2048.193,-5104.721,5.795,-1.964,-4.265,31.17,LISTENING
48295.53,-4498.413,-2056.68,-5123.169,5.816,-1.954,-4.241,31.17,SENSING
48295.53,-4498.413,-2056.68,-5123.169,5.816,-1.954,-4.241,31.17,LISTENING
48300.0,-4472.383,-2065.377,-5142.058,5.838,-1.944,-4.215,31.17,SENSING
48300.0,-4472.383,-2065.377,-5142.058,5.838,-1.944,-4.215,31.17,LISTENING
48300.0,-4472.383,-2065.377,-5142.058,5.838,-1.944,-4.215,31.17,SENSING
48300.0,-4472.383,-2065.377,-5142.058,5.838,-1.944,-4.215,31.17,LISTENING
48300.0,-4472.383,-2065.377,-5142.058,5.838,-1.944,-4.215,31.17,SENSING
48300.0,-4472.383,-2065.377,-5142.058,5.838,-1.944,-4.215,31.17,MESSAGING
48300.0,-4472.383,-2065.377,-5142.058,5.838,-1.944,-4.215,31.17,SENSING
48300.0,-4472.383,-2065.377,-5142.058,5.838,-1.944,-4.215,31.17,LISTENING
48300.0,-4472.383,-2065.377,-5142.058,5.838,-1.944,-4.215,31.17,SENSING
48300.0,-4472.383,-2065.377,-5142.058,5.838,-1.944,-4.215,31.17,LISTENING
48300.0,-4472.383,-2065.377,-5142.058,5.838,-1.944,-4.215,31.17,SENSING
48300.0,-4472.383,-2065.377,-5142.058,5.838,-1.944,-4.215,31.17,LISTENING
48306.34,-4435.294,-2077.635,-5168.654,5.87,-1.93,-4.179,31.17,SENSING
48306.34,-4435.294,-2077.635,-5168.654,5.87,-1.93,-4.179,31.17,LISTENING
48310.0,-4413.794,-2084.669,-5183.904,5.887,-1.921,-4.158,31.17,SENSING
48310.0,-4413.794,-2084.669,-5183.904,5.887,-1.921,-4.158,31.17,LISTENING
48312.13,-4401.252,-2088.748,-5192.743,5.898,-1.916,-4.146,31.17,SENSING
48312.13,-4401.252,-2088.748,-5192.743,5.898,-1.916,-4.146,31.17,LISTENING
48317.33,-4370.539,-2098.664,-5214.214,5.923,-1.904,-4.116,31.17,SENSING
48317.33,-4370.539,-2098.664,-5214.214,5.923,-1.904,-4.116,31.17,LISTENING
48320.0,-4354.719,-2103.731,-5225.178,5.936,-1.898,-4.101,31.17,SENSING
48320.0,-4354.719,-2103.731,-5225.178,5.936,-1.898,-4.101,31.17,LISTENING
48320.0,-4354.719,-2103.731,-5225.178,5.936,-1.898,-4.101,31.17,SENSING
48320.0,-4354.719,-2103.731,-5225.178,5.936,-1.898,-4.101,31.17,LISTENING
48330.0,-4295.163,-2122.562,-5265.876,5.984,-1.875,-4.043,31.17,SENSING
48330.0,-4295.163,-2122.562,-5265.876,5.984,-1.875,-4.043,31.17,LISTENING
48332.9,-4277.803,-2127.979,-5277.57,5.997,-1.868,-4.026,31.17,SENSING
48332.9,-4277.803,-2127.979,-5277.57,5.997,-1.868,-4.026,31.17,LISTENING
48340.0,-4235.133,-2141.159,-5305.993,6.031,-1.851,-3.985,31.17,SENSING
48340.0,-4235.133,-2141.159,-5305.993,6.031,-1.851,-3.985,31.17,LISTENING
48347.08,-4192.349,-2154.184,-5334.042,6.064,-1.834,-3.943,31.17,SENSING
48347.08,-4192.349,-2154.184,-5334.042,6.064,-1.834,-3.943,31.17,LISTENING
48350.0,-4174.636,-2159.521,-5345.524,6.077,-1.828,-3.926,31.17,SENSING
48350.0,-4174.636,-2159.521,-5345.524,6.077,-1.828,-3.926,31.17,LISTENING
48350.0,-4174.636,-2159.521,-5345.524,6.077,-1.828,-3.926,31.17,SENSING
48350.0,-4174.636,-2159.521,-5345.524,6.077,-1.828,-3.926,31.17,LISTENING
48356.18,-4137.019,-2170.75,-5369.66,6.106,-1.813,-3.889,31.17,SENSING
48356.18,-4137.019,-2170.75,-5369.66,6.106,-1.813,-3.889,31.17,LISTENING
48360.0,-4113.679,-2177.645,-5384.465,6.123,-1.804,-3.866,31.17,SENSING
48360.0,-4113.679,-2177.645,-5384.465,6.123,-1.804,-3.866,31.17,LISTENING
48370.0,-4052.267,-2195.529,-5422.811,6.168,-1.779,-3.807,31.17,SENSING
48370.0,-4052.267,-2195.529,-5422.811,6.168,-1.779,-3.807,31.17,LISTENING
48380.0,-3990.408,-2213.171,-5460.559,6.212,-1.755,-3.747,31.17,SENSING
48380.0,-3990.408,-2213.171,-5460.559,6.212,-1.755,-3.747,31.17,LISTENING
48386.89,-3947.53,-2225.185,-5486.216,6.243,-1.738,-3.705,31.17,SENSING
48386.89,-3947.53,-2225.185,-5486.216,6.243,-1.738,-3.705,31.17,LISTENING
48390.0,-3928.108,-2230.569,-5497.703,6.256,-1.731,-3.686,31.17,SENSING
48390.0,-3928.108,-2230.569,-5497.703,6.256,-1.731,-3.686,31.17,LISTENING
48393.91,-3903.63,-2237.305,-5512.061,6.273,-1.721,-3.662,31.17,SENSING
48393.91,-3903.63,-2237.305,-5512.061,6.273,-1.721,-3.662,31.17,LISTENING
48399.13,-3870.849,-2246.239,-5531.084,6.296,-1.708,-3.63,31.17,SENSING
48399.13,-3870.849,-2246.239,-5531.084,6.296,-1.708,-3.63,31.17,LISTENING
48410.0,-3802.213,-2264.626,-5570.163,6.342,-1.681,-3.564,31.17,SENSING
48410.0,-3802.213,-2264.626,-5570.163,6.342,-1.681,-3.564,31.17,LISTENING
48410.0,-3802.213,-2264.626,-5570.163,6.342,-1.681,-3.564,31.17,SENSING
48410.0,-3802.213,-2264.626,-5570.163,6.342,-1.681,-3.564,31.17,LISTENING
48416.06,-3763.732,-2274.749,-5591.634,6.367,-1.666,-3.526,31.17,SENSING
48416.06,-3763.732,-2274.749,-5591.634,6.367,-1.666,-3.526,31.17,LISTENING
48416.55,-3760.614,-2275.563,-5593.36,6.369,-1.665,-3.523,31.17,SENSING
48416.55,-3760.614,-2275.563,-5593.36,6.369,-1.665,-3.523,31.17,LISTENING
48420.0,-3738.632,-2281.281,-5605.471,6.383,-1.656,-3.502,31.17,SENSING
48420.0,-3738.632,-2281.281,-5605.471,6.383,-1.656,-3.502,31.17,LISTENING
48420.0,-3738.632,-2281.281,-5605.471,6.383,-1.656,-3.502,31.17,SENSING
48420.0,-3738.632,-2281.281,-5605.471,6.383,-1.656,-3.502,31.17,LISTENING
48420.0,-3738.632,-2281.281,-5605.471,6.383,-1.656,-3.502,31.17,SENSING
48420.0,-3738.632,-2281.281,-5605.471,6.383,-1.656,-3.502,31.17,MESSAGING
48420.0,-3738.632,-2281.281,-5605.471,6.383,-1.656,-3.502,31.17,SENSING
48420.0,-3738.632,-2281.281,-5605.471,6.383,-1.656,-3.502,31.17,LISTENING
48420.0,-3738.632,-2281.281,-5605.471,6.383,-1.656,-3.502,31.17,SENSING
48420.0,-3738.632,-2281.281,-5605.471,6.383,-1.656,-3.502,31.17,LISTENING
48430.0,-3674.637,-2297.684,-5640.16,6.424,-1.631,-3.439,31.17,SENSING
48430.0,-3674.637,-2297.684,-5640.16,6.424,-1.631,-3.439,31.17,LISTENING
48440.0,-3610.236,-2313.834,-5674.224,6.465,-1.605,-3.377,31.17,SENSING
48440.0,-3610.236,-2313.834,-5674.224,6.465,-1.605,-3.377,31.17,LISTENING
48451.84,-3533.469,-2332.625,-5713.744,6.512,-1.575,-3.302,31.17,SENSING
48451.84,-3533.469,-2332.625,-5713.744,6.512,-1.575,-3.302,31.17,LISTENING
48460.0,-3480.242,-2345.365,-5740.464,6.543,-1.553,-3.25,31.17,SENSING
48460.0,-3480.242,-2345.365,-5740.464,6.543,-1.553,-3.25,31.17,LISTENING
48460.0,-3480.242,-2345.365,-5740.464,6.543,-1.553,-3.25,31.17,SENSING
48460.0,-3480.242,-2345.365,-5740.464,6.543,-1.553,-3.25,31.17,LISTENING
48480.82,-3343.283,-2377.088,-5806.719,6.622,-1.499,-3.117,31.17,SENSING
48480.82,-3343.283,-2377.088,-5806.719,6.622,-1.499,-3.117,31.17,LISTENING
48497.96,-3229.324,-2402.351,-5859.172,6.684,-1.454,-3.006,31.17,SENSING
48497.96,-3229.324,-2402.351,-5859.172,6.684,-1.454,-3.006,31.17,LISTENING
48500.0,-3215.69,-2405.306,-5865.288,6.692,-1.448,-2.993,31.17,SENSING
48500.0,-3215.69,-2405.306,-5865.288,6.692,-1.448,-2.993,31.17,LISTENING
48510.0,-3148.643,-2419.63,-5894.877,6.727,-1.422,-2.928,31.17,SENSING
48510.0,-3148.643,-2419.63,-5894.877,6.727,-1.422,-2.928,31.17,LISTENING
48530.0,-3013.509,-2447.475,-5952.091,6.795,-1.368,-2.796,31.17,SENSING
48530.0,-3013.509,-2447.475,-5952.091,6.795,-1.368,-2.796,31.17,LISTENING
48540.0,-2945.438,-2460.992,-5979.708,6.829,-1.34,-2.73,31.17,SENSING
48540.0,-2945.438,-2460.992,-5979.708,6.829,-1.34,-2.73,31.17,LISTENING
48541.69,-2933.901,-2463.249,-5984.31,6.834,-1.336,-2.719,31.17,SENSING
48541.69,-2933.901,-2463.249,-5984.31,6.834,-1.336,-2.719,31.17,LISTENING
48550.0,-2877.039,-2474.236,-6006.663,6.861,-1.313,-2.664,31.17,SENSING
48550.0,-2877.039,-2474.236,-6006.663,6.861,-1.313,-2.664,31.17,LISTENING
48550.0,-2877.039,-2474.236,-6006.663,6.861,-1.313,-2.664,31.17,SENSING
48550.0,-2877.039,-2474.236,-6006.663,6.861,-1.313,-2.664,31.17,LISTENING
48550.0,-2877.039,-2474.236,-6006.663,6.861,-1.313,-2.664,31.17,SENSING
48550.0,-2877.039,-2474.236,-6006.663,6.861,-1.313,-2.664,31.17,MESSAGING
48550.0,-2877.039,-2474.236,-6006.663,6.861,-1.313,-2.664,31.17,SENSING
48550.0,-2877.039,-2474.236,-6006.663,6.861,-1.313,-2.664,31.17,LISTENING
48550.0,-2877.039,-2474.236,-6006.663,6.861,-1.313,-2.664,31.17,SENSING
48550.0,-2877.039,-2474.236,-6006.663,6.861,-1.313,-2.664,31.17,LISTENING
48550.0,-2877.039,-2474.236,-6006.663,6.861,-1.313,-2.664,31.17,SENSING
48550.0,-2877.039,-2474.236,-6006.663,6.861,-1.313,-2.664,31.17,LISTENING
48560.0,-2808.321,-2487.207,-6032.95,6.892,-1.286,-2.597,31.17,SENSING
48560.0,-2808.321,-2487.207,-6032.95,6.892,-1.286,-2.597,31.17,LISTENING
48567.34,-2757.683,-2496.552,-6051.819,6.915,-1.265,-2.547,31.17,SENSING
48567.34,-2757.683,-2496.552,-6051.819,6.915,-1.265,-2.547,31.17,LISTENING
48570.0,-2739.291,-2499.902,-6058.567,6.923,-1.258,-2.529,31.17,SENSING
48570.0,-2739.291,-2499.902,-6058.567,6.923,-1.258,-2.529,31.17,LISTENING
48580.0,-2669.957,-2512.32,-6083.511,6.953,-1.23,-2.462,31.17,SENSING
48580.0,-2669.957,-2512.32,-6083.511,6.953,-1.23,-2.462,31.17,LISTENING
48586.0,-2628.214,-2519.637,-6098.154,6.971,-1.213,-2.421,31.17,SENSING
48586.0,-2628.214,-2519.637,-6098.154,6.971,-1.213,-2.421,31.17,LISTENING
48590.0,-2600.327,-2524.46,-6107.78,6.983,-1.202,-2.394,31.17,SENSING
48590.0,-2600.327,-2524.46,-6107.78,6.983,-1.202,-2.394,31.17,LISTENING
48600.0,-2530.407,-2536.32,-6131.369,7.011,-1.174,-2.326,31.17,SENSING
48600.0,-2530.407,-2536.32,-6131.369,7.011,-1.174,-2.326,31.17,LISTENING
48604.09,-2501.729,-2541.089,-6140.821,7.023,-1.162,-2.298,31.17,SENSING
48604.09,-2501.729,-2541.089,-6140.821,7.023,-1.162,-2.298,31.17,LISTENING
48610.0,-2460.207,-2547.898,-6154.276,7.039,-1.146,-2.258,31.17,SENSING
48610.0,-2460.207,-2547.898,-6154.276,7.039,-1.146,-2.258,31.17,LISTENING
48620.0,-2389.732,-2559.194,-6176.5,7.066,-1.117,-2.189,31.17,SENSING
48620.0,-2389.732,-2559.194,-6176.5,7.066,-1.117,-2.189,31.17,LISTENING
48629.69,-2321.189,-2569.869,-6197.378,7.091,-1.09,-2.122,31.17,SENSING
48629.69,-2321.189,-2569.869,-6197.378,7.091,-1.09,-2.122,31.17,LISTENING
48659.08,-2111.844,-2600.604,-6256.733,7.164,-1.005,-1.919,31.17,SENSING
48659.08,-2111.844,-2600.604,-6256.733,7.164,-1.005,-1.919,31.17,LISTENING
48670.0,-2033.532,-2611.389,-6277.256,7.189,-0.973,-1.842,31.17,SENSING
48670.0,-2033.532,-2611.389,-6277.256,7.189,-0.973,-1.842,31.17,LISTENING
48670.0,-2033.532,-2611.389,-6277.256,7.189,-0.973,-1.842,31.17,SENSING
48670.0,-2033.532,-2611.389,-6277.256,7.189,-0.973,-1.842,31.17,LISTENING
48680.0,-1961.581,-2620.963,-6295.319,7.211,-0.944,-1.772,31.17,SENSING
48680.0,-1961.581,-2620.963,-6295.319,7.211,-0.944,-1.772,31.17,LISTENING
48695.0,-1853.247,-2634.776,-6321.096,7.243,-0.9,-1.667,31.17,SENSING
48695.0,-1853.247,-2634.776,-6321.096,7.243,-0.9,-1.667,31.17,LISTENING
48700.0,-1817.031,-2639.234,-6329.337,7.253,-0.886,-1.631,31.17,SENSING
48700.0,-1817.031,-2639.234,-6329.337,7.253,-0.886,-1.631,31.17,LISTENING
48703.15,-1794.189,-2642.005,-6334.438,7.26,-0.876,-1.609,31.17,SENSING
48703.15,-1794.189,-2642.005,-6334.438,7.26,-0.876,-1.609,31.17,LISTENING
48710.0,-1744.448,-2647.93,-6345.288,7.273,-0.856,-1.561,31.17,SENSING
48710.0,-1744.448,-2647.93,-6345.288,7.273,-0.856,-1.561,31.17,LISTENING
48736.54,-1550.892,-2669.578,-6384.185,7.322,-0.778,-1.372,31.17,SENSING
48736.54,-1550.892,-2669.578,-6384.185,7.322,-0.778,-1.372,31.17,LISTENING
48750.0,-1452.253,-2679.758,-6401.995,7.345,-0.737,-1.276,31.17,SENSING
48750.0,-1452.253,-2679.758,-6401.995,7.345,-0.737,-1.276,31.17,LISTENING
48755.56,-1411.42,-2683.805,-6408.974,7.354,-0.721,-1.236,31.17,SENSING
48755.56,-1411.42,-2683.805,-6408.974,7.354,-0.721,-1.236,31.17,LISTENING
48763.86,-1350.375,-2689.675,-6418.98,7.366,-0.696,-1.176,31.17,SENSING
48763.86,-1350.375,-2689.675,-6418.98,7.366,-0.696,-1.176,31.17,LISTENING
48770.0,-1305.15,-2693.884,-6426.065,7.376,-0.677,-1.132,31.17,SENSING
48770.0,-1305.15,-2693.884,-6426.065,7.376,-0.677,-1.132,31.17,LISTENING
48770.0,-1305.15,-2693.884,-6426.065,7.376,-0.677,-1.132,31.17,SENSING
48770.0,-1305.15,-2693.884,-6426.065,7.376,-0.677,-1.132,31.17,LISTENING
48780.0,-1231.375,-2700.497,-6437.023,7.39,-0.647,-1.06,31.17,SENSING
48780.0,-1231.375,-2700.497,-6437.023,7.39,-0.647,-1.06,31.17,LISTENING
48780.0,-1231.375,-2700.497,-6437.023,7.39,-0.647,-1.06,31.17,SENSING
48780.0,-1231.375,-2700.497,-6437.023,7.39,-0.647,-1.06,31.17,LISTENING
48790.0,-1157.463,-2706.81,-6447.262,7.403,-0.617,-0.988,31.17,SENSING
48790.0,-1157.463,-2706.81,-6447.262,7.403,-0.617,-0.988,31.17,LISTENING
48887.88,-428.462,-2752.544,-6509.233,7.49,-0.318,-0.277,31.17,SENSING
48887.88,-428.462,-2752.544,-6509.233,7.49,-0.318,-0.277,31.17,LISTENING
48900.0,-337.714,-2756.164,-6512.053,7.495,-0.28,-0.188,31.17,SENSING
48900.0,-337.714,-2756.164,-6512.053,7.495,-0.28,-0.188,31.17,LISTENING
48907.4,-282.279,-2758.152,-6513.247,7.498,-0.257,-0.134,31.17,SENSING
48907.4,-282.279,-2758.152,-6513.247,7.498,-0.257,-0.134,31.17,LISTENING
48910.0,-262.797,-2758.81,-6513.572,7.499,-0.249,-0.115,31.17,SENSING
48910.0,-262.797,-2758.81,-6513.572,7.499,-0.249,-0.115,31.17,LISTENING
48910.0,-262.797,-2758.81,-6513.572,7.499,-0.249,-0.115,31.17,SENSING
48910.0,-262.797,-2758.81,-6513.572,7.499,-0.249,-0.115,31.17,LISTENING
48915.53,-221.354,-2760.141,-6514.097,7.5,-0.232,-0.075,31.17,SENSING
48915.53,-221.354,-2760.141,-6514.097,7.5,-0.232,-0.075,31.17,LISTENING
48920.0,-187.85,-2761.147,-6514.359,7.501,-0.218,-0.042,31.17,SENSING
48920.0,-187.85,-2761.147,-6514.359,7.501,-0.218,-0.042,31.17,LISTENING
48920.0,-187.85,-2761.147,-6514.359,7.501,-0.218,-0.042,31.17,SENSING
48920.0,-187.85,-2761.147,-6514.359,7.501,-0.218,-0.042,31.17,LISTENING
48930.0,-112.883,-2763.175,-6514.414,7.503,-0.187,0.031,31.17,SENSING
48930.0,-112.883,-2763.175,-6514.414,7.503,-0.187,0.031,31.17,LISTENING
48940.0,-37.902,-2764.893,-6513.738,7.504,-0.156,0.104,31.17,SENSING
48940.0,-37.902,-2764.893,-6513.738,7.504,-0.156,0.104,31.17,LISTENING
48962.04,127.357,-2767.585,-6509.663,7.503,-0.088,0.266,31.17,SENSING
48962.04,127.357,-2767.585,-6509.663,7.503,-0.088,0.266,31.17,LISTENING
48970.0,187.03,-2768.187,-6507.318,7.501,-0.063,0.324,31.17,SENSING
48970.0,187.03,-2768.187,-6507.318,7.501,-0.063,0.324,31.17,LISTENING
48970.0,187.03,-2768.187,-6507.318,7.501,-0.063,0.324,31.17,SENSING
48970.0,187.03,-2768.187,-6507.318,7.501,-0.063,0.324,31.17,LISTENING
48975.53,228.479,-2768.489,-6505.415,7.5,-0.046,0.364,31.17,SENSING
48975.53,228.479,-2768.489,-6505.415,7.5,-0.046,0.364,31.17,LISTENING
48980.0,261.977,-2768.664,-6503.713,7.499,-0.032,0.397,31.17,SENSING
48980.0,261.977,-2768.664,-6503.713,7.499,-0.032,0.397,31.17,LISTENING
48980.0,261.977,-2768.664,-6503.713,7.499,-0.032,0.397,31.17,SENSING
48980.0,261.977,-2768.664,-6503.713,7.499,-0.032,0.397,31.17,LISTENING
48985.13,300.414,-2768.789,-6501.58,7.497,-0.016,0.435,31.17,SENSING
48985.13,300.414,-2768.789,-6501.58,7.497,-0.016,0.435,31.17,LISTENING
48990.0,336.894,-2768.831,-6499.377,7.495,-0.001,0.47,31.17,SENSING
48990.0,336.894,-2768.831,-6499.377,7.495,-0.001,0.47,31.17,LISTENING
48990.0,336.894,-2768.831,-6499.377,7.495,-0.001,0.47,31.17,SENSING
48990.0,336.894,-2768.831,-6499.377,7.495,-0.001,0.47,31.17,LISTENING
49017.29,541.126,-2767.704,-6483.824,7.482,0.084,0.67,31.17,SENSING
49017.29,541.126,-2767.704,-6483.824,7.482,0.084,0.67,31.17,LISTENING
49030.0,636.1,-2766.388,-6474.722,7.473,0.124,0.763,31.17,SENSING
49030.0,636.1,-2766.388,-6474.722,7.473,0.124,0.763,31.17,LISTENING
49094.94,1119.179,-2751.832,-6409.858,7.409,0.326,1.235,31.17,SENSING
49094.94,1119.179,-2751.832,-6409.858,7.409,0.326,1.235,31.17,LISTENING
49110.0,1230.531,-2746.587,-6390.444,7.389,0.372,1.344,31.17,SENSING
49110.0,1230.531,-2746.587,-6390.444,7.389,0.372,1.344,31.17,LISTENING
49195.94,1859.075,-2703.266,-6248.48,7.239,0.637,1.959,31.17,SENSING
49195.94,1859.075,-2703.266,-6248.48,7.239,0.637,1.959,31.17,LISTENING
49210.0,1960.566,-2694.022,-6220.248,7.208,0.68,2.059,31.17,SENSING
49210.0,1960.566,-2694.022,-6220.248,7.208,0.68,2.059,31.17,LISTENING
49224.26,2063.053,-2684.032,-6190.191,7.176,0.724,2.159,31.17,SENSING
49224.26,2063.053,-2684.032,-6190.191,7.176,0.724,2.159,31.17,LISTENING
49230.0,2104.173,-2679.836,-6177.689,7.162,0.741,2.199,31.17,SENSING
49230.0,2104.173,-2679.836,-6177.689,7.162,0.741,2.199,31.17,LISTENING
49243.06,2197.437,-2669.918,-6148.384,7.13,0.781,2.291,31.17,SENSING
49243.06,2197.437,-2669.918,-6148.384,7.13,0.781,2.291,31.17,LISTENING
49250.0,2246.826,-2664.438,-6132.327,7.113,0.802,2.339,31.17,SENSING
49250.0,2246.826,-2664.438,-6132.327,7.113,0.802,2.339,31.17,LISTENING
49250.0,2246.826,-2664.438,-6132.327,7.113,0.802,2.339,31.17,SENSING
49250.0,2246.826,-2664.438,-6132.327,7.113,0.802,2.339,31.17,LISTENING
49257.32,2298.785,-2658.5,-6115.029,7.094,0.824,2.39,31.17,SENSING
49257.32,2298.785,-2658.5,-6115.029,7.094,0.824,2.39,31.17,LISTENING
49264.57,2350.11,-2652.46,-6097.528,7.075,0.846,2.44,31.17,SENSING
49264.57,2350.11,-2652.46,-6097.528,7.075,0.846,2.44,31.17,LISTENING
49270.0,2388.459,-2647.833,-6084.183,7.06,0.862,2.478,31.17,SENSING
49270.0,2388.459,-2647.833,-6084.183,7.06,0.862,2.478,31.17,LISTENING
49280.0,2458.873,-2639.081,-6059.073,7.033,0.892,2.547,31.17,SENSING
49280.0,2458.873,-2639.081,-6059.073,7.033,0.892,2.547,31.17,LISTENING
49280.0,2458.873,-2639.081,-6059.073,7.033,0.892,2.547,31.17,SENSING
49280.0,2458.873,-2639.081,-6059.073,7.033,0.892,2.547,31.17,LISTENING
49290.0,2529.007,-2630.029,-6033.276,7.004,0.922,2.615,31.17,SENSING
49290.0,2529.007,-2630.029,-6033.276,7.004,0.922,2.615,31.17,LISTENING
49300.0,2598.855,-2620.68,-6006.793,6.975,0.952,2.684,31.17,SENSING
49300.0,2598.855,-2620.68,-6006.793,6.975,0.952,2.684,31.17,LISTENING
49304.84,2632.556,-2616.048,-5993.729,6.961,0.966,2.717,31.17,SENSING
49304.84,2632.556,-2616.048,-5993.729,6.961,0.966,2.717,31.17,LISTENING
49310.0,2668.408,-2611.034,-5979.627,6.945,0.981,2.752,31.17,SENSING
49310.0,2668.408,-2611.034,-5979.627,6.945,0.981,2.752,31.17,LISTENING
49310.0,2668.408,-2611.034,-5979.627,6.945,0.981,2.752,31.17,SENSING
49310.0,2668.408,-2611.034,-5979.627,6.945,0.981,2.752,31.17,LISTENING
49396.13,3254.08,-2515.81,-5717.836,6.655,1.233,3.326,31.17,SENSING
49396.13,3254.08,-2515.81,-5717.836,6.655,1.233,3.326,31.17,LISTENING
49400.0,3279.787,-2511.027,-5704.922,6.64,1.244,3.351,31.17,SENSING
49400.0,3279.787,-2511.027,-5704.922,6.64,1.244,3.351,31.17,LISTENING
49400.0,3279.787,-2511.027,-5704.922,6.64,1.244,3.351,31.17,SENSING
49400.0,3279.787,-2511.027,-5704.922,6.64,1.244,3.351,31.17,LISTENING
49410.0,3345.954,-2498.471,-5671.103,6.602,1.272,3.416,31.17,SENSING
49410.0,3345.954,-2498.471,-5671.103,6.602,1.272,3.416,31.17,LISTENING
49420.79,3416.919,-2484.605,-5633.887,6.561,1.303,3.486,31.17,SENSING
49420.79,3416.919,-2484.605,-5633.887,6.561,1.303,3.486,31.17,LISTENING
49470.0,3734.679,-2417.221,-5454.744,6.36,1.44,3.797,31.17,SENSING
49470.0,3734.679,-2417.221,-5454.744,6.36,1.44,3.797,31.17,LISTENING
49488.65,3852.458,-2389.931,-5382.883,6.279,1.492,3.913,31.17,SENSING
49488.65,3852.458,-2389.931,-5382.883,6.279,1.492,3.913,31.17,LISTENING
49540.0,4168.694,-2309.93,-5174.061,6.044,1.629,4.223,31.17,SENSING
49540.0,4168.694,-2309.93,-5174.061,6.044,1.629,4.223,31.17,LISTENING
49540.0,4168.694,-2309.93,-5174.061,6.044,1.629,4.223,31.17,SENSING
49540.0,4168.694,-2309.93,-5174.061,6.044,1.629,4.223,31.17,LISTENING
49613.35,4598.388,-2183.667,-4848.874,5.675,1.818,4.644,31.17,SENSING
49613.35,4598.388,-2183.667,-4848.874,5.675,1.818,4.644,31.17,LISTENING
49640.0,4747.629,-2134.425,-4723.216,5.532,1.884,4.79,31.17,SENSING
49640.0,4747.629,-2134.425,-4723.216,5.532,1.884,4.79,31.17,LISTENING
49640.0,4747.629,-2134.425,-4723.216,5.532,1.884,4.79,31.17,SENSING
49640.0,4747.629,-2134.425,-4723.216,5.532,1.884,4.79,31.17,LISTENING
49646.78,4784.985,-2121.619,-4690.63,5.495,1.901,4.827,31.17,SENSING
49646.78,4784.985,-2121.619,-4690.63,5.495,1.901,4.827,31.17,LISTENING
49660.0,4857.097,-2096.33,-4626.382,5.422,1.933,4.898,31.17,SENSING
49660.0,4857.097,-2096.33,-4626.382,5.422,1.933,4.898,31.17,LISTENING
49673.02,4927.167,-2071.013,-4562.199,5.349,1.964,4.966,31.17,SENSING
49673.02,4927.167,-2071.013,-4562.199,5.349,1.964,4.966,31.17,LISTENING
49680.0,4964.338,-2057.275,-4527.424,5.309,1.98,5.003,31.17,SENSING
49680.0,4964.338,-2057.275,-4527.424,5.309,1.98,5.003,31.17,LISTENING
49686.25,4997.386,-2044.876,-4496.072,5.274,1.995,5.035,31.17,SENSING
49686.25,4997.386,-2044.876,-4496.072,5.274,1.995,5.035,31.17,LISTENING
49690.0,5017.107,-2037.393,-4477.163,5.252,2.004,5.054,31.17,SENSING
49690.0,5017.107,-2037.393,-4477.163,5.252,2.004,5.054,31.17,LISTENING
49700.26,5070.65,-2016.752,-4425.062,5.193,2.028,5.107,31.17,SENSING
49700.26,5070.65,-2016.752,-4425.062,5.193,2.028,5.107,31.17,LISTENING
49740.0,5272.195,-1934.529,-4218.265,4.956,2.118,5.304,31.17,SENSING
49740.0,5272.195,-1934.529,-4218.265,4.956,2.118,5.304,31.17,LISTENING
49748.36,5313.388,-1916.782,-4173.774,4.906,2.136,5.345,31.17,SENSING
49748.36,5313.388,-1916.782,-4173.774,4.906,2.136,5.345,31.17,LISTENING
49760.0,5370.032,-1891.815,-4111.271,4.834,2.162,5.4,31.17,SENSING
49760.0,5370.032,-1891.815,-4111.271,4.834,2.162,5.4,31.17,LISTENING
49766.55,5401.54,-1877.637,-4075.817,4.793,2.176,5.431,31.17,SENSING
49766.55,5401.54,-1877.637,-4075.817,4.793,2.176,5.431,31.17,LISTENING
49770.0,5418.028,-1870.131,-4057.062,4.772,2.183,5.447,31.17,SENSING
49770.0,5418.028,-1870.131,-4057.062,4.772,2.183,5.447,31.17,LISTENING
49779.12,5461.257,-1850.169,-4007.216,4.715,2.203,5.489,31.17,SENSING
49779.12,5461.257,-1850.169,-4007.216,4.715,2.203,5.489,31.17,LISTENING
49800.0,5558.256,-1803.803,-3891.66,4.583,2.247,5.584,31.17,SENSING
49800.0,5558.256,-1803.803,-3891.66,4.583,2.247,5.584,31.17,LISTENING
49815.31,5627.611,-1769.231,-3805.687,4.484,2.278,5.652,31.17,SENSING
49815.31,5627.611,-1769.231,-3805.687,4.484,2.278,5.652,31.17,LISTENING
49820.0,5648.554,-1758.545,-3779.144,4.454,2.288,5.673,31.17,SENSING
49820.0,5648.554,-1758.545,-3779.144,4.454,2.288,5.673,31.17,LISTENING
49830.0,5692.732,-1735.611,-3722.23,4.388,2.308,5.716,31.17,SENSING
49830.0,5692.732,-1735.611,-3722.23,4.388,2.308,5.716,31.17,LISTENING
49870.0,5862.838,-1641.911,-3490.354,4.122,2.385,5.882,31.17,SENSING
49870.0,5862.838,-1641.911,-3490.354,4.122,2.385,5.882,31.17,MEASURING
49870.0,5862.838,-1641.911,-3490.354,4.122,2.385,5.882,31.17,SENSING
49870.0,5862.838,-1641.911,-3490.354,4.122,2.385,5.882,31.17,LISTENING
49890.0,5943.86,-1593.918,-3371.977,3.986,2.423,5.961,31.17,SENSING
49890.0,5943.86,-1593.918,-3371.977,3.986,2.423,5.961,31.17,MEASURING
49890.0,5943.86,-1593.918,-3371.977,3.986,2.423,5.961,31.17,SENSING
49890.0,5943.86,-1593.918,-3371.977,3.986,2.423,5.961,31.17,LISTENING
49977.44,6265.448,-1375.78,-2836.908,3.37,2.572,6.275,31.17,SENSING
49977.44,6265.448,-1375.78,-2836.908,3.37,2.572,6.275,31.17,MANEUVERING
49977.44,6265.448,-1375.78,-2836.908,3.37,2.572,6.275,31.17,LISTENING
50040.0,6461.797,-1212.17,-2438.457,2.91,2.666,6.465,-31.39,MANEUVERING
50040.0,6461.797,-1212.17,-2438.457,2.91,2.666,6.465,-31.39,SENSING
50040.0,6461.797,-1212.17,-2438.457,2.91,2.666,6.465,-31.39,MEASURING
50040.0,6461.797,-1212.17,-2438.457,2.91,2.666,6.465,-31.39,SENSING
50040.0,6461.797,-1212.17,-2438.457,2.91,2.666,6.465,-31.39,LISTENING
50080.45,6573.268,-1103.427,-2174.848,2.605,2.72,6.573,-31.39,SENSING
50080.45,6573.268,-1103.427,-2174.848,2.605,2.72,6.573,-31.39,LISTENING
50100.0,6622.704,-1050.111,-2045.937,2.456,2.744,6.621,-31.39,SENSING
50100.0,6622.704,-1050.111,-2045.937,2.456,2.744,6.621,-31.39,LISTENING
50100.0,6622.704,-1050.111,-2045.937,2.456,2.744,6.621,-31.39,SENSING
50100.0,6622.704,-1050.111,-2045.937,2.456,2.744,6.621,-31.39,LISTENING
50130.0,6692.871,-967.405,-1846.384,2.225,2.779,6.688,-31.39,SENSING
50130.0,6692.871,-967.405,-1846.384,2.225,2.779,6.688,-31.39,LISTENING
50140.0,6714.718,-939.609,-1779.428,2.147,2.79,6.709,-31.39,SENSING
50140.0,6714.718,-939.609,-1779.428,2.147,2.79,6.709,-31.39,MEASURING
50140.0,6714.718,-939.609,-1779.428,2.147,2.79,6.709,-31.39,SENSING
50140.0,6714.718,-939.609,-1779.428,2.147,2.79,6.709,-31.39,LISTENING
50170.0,6775.59,-855.584,-1577.36,1.913,2.821,6.768,-31.39,SENSING
50170.0,6775.59,-855.584,-1577.36,1.913,2.821,6.768,-31.39,LISTENING
50180.0,6794.318,-827.373,-1509.629,1.835,2.831,6.785,-31.39,SENSING
50180.0,6794.318,-827.373,-1509.629,1.835,2.831,6.785,-31.39,LISTENING
50195.15,6821.193,-784.454,-1406.686,1.716,2.845,6.811,-31.39,SENSING
50195.15,6821.193,-784.454,-1406.686,1.716,2.845,6.811,-31.39,LISTENING
50210.0,6845.779,-742.183,-1305.419,1.598,2.858,6.834,-31.39,SENSING
50210.0,6845.779,-742.183,-1305.419,1.598,2.858,6.834,-31.39,LISTENING
50758.33,6515.421,858.47,2447.296,-2.767,2.821,6.462,-31.39,SENSING
50758.33,6515.421,858.47,2447.296,-2.767,2.821,6.462,-31.39,MANEUVERING
50758.33,6515.421,858.47,2447.296,-2.767,2.821,6.462,-31.39,LISTENING
50810.0,6362.565,1002.558,2777.05,-3.152,2.765,6.306,20.28,MANEUVERING
50810.0,6362.565,1002.558,2777.05,-3.152,2.765,6.306,20.28,SENSING
50810.0,6362.565,1002.558,2777.05,-3.152,2.765,6.306,20.28,MEASURING
50810.0,6362.565,1002.558,2777.05,-3.152,2.765,6.306,20.28,SENSING
50810.0,6362.565,1002.558,2777.05,-3.152,2.765,6.306,20.28,LISTENING
50900.11,6049.447,1246.218,3331.077,-3.797,2.648,5.988,20.28,SENSING
50900.11,6049.447,1246.218,3331.077,-3.797,2.648,5.988,20.28,MANEUVERING
50900.11,6049.447,1246.218,3331.077,-3.797,2.648,5.988,20.28,LISTENING
50938.32,5899.412,1346.159,3556.892,-4.06,2.591,5.836,-17.93,MANEUVERING
50938.32,5899.412,1346.159,3556.892,-4.06,2.591,5.836,-17.93,SENSING
50938.32,5899.412,1346.159,3556.892,-4.06,2.591,5.836,-17.93,MANEUVERING
50938.32,5899.412,1346.159,3556.892,-4.06,2.591,5.836,-17.93,LISTENING
50940.0,5892.586,1350.503,3566.686,-4.072,2.589,5.829,-19.61,MANEUVERING
50940.0,5892.586,1350.503,3566.686,-4.072,2.589,5.829,-19.61,SENSING
50940.0,5892.586,1350.503,3566.686,-4.072,2.589,5.829,-19.61,MEASURING
50940.0,5892.586,1350.503,3566.686,-4.072,2.589,5.829,-19.61,SENSING
50940.0,5892.586,1350.503,3566.686,-4.072,2.589,5.829,-19.61,LISTENING
50947.04,5863.773,1368.657,3607.601,-4.119,2.578,5.8,-19.61,SENSING
50947.04,5863.773,1368.657,3607.601,-4.119,2.578,5.8,-19.61,MANEUVERING
50947.04,5863.773,1368.657,3607.601,-4.119,2.578,5.8,-19.61,LISTENING
50960.0,5809.859,1401.872,3682.382,-4.206,2.557,5.746,-6.65,MANEUVERING
50960.0,5809.859,1401.872,3682.382,-4.206,2.557,5.746,-6.65,SENSING
50960.0,5809.859,1401.872,3682.382,-4.206,2.557,5.746,-6.65,MEASURING
50960.0,5809.859,1401.872,3682.382,-4.206,2.557,5.746,-6.65,SENSING
50960.0,5809.859,1401.872,3682.382,-4.206,2.557,5.746,-6.65,LISTENING
50966.33,5783.116,1417.997,3718.649,-4.249,2.547,5.719,-6.65,SENSING
50966.33,5783.116,1417.997,3718.649,-4.249,2.547,5.719,-6.65,MANEUVERING
50966.33,5783.116,1417.997,3718.649,-4.249,2.547,5.719,-6.65,LISTENING
50970.0,5767.49,1427.317,3739.597,-4.273,2.541,5.703,-10.32,MANEUVERING
50970.0,5767.49,1427.317,3739.597,-4.273,2.541,5.703,-10.32,SENSING
50970.0,5767.49,1427.317,3739.597,-4.273,2.541,5.703,-10.32,MEASURING
50970.0,5767.49,1427.317,3739.597,-4.273,2.541,5.703,-10.32,SENSING
50970.0,5767.49,1427.317,3739.597,-4.273,2.541,5.703,-10.32,LISTENING
50981.61,5717.468,1456.652,3805.484,-4.35,2.522,5.653,-10.32,SENSING
50981.61,5717.468,1456.652,3805.484,-4.35,2.522,5.653,-10.32,MANEUVERING
50981.61,5717.468,1456.652,3805.484,-4.35,2.522,5.653,-10.32,LISTENING
51000.0,5636.423,1502.657,3908.636,-4.47,2.49,5.571,-28.71,MANEUVERING
51000.0,5636.423,1502.657,3908.636,-4.47,2.49,5.571,-28.71,SENSING
51000.0,5636.423,1502.657,3908.636,-4.47,2.49,5.571,-28.71,MEASURING
51000.0,5636.423,1502.657,3908.636,-4.47,2.49,5.571,-28.71,SENSING
51000.0,5636.423,1502.657,3908.636,-4.47,2.49,5.571,-28.71,LISTENING
51006.0,5609.505,1517.541,3941.964,-4.509,2.48,5.544,-28.71,SENSING
51006.0,5609.505,1517.541,3941.964,-4.509,2.48,5.544,-28.71,MANEUVERING
51006.0,5609.505,1517.541,3941.964,-4.509,2.48,5.544,-28.71,LISTENING
51024.62,5524.498,1563.33,4044.346,-4.628,2.447,5.458,-10.09,MANEUVERING
51024.62,5524.498,1563.33,4044.346,-4.628,2.447,5.458,-10.09,SENSING
51024.62,5524.498,1563.33,4044.346,-4.628,2.447,5.458,-10.09,MANEUVERING
51024.62,5524.498,1563.33,4044.346,-4.628,2.447,5.458,-10.09,LISTENING
51030.0,5499.524,1576.446,4073.629,-4.662,2.437,5.433,-4.71,MANEUVERING
51030.0,5499.524,1576.446,4073.629,-4.662,2.437,5.433,-4.71,SENSING
51030.0,5499.524,1576.446,4073.629,-4.662,2.437,5.433,-4.71,MANEUVERING
51030.0,5499.524,1576.446,4073.629,-4.662,2.437,5.433,-4.71,LISTENING
51040.0,5452.621,1600.684,4127.698,-4.725,2.419,5.386,5.29,MANEUVERING
51040.0,5452.621,1600.684,4127.698,-4.725,2.419,5.386,5.29,SENSING
51040.0,5452.621,1600.684,4127.698,-4.725,2.419,5.386,5.29,MEASURING
51040.0,5452.621,1600.684,4127.698,-4.725,2.419,5.386,5.29,SENSING
51040.0,5452.621,1600.684,4127.698,-4.725,2.419,5.386,5.29,LISTENING
51049.95,5405.33,1624.62,4181.027,-4.787,2.401,5.339,5.29,SENSING
51049.95,5405.33,1624.62,4181.027,-4.787,2.401,5.339,5.29,LISTENING
51060.0,5356.939,1648.608,4234.408,-4.849,2.382,5.29,5.29,SENSING
51060.0,5356.939,1648.608,4234.408,-4.849,2.382,5.29,5.29,LISTENING
51066.16,5326.972,1663.218,4266.885,-4.887,2.37,5.26,5.29,SENSING
51066.16,5326.972,1663.218,4266.885,-4.887,2.37,5.26,5.29,MANEUVERING
51066.16,5326.972,1663.218,4266.885,-4.887,2.37,5.26,5.29,LISTENING
51075.5,5281.092,1685.231,4315.772,-4.944,2.352,5.214,-4.05,MANEUVERING
51075.5,5281.092,1685.231,4315.772,-4.944,2.352,5.214,-4.05,SENSING
51075.5,5281.092,1685.231,4315.772,-4.944,2.352,5.214,-4.05,MANEUVERING
51075.5,5281.092,1685.231,4315.772,-4.944,2.352,5.214,-4.05,LISTENING
51080.0,5258.798,1695.777,4339.172,-4.971,2.343,5.191,-8.55,MANEUVERING
51080.0,5258.798,1695.777,4339.172,-4.971,2.343,5.191,-8.55,SENSING
51080.0,5258.798,1695.777,4339.172,-4.971,2.343,5.191,-8.55,MEASURING
51080.0,5258.798,1695.777,4339.172,-4.971,2.343,5.191,-8.55,SENSING
51080.0,5258.798,1695.777,4339.172,-4.971,2.343,5.191,-8.55,LISTENING
51090.0,5208.819,1719.072,4390.81,-5.031,2.324,5.141,-8.55,SENSING
51090.0,5208.819,1719.072,4390.81,-5.031,2.324,5.141,-8.55,MEASURING
51090.0,5208.819,1719.072,4390.81,-5.031,2.324,5.141,-8.55,SENSING
51090.0,5208.819,1719.072,4390.81,-5.031,2.324,5.141,-8.55,LISTENING
51096.31,5176.974,1733.669,4423.134,-5.069,2.311,5.109,-8.55,SENSING
51096.31,5176.974,1733.669,4423.134,-5.069,2.311,5.109,-8.55,MANEUVERING
51096.31,5176.974,1733.669,4423.134,-5.069,2.311,5.109,-8.55,LISTENING
51107.59,5119.459,1759.567,4480.413,-5.136,2.289,5.052,2.73,MANEUVERING
51107.59,5119.459,1759.567,4480.413,-5.136,2.289,5.052,2.73,SENSING
51107.59,5119.459,1759.567,4480.413,-5.136,2.289,5.052,2.73,MANEUVERING
51107.59,5119.459,1759.567,4480.413,-5.136,2.289,5.052,2.73,LISTENING
51110.0,5107.074,1765.067,4492.567,-5.15,2.284,5.039,5.14,MANEUVERING
51110.0,5107.074,1765.067,4492.567,-5.15,2.284,5.039,5.14,SENSING
51110.0,5107.074,1765.067,4492.567,-5.15,2.284,5.039,5.14,MEASURING
51110.0,5107.074,1765.067,4492.567,-5.15,2.284,5.039,5.14,SENSING
51110.0,5107.074,1765.067,4492.567,-5.15,2.284,5.039,5.14,LISTENING
51115.5,5078.681,1777.576,4520.19,-5.182,2.273,5.011,5.14,SENSING
51115.5,5078.681,1777.576,4520.19,-5.182,2.273,5.011,5.14,MANEUVERING
51115.5,5078.681,1777.576,4520.19,-5.182,2.273,5.011,5.14,LISTENING
51120.0,5055.319,1787.764,4542.675,-5.208,2.263,4.987,9.64,MANEUVERING
51120.0,5055.319,1787.764,4542.675,-5.208,2.263,4.987,9.64,SENSING
51120.0,5055.319,1787.764,4542.675,-5.208,2.263,4.987,9.64,MEASURING
51120.0,5055.319,1787.764,4542.675,-5.208,2.263,4.987,9.64,SENSING
51120.0,5055.319,1787.764,4542.675,-5.208,2.263,4.987,9.64,LISTENING
51129.17,5007.351,1808.397,4588.166,-5.261,2.244,4.939,9.64,SENSING
51129.17,5007.351,1808.397,4588.166,-5.261,2.244,4.939,9.64,MANEUVERING
51129.17,5007.351,1808.397,4588.166,-5.261,2.244,4.939,9.64,LISTENING
51150.0,4896.602,1854.615,4689.85,-5.379,2.201,4.828,-11.19,MANEUVERING
51150.0,4896.602,1854.615,4689.85,-5.379,2.201,4.828,-11.19,SENSING
51150.0,4896.602,1854.615,4689.85,-5.379,2.201,4.828,-11.19,MEASURING
51150.0,4896.602,1854.615,4689.85,-5.379,2.201,4.828,-11.19,SENSING
51150.0,4896.602,1854.615,4689.85,-5.379,2.201,4.828,-11.19,MESSAGING
51150.0,4896.602,1854.615,4689.85,-5.379,2.201,4.828,-11.19,MESSAGING
51150.0,4896.602,1854.615,4689.85,-5.379,2.201,4.828,-11.19,SENSING
51150.0,4896.602,1854.615,4689.85,-5.379,2.201,4.828,-11.19,LISTENING
51150.0,4896.602,1854.615,4689.85,-5.379,2.201,4.828,-11.19,SENSING
51150.0,4896.602,1854.615,4689.85,-5.379,2.201,4.828,-11.19,LISTENING
51152.41,4883.631,1859.904,4701.465,-5.393,2.196,4.815,-11.19,SENSING
51152.41,4883.631,1859.904,4701.465,-5.393,2.196,4.815,-11.19,LISTENING
51160.0,4842.566,1876.478,4737.841,-5.435,2.179,4.774,-11.19,SENSING
51160.0,4842.566,1876.478,4737.841,-5.435,2.179,4.774,-11.19,LISTENING
51170.51,4785.176,1899.225,4787.693,-5.493,2.157,4.717,-11.19,SENSING
51170.51,4785.176,1899.225,4787.693,-5.493,2.157,4.717,-11.19,LISTENING
51180.0,4732.836,1919.559,4832.187,-5.545,2.136,4.665,-11.19,SENSING
51180.0,4732.836,1919.559,4832.187,-5.545,2.136,4.665,-11.19,MEASURING
51180.0,4732.836,1919.559,4832.187,-5.545,2.136,4.665,-11.19,SENSING
51180.0,4732.836,1919.559,4832.187,-5.545,2.136,4.665,-11.19,LISTENING
51190.0,4677.155,1940.771,4878.532,-5.599,2.114,4.609,-11.19,SENSING
51190.0,4677.155,1940.771,4878.532,-5.599,2.114,4.609,-11.19,LISTENING
51195.56,4645.964,1952.469,4904.059,-5.629,2.101,4.578,-11.19,SENSING
51195.56,4645.964,1952.469,4904.059,-5.629,2.101,4.578,-11.19,MANEUVERING
51195.56,4645.964,1952.469,4904.059,-5.629,2.101,4.578,-11.19,LISTENING
51200.0,4620.938,1961.762,4924.319,-5.652,2.092,4.553,-15.63,MANEUVERING
51200.0,4620.938,1961.762,4924.319,-5.652,2.092,4.553,-15.63,SENSING
51200.0,4620.938,1961.762,4924.319,-5.652,2.092,4.553,-15.63,MEASURING
51200.0,4620.938,1961.762,4924.319,-5.652,2.092,4.553,-15.63,SENSING
51200.0,4620.938,1961.762,4924.319,-5.652,2.092,4.553,-15.63,LISTENING
51210.0,4564.192,1982.529,4969.542,-5.705,2.069,4.496,-15.63,SENSING
51210.0,4564.192,1982.529,4969.542,-5.705,2.069,4.496,-15.63,LISTENING
51210.0,4564.192,1982.529,4969.542,-5.705,2.069,4.496,-15.63,SENSING
51210.0,4564.192,1982.529,4969.542,-5.705,2.069,4.496,-15.63,MESSAGING
51210.0,4564.192,1982.529,4969.542,-5.705,2.069,4.496,-15.63,MESSAGING
51210.0,4564.192,1982.529,4969.542,-5.705,2.069,4.496,-15.63,SENSING
51210.0,4564.192,1982.529,4969.542,-5.705,2.069,4.496,-15.63,LISTENING
51210.0,4564.192,1982.529,4969.542,-5.705,2.069,4.496,-15.63,SENSING
51210.0,4564.192,1982.529,4969.542,-5.705,2.069,4.496,-15.63,LISTENING
51210.0,4564.192,1982.529,4969.542,-5.705,2.069,4.496,-15.63,SENSING
51210.0,4564.192,1982.529,4969.542,-5.705,2.069,4.496,-15.63,MESSAGING
51210.0,4564.192,1982.529,4969.542,-5.705,2.069,4.496,-15.63,SENSING
51210.0,4564.192,1982.529,4969.542,-5.705,2.069,4.496,-15.63,MESSAGING
51210.0,4564.192,1982.529,4969.542,-5.705,2.069,4.496,-15.63,SENSING
51210.0,4564.192,1982.529,4969.542,-5.705,2.069,4.496,-15.63,LISTENING
51210.0,4564.192,1982.529,4969.542,-5.705,2.069,4.496,-15.63,SENSING
51210.0,4564.192,1982.529,4969.542,-5.705,2.069,4.496,-15.63,LISTENING
51210.0,4564.192,1982.529,4969.542,-5.705,2.069,4.496,-15.63,SENSING
51210.0,4564.192,1982.529,4969.542,-5.705,2.069,4.496,-15.63,LISTENING
51220.0,4506.924,2003.069,5014.196,-5.757,2.046,4.439,-15.63,SENSING
51220.0,4506.924,2003.069,5014.196,-5.757,2.046,4.439,-15.63,MEASURING
51220.0,4506.924,2003.069,5014.196,-5.757,2.046,4.439,-15.63,SENSING
51220.0,4506.924,2003.069,5014.196,-5.757,2.046,4.439,-15.63,LISTENING
51224.78,4479.367,2012.807,5035.338,-5.781,2.035,4.412,-15.63,SENSING
51224.78,4479.367,2012.807,5035.338,-5.781,2.035,4.412,-15.63,LISTENING
51250.0,4332.054,2063.309,5144.694,-5.908,1.976,4.265,-15.63,SENSING
51250.0,4332.054,2063.309,5144.694,-5.908,1.976,4.265,-15.63,LISTENING
51254.73,4304.071,2072.615,5164.79,-5.932,1.965,4.237,-15.63,SENSING
51254.73,4304.071,2072.615,5164.79,-5.932,1.965,4.237,-15.63,MANEUVERING
51254.73,4304.071,2072.615,5164.79,-5.932,1.965,4.237,-15.63,LISTENING
51260.0,4272.764,2082.922,5187.024,-5.958,1.953,4.205,-20.9,MANEUVERING
51260.0,4272.764,2082.922,5187.024,-5.958,1.953,4.205,-20.9,SENSING
51260.0,4272.764,2082.922,5187.024,-5.958,1.953,4.205,-20.9,MEASURING
51260.0,4272.764,2082.922,5187.024,-5.958,1.953,4.205,-20.9,SENSING
51260.0,4272.764,2082.922,5187.024,-5.958,1.953,4.205,-20.9,LISTENING
51268.67,4220.964,2099.733,5223.243,-6.0,1.932,4.154,-20.9,SENSING
51268.67,4220.964,2099.733,5223.243,-6.0,1.932,4.154,-20.9,LISTENING
51271.36,4204.819,2104.913,5234.39,-6.013,1.926,4.138,-20.9,SENSING
51271.36,4204.819,2104.913,5234.39,-6.013,1.926,4.138,-20.9,MANEUVERING
51271.36,4204.819,2104.913,5234.39,-6.013,1.926,4.138,-20.9,LISTENING
51280.0,4152.726,2121.432,5269.898,-6.054,1.905,4.086,-12.26,MANEUVERING
51280.0,4152.726,2121.432,5269.898,-6.054,1.905,4.086,-12.26,SENSING
51280.0,4152.726,2121.432,5269.898,-6.054,1.905,4.086,-12.26,MANEUVERING
51280.0,4152.726,2121.432,5269.898,-6.054,1.905,4.086,-12.26,LISTENING
51280.0,4152.726,2121.432,5269.898,-6.054,1.905,4.086,-12.26,MANEUVERING
51280.0,4152.726,2121.432,5269.898,-6.054,1.905,4.086,-12.26,SENSING
51280.0,4152.726,2121.432,5269.898,-6.054,1.905,4.086,-12.26,MANEUVERING
51280.0,4152.726,2121.432,5269.898,-6.054,1.905,4.086,-12.26,LISTENING
51286.9,4110.87,2134.494,5297.933,-6.087,1.888,4.044,-5.36,MANEUVERING
51286.9,4110.87,2134.494,5297.933,-6.087,1.888,4.044,-5.36,SENSING
51286.9,4110.87,2134.494,5297.933,-6.087,1.888,4.044,-5.36,MANEUVERING
51286.9,4110.87,2134.494,5297.933,-6.087,1.888,4.044,-5.36,LISTENING
51300.0,4030.792,2158.975,5350.364,-6.148,1.856,3.964,7.74,MANEUVERING
51300.0,4030.792,2158.975,5350.364,-6.148,1.856,3.964,7.74,SENSING
51300.0,4030.792,2158.975,5350.364,-6.148,1.856,3.964,7.74,MEASURING
51300.0,4030.792,2158.975,5350.364,-6.148,1.856,3.964,7.74,SENSING
51300.0,4030.792,2158.975,5350.364,-6.148,1.856,3.964,7.74,LISTENING
51310.0,3969.131,2177.379,5389.683,-6.193,1.831,3.903,7.74,SENSING
51310.0,3969.131,2177.379,5389.683,-6.193,1.831,3.903,7.74,MEASURING
51310.0,3969.131,2177.379,5389.683,-6.193,1.831,3.903,7.74,SENSING
51310.0,3969.131,2177.379,5389.683,-6.193,1.831,3.903,7.74,LISTENING
51320.0,3907.016,2195.534,5428.386,-6.238,1.806,3.841,7.74,SENSING
51320.0,3907.016,2195.534,5428.386,-6.238,1.806,3.841,7.74,MEASURING
51320.0,3907.016,2195.534,5428.386,-6.238,1.806,3.841,7.74,SENSING
51320.0,3907.016,2195.534,5428.386,-6.238,1.806,3.841,7.74,LISTENING
51320.35,3904.834,2196.165,5429.729,-6.24,1.805,3.839,7.74,SENSING
51320.35,3904.834,2196.165,5429.729,-6.24,1.805,3.839,7.74,LISTENING
51330.0,3844.456,2213.44,5466.469,-6.282,1.781,3.779,7.74,SENSING
51330.0,3844.456,2213.44,5466.469,-6.282,1.781,3.779,7.74,LISTENING
51332.98,3825.728,2218.728,5477.698,-6.296,1.773,3.761,7.74,SENSING
51332.98,3825.728,2218.728,5477.698,-6.296,1.773,3.761,7.74,MANEUVERING
51332.98,3825.728,2218.728,5477.698,-6.296,1.773,3.761,7.74,LISTENING
51340.0,3781.458,2231.094,5503.929,-6.326,1.756,3.717,14.76,MANEUVERING
51340.0,3781.458,2231.094,5503.929,-6.326,1.756,3.717,14.76,SENSING
51340.0,3781.458,2231.094,5503.929,-6.326,1.756,3.717,14.76,MEASURING
51340.0,3781.458,2231.094,5503.929,-6.326,1.756,3.717,14.76,SENSING
51340.0,3781.458,2231.094,5503.929,-6.326,1.756,3.717,14.76,LISTENING
51343.65,3758.355,2237.475,5517.445,-6.342,1.746,3.694,14.76,SENSING
51343.65,3758.355,2237.475,5517.445,-6.342,1.746,3.694,14.76,LISTENING
51350.0,3718.028,2248.494,5540.76,-6.369,1.73,3.653,14.76,SENSING
51350.0,3718.028,2248.494,5540.76,-6.369,1.73,3.653,14.76,MEASURING
51350.0,3718.028,2248.494,5540.76,-6.369,1.73,3.653,14.76,SENSING
51350.0,3718.028,2248.494,5540.76,-6.369,1.73,3.653,14.76,LISTENING
51359.52,3657.249,2264.822,5575.237,-6.409,1.706,3.593,14.76,SENSING
51359.52,3657.249,2264.822,5575.237,-6.409,1.706,3.593,14.76,MANEUVERING
51359.52,3657.249,2264.822,5575.237,-6.409,1.706,3.593,14.76,LISTENING
51364.0,3628.516,2272.424,5591.262,-6.427,1.694,3.565,10.28,MANEUVERING
51364.0,3628.516,2272.424,5591.262,-6.427,1.694,3.565,10.28,SENSING
51364.0,3628.516,2272.424,5591.262,-6.427,1.694,3.565,10.28,MANEUVERING
51364.0,3628.516,2272.424,5591.262,-6.427,1.694,3.565,10.28,LISTENING
51370.0,3589.904,2282.525,5612.524,-6.452,1.679,3.526,4.28,MANEUVERING
51370.0,3589.904,2282.525,5612.524,-6.452,1.679,3.526,4.28,SENSING
51370.0,3589.904,2282.525,5612.524,-6.452,1.679,3.526,4.28,MEASURING
51370.0,3589.904,2282.525,5612.524,-6.452,1.679,3.526,4.28,SENSING
51370.0,3589.904,2282.525,5612.524,-6.452,1.679,3.526,4.28,LISTENING
51377.22,3543.246,2294.556,5637.803,-6.482,1.66,3.48,4.28,SENSING
51377.22,3543.246,2294.556,5637.803,-6.482,1.66,3.48,4.28,MANEUVERING
51377.22,3543.246,2294.556,5637.803,-6.482,1.66,3.48,4.28,LISTENING
51377.4,3542.081,2294.854,5638.429,-6.482,1.659,3.479,4.46,MANEUVERING
51377.4,3542.081,2294.854,5638.429,-6.482,1.659,3.479,4.46,SENSING
51377.4,3542.081,2294.854,5638.429,-6.482,1.659,3.479,4.46,MANEUVERING
51377.4,3542.081,2294.854,5638.429,-6.482,1.659,3.479,4.46,LISTENING
51380.0,3525.225,2299.152,5647.448,-6.493,1.652,3.462,7.06,MANEUVERING
51380.0,3525.225,2299.152,5647.448,-6.493,1.652,3.462,7.06,SENSING
51380.0,3525.225,2299.152,5647.448,-6.493,1.652,3.462,7.06,MEASURING
51380.0,3525.225,2299.152,5647.448,-6.493,1.652,3.462,7.06,SENSING
51380.0,3525.225,2299.152,5647.448,-6.493,1.652,3.462,7.06,LISTENING
51386.82,3480.883,2310.342,5670.897,-6.52,1.635,3.418,7.06,SENSING
51386.82,3480.883,2310.342,5670.897,-6.52,1.635,3.418,7.06,MANEUVERING
51386.82,3480.883,2310.342,5670.897,-6.52,1.635,3.418,7.06,LISTENING
51386.99,3479.775,2310.62,5671.477,-6.521,1.634,3.417,7.23,MANEUVERING
51386.99,3479.775,2310.62,5671.477,-6.521,1.634,3.417,7.23,SENSING
51386.99,3479.775,2310.62,5671.477,-6.521,1.634,3.417,7.23,MANEUVERING
51386.99,3479.775,2310.62,5671.477,-6.521,1.634,3.417,7.23,LISTENING
51390.0,3460.144,2315.518,5681.728,-6.533,1.626,3.397,10.24,MANEUVERING
51390.0,3460.144,2315.518,5681.728,-6.533,1.626,3.397,10.24,SENSING
51390.0,3460.144,2315.518,5681.728,-6.533,1.626,3.397,10.24,MEASURING
51390.0,3460.144,2315.518,5681.728,-6.533,1.626,3.397,10.24,SENSING
51390.0,3460.144,2315.518,5681.728,-6.533,1.626,3.397,10.24,LISTENING
51395.36,3425.098,2324.182,5699.836,-6.554,1.612,3.363,10.24,SENSING
51395.36,3425.098,2324.182,5699.836,-6.554,1.612,3.363,10.24,MANEUVERING
51395.36,3425.098,2324.182,5699.836,-6.554,1.612,3.363,10.24,LISTENING
51400.0,3394.669,2331.621,5715.361,-6.572,1.6,3.333,5.6,MANEUVERING
51400.0,3394.669,2331.621,5715.361,-6.572,1.6,3.333,5.6,SENSING
51400.0,3394.669,2331.621,5715.361,-6.572,1.6,3.333,5.6,MEASURING
51400.0,3394.669,2331.621,5715.361,-6.572,1.6,3.333,5.6,SENSING
51400.0,3394.669,2331.621,5715.361,-6.572,1.6,3.333,5.6,LISTENING
51410.0,3328.808,2347.459,5748.343,-6.61,1.573,3.267,5.6,SENSING
51410.0,3328.808,2347.459,5748.343,-6.61,1.573,3.267,5.6,LISTENING
51420.0,3262.568,2363.03,5780.67,-6.647,1.546,3.202,5.6,SENSING
51420.0,3262.568,2363.03,5780.67,-6.647,1.546,3.202,5.6,MEASURING
51420.0,3262.568,2363.03,5780.67,-6.647,1.546,3.202,5.6,SENSING
51420.0,3262.568,2363.03,5780.67,-6.647,1.546,3.202,5.6,LISTENING
51430.0,3195.956,2378.333,5812.339,-6.684,1.519,3.136,5.6,SENSING
51430.0,3195.956,2378.333,5812.339,-6.684,1.519,3.136,5.6,LISTENING
51436.88,3149.916,2388.705,5833.744,-6.709,1.501,3.09,5.6,SENSING
51436.88,3149.916,2388.705,5833.744,-6.709,1.501,3.09,5.6,LISTENING
51440.0,3128.981,2393.366,5843.347,-6.72,1.492,3.069,5.6,SENSING
51440.0,3128.981,2393.366,5843.347,-6.72,1.492,3.069,5.6,LISTENING
51440.0,3128.981,2393.366,5843.347,-6.72,1.492,3.069,5.6,SENSING
51440.0,3128.981,2393.366,5843.347,-6.72,1.492,3.069,5.6,LISTENING
51440.0,3128.981,2393.366,5843.347,-6.72,1.492,3.069,5.6,SENSING
51440.0,3128.981,2393.366,5843.347,-6.72,1.492,3.069,5.6,MESSAGING
51440.0,3128.981,2393.366,5843.347,-6.72,1.492,3.069,5.6,SENSING
51440.0,3128.981,2393.366,5843.347,-6.72,1.492,3.069,5.6,LISTENING
51440.0,3128.981,2393.366,5843.347,-6.72,1.492,3.069,5.6,SENSING
51440.0,3128.981,2393.366,5843.347,-6.72,1.492,3.069,5.6,LISTENING
51446.83,3083.033,2403.478,5864.144,-6.744,1.474,3.024,5.6,SENSING
51446.83,3083.033,2403.478,5864.144,-6.744,1.474,3.024,5.6,LISTENING
51446.93,3082.359,2403.625,5864.446,-6.745,1.473,3.023,5.6,SENSING
51446.93,3082.359,2403.625,5864.446,-6.745,1.473,3.023,5.6,MANEUVERING
51446.93,3082.359,2403.625,5864.446,-6.745,1.473,3.023,5.6,LISTENING
51450.0,3061.651,2408.128,5873.69,-6.755,1.465,3.002,2.53,MANEUVERING
51450.0,3061.651,2408.128,5873.69,-6.755,1.465,3.002,2.53,SENSING
51450.0,3061.651,2408.128,5873.69,-6.755,1.465,3.002,2.53,MANEUVERING
51450.0,3061.651,2408.128,5873.69,-6.755,1.465,3.002,2.53,LISTENING
51455.94,3021.491,2416.767,5891.398,-6.776,1.449,2.963,-3.41,MANEUVERING
51455.94,3021.491,2416.767,5891.398,-6.776,1.449,2.963,-3.41,SENSING
51455.94,3021.491,2416.767,5891.398,-6.776,1.449,2.963,-3.41,MANEUVERING
51455.94,3021.491,2416.767,5891.398,-6.776,1.449,2.963,-3.41,LISTENING
51460.0,2993.972,2422.616,5903.365,-6.79,1.437,2.935,-7.47,MANEUVERING
51460.0,2993.972,2422.616,5903.365,-6.79,1.437,2.935,-7.47,SENSING
51460.0,2993.972,2422.616,5903.365,-6.79,1.437,2.935,-7.47,MANEUVERING
51460.0,2993.972,2422.616,5903.365,-6.79,1.437,2.935,-7.47,LISTENING
51460.0,2993.972,2422.616,5903.365,-6.79,1.437,2.935,-7.47,MANEUVERING
51460.0,2993.972,2422.616,5903.365,-6.79,1.437,2.935,-7.47,SENSING
51460.0,2993.972,2422.616,5903.365,-6.79,1.437,2.935,-7.47,MESSAGING
51460.0,2993.972,2422.616,5903.365,-6.79,1.437,2.935,-7.47,SENSING
51460.0,2993.972,2422.616,5903.365,-6.79,1.437,2.935,-7.47,MANEUVERING
51460.0,2993.972,2422.616,5903.365,-6.79,1.437,2.935,-7.47,LISTENING
51460.0,2993.972,2422.616,5903.365,-6.79,1.437,2.935,-7.47,MANEUVERING
51460.0,2993.972,2422.616,5903.365,-6.79,1.437,2.935,-7.47,SENSING
51460.0,2993.972,2422.616,5903.365,-6.79,1.437,2.935,-7.47,MANEUVERING
51460.0,2993.972,2422.616,5903.365,-6.79,1.437,2.935,-7.47,LISTENING
51470.0,2925.953,2436.83,5932.369,-6.823,1.41,2.868,-17.47,MANEUVERING
51470.0,2925.953,2436.83,5932.369,-6.823,1.41,2.868,-17.47,SENSING
51470.0,2925.953,2436.83,5932.369,-6.823,1.41,2.868,-17.47,MANEUVERING
51470.0,2925.953,2436.83,5932.369,-6.823,1.41,2.868,-17.47,LISTENING
51476.06,2884.571,2445.309,5949.617,-6.844,1.393,2.827,-23.53,MANEUVERING
51476.06,2884.571,2445.309,5949.617,-6.844,1.393,2.827,-23.53,SENSING
51476.06,2884.571,2445.309,5949.617,-6.844,1.393,2.827,-23.53,MANEUVERING
51476.06,2884.571,2445.309,5949.617,-6.844,1.393,2.827,-23.53,LISTENING
51480.0,2857.601,2450.767,5960.698,-6.856,1.382,2.801,-27.47,MANEUVERING
51480.0,2857.601,2450.767,5960.698,-6.856,1.382,2.801,-27.47,SENSING
51480.0,2857.601,2450.767,5960.698,-6.856,1.382,2.801,-27.47,MEASURING
51480.0,2857.601,2450.767,5960.698,-6.856,1.382,2.801,-27.47,SENSING
51480.0,2857.601,2450.767,5960.698,-6.856,1.382,2.801,-27.47,LISTENING
51500.0,2719.932,2477.807,6015.322,-6.92,1.326,2.664,-27.47,SENSING
51500.0,2719.932,2477.807,6015.322,-6.92,1.326,2.664,-27.47,LISTENING
51505.68,2680.606,2485.282,6030.338,-6.937,1.31,2.626,-27.47,SENSING
51505.68,2680.606,2485.282,6030.338,-6.937,1.31,2.626,-27.47,MANEUVERING
51505.68,2680.606,2485.282,6030.338,-6.937,1.31,2.626,-27.47,LISTENING
51510.0,2650.631,2490.907,6041.611,-6.95,1.298,2.596,-31.79,MANEUVERING
51510.0,2650.631,2490.907,6041.611,-6.95,1.298,2.596,-31.79,SENSING
51510.0,2650.631,2490.907,6041.611,-6.95,1.298,2.596,-31.79,MEASURING
51510.0,2650.631,2490.907,6041.611,-6.95,1.298,2.596,-31.79,SENSING
51510.0,2650.631,2490.907,6041.611,-6.95,1.298,2.596,-31.79,LISTENING
51520.0,2581.028,2503.725,6067.213,-6.98,1.27,2.527,-31.79,SENSING
51520.0,2581.028,2503.725,6067.213,-6.98,1.27,2.527,-31.79,LISTENING
51530.0,2511.133,2516.259,6092.127,-7.009,1.241,2.458,-31.79,SENSING
51530.0,2511.133,2516.259,6092.127,-7.009,1.241,2.458,-31.79,LISTENING
51540.0,2440.953,2528.508,6116.35,-7.037,1.213,2.389,-31.79,SENSING
51540.0,2440.953,2528.508,6116.35,-7.037,1.213,2.389,-31.79,LISTENING
51547.22,2390.11,2537.175,6133.407,-7.057,1.192,2.339,-31.79,SENSING
51547.22,2390.11,2537.175,6133.407,-7.057,1.192,2.339,-31.79,LISTENING
51550.0,2370.496,2540.472,6139.879,-7.064,1.184,2.319,-31.79,SENSING
51550.0,2370.496,2540.472,6139.879,-7.064,1.184,2.319,-31.79,LISTENING
51557.22,2319.459,2548.931,6156.434,-7.083,1.163,2.269,-31.79,SENSING
51557.22,2319.459,2548.931,6156.434,-7.083,1.163,2.269,-31.79,LISTENING
51560.0,2299.771,2552.148,6162.711,-7.091,1.155,2.25,-31.79,SENSING
51560.0,2299.771,2552.148,6162.711,-7.091,1.155,2.25,-31.79,LISTENING
51566.21,2255.718,2559.254,6176.539,-7.107,1.137,2.206,-31.79,SENSING
51566.21,2255.718,2559.254,6176.539,-7.107,1.137,2.206,-31.79,MANEUVERING
51566.21,2255.718,2559.254,6176.539,-7.107,1.137,2.206,-31.79,LISTENING
51570.0,2228.785,2563.535,6184.845,-7.116,1.126,2.179,-28.0,MANEUVERING
51570.0,2228.785,2563.535,6184.845,-7.116,1.126,2.179,-28.0,SENSING
51570.0,2228.785,2563.535,6184.845,-7.116,1.126,2.179,-28.0,MANEUVERING
51570.0,2228.785,2563.535,6184.845,-7.116,1.126,2.179,-28.0,LISTENING
51620.0,1870.23,2616.104,6284.958,-7.233,0.98,1.826,22.0,MANEUVERING
51620.0,1870.23,2616.104,6284.958,-7.233,0.98,1.826,22.0,SENSING
51620.0,1870.23,2616.104,6284.958,-7.233,0.98,1.826,22.0,MANEUVERING
51620.0,1870.23,2616.104,6284.958,-7.233,0.98,1.826,22.0,LISTENING
51630.0,1797.852,2625.737,6302.854,-7.253,0.95,1.755,32.0,MANEUVERING
51630.0,1797.852,2625.737,6302.854,-7.253,0.95,1.755,32.0,SENSING
51630.0,1797.852,2625.737,6302.854,-7.253,0.95,1.755,32.0,MEASURING
51630.0,1797.852,2625.737,6302.854,-7.253,0.95,1.755,32.0,SENSING
51630.0,1797.852,2625.737,6302.854,-7.253,0.95,1.755,32.0,LISTENING
51642.73,1705.422,2637.57,6324.605,-7.279,0.912,1.664,32.0,SENSING
51642.73,1705.422,2637.57,6324.605,-7.279,0.912,1.664,32.0,LISTENING
51670.0,1506.389,2661.294,6367.294,-7.328,0.83,1.468,32.0,SENSING
51670.0,1506.389,2661.294,6367.294,-7.328,0.83,1.468,32.0,LISTENING
51675.53,1465.868,2665.833,6375.299,-7.337,0.814,1.428,32.0,SENSING
51675.53,1465.868,2665.833,6375.299,-7.337,0.814,1.428,32.0,LISTENING
51680.0,1433.077,2669.435,6381.609,-7.345,0.8,1.396,32.0,SENSING
51680.0,1433.077,2669.435,6381.609,-7.345,0.8,1.396,32.0,LISTENING
51680.0,1433.077,2669.435,6381.609,-7.345,0.8,1.396,32.0,SENSING
51680.0,1433.077,2669.435,6381.609,-7.345,0.8,1.396,32.0,LISTENING
51688.55,1370.267,2676.158,6393.277,-7.358,0.775,1.335,32.0,SENSING
51688.55,1370.267,2676.158,6393.277,-7.358,0.775,1.335,32.0,LISTENING
51690.0,1359.604,2677.276,6395.204,-7.36,0.77,1.324,32.0,SENSING
51690.0,1359.604,2677.276,6395.204,-7.36,0.77,1.324,32.0,MEASURING
51690.0,1359.604,2677.276,6395.204,-7.36,0.77,1.324,32.0,SENSING
51690.0,1359.604,2677.276,6395.204,-7.36,0.77,1.324,32.0,LISTENING
51700.0,1285.977,2684.816,6408.076,-7.375,0.74,1.252,32.0,SENSING
51700.0,1285.977,2684.816,6408.076,-7.375,0.74,1.252,32.0,LISTENING
51707.45,1231.03,2690.237,6417.196,-7.386,0.717,1.198,32.0,SENSING
51707.45,1231.03,2690.237,6417.196,-7.386,0.717,1.198,32.0,LISTENING
51730.0,1064.259,2705.618,6442.349,-7.415,0.649,1.034,32.0,SENSING
51730.0,1064.259,2705.618,6442.349,-7.415,0.649,1.034,32.0,LISTENING
51730.0,1064.259,2705.618,6442.349,-7.415,0.649,1.034,32.0,SENSING
51730.0,1064.259,2705.618,6442.349,-7.415,0.649,1.034,32.0,LISTENING
51740.0,990.102,2711.945,6452.321,-7.427,0.618,0.961,32.0,SENSING
51740.0,990.102,2711.945,6452.321,-7.427,0.618,0.961,32.0,LISTENING
51758.71,851.061,2722.962,6469.026,-7.446,0.561,0.825,32.0,SENSING
51758.71,851.061,2722.962,6469.026,-7.446,0.561,0.825,32.0,MANEUVERING
51758.71,851.061,2722.962,6469.026,-7.446,0.561,0.825,32.0,LISTENING
51800.0,543.111,2743.481,6496.856,-7.479,0.434,0.523,-9.29,MANEUVERING
51800.0,543.111,2743.481,6496.856,-7.479,0.434,0.523,-9.29,SENSING
51800.0,543.111,2743.481,6496.856,-7.479,0.434,0.523,-9.29,MEASURING
51800.0,543.111,2743.481,6496.856,-7.479,0.434,0.523,-9.29,SENSING
51800.0,543.111,2743.481,6496.856,-7.479,0.434,0.523,-9.29,LISTENING
51827.04,340.84,2754.076,6508.33,-7.492,0.35,0.326,-9.29,SENSING
51827.04,340.84,2754.076,6508.33,-7.492,0.35,0.326,-9.29,LISTENING
51840.0,243.784,2758.354,6511.933,-7.496,0.31,0.231,-9.29,SENSING
51840.0,243.784,2758.354,6511.933,-7.496,0.31,0.231,-9.29,LISTENING
51845.67,201.307,2760.062,6513.123,-7.498,0.293,0.189,-9.29,SENSING
51845.67,201.307,2760.062,6513.123,-7.498,0.293,0.189,-9.29,LISTENING
51850.0,168.863,2761.3,6513.873,-7.499,0.279,0.157,-9.29,SENSING
51850.0,168.863,2761.3,6513.873,-7.499,0.279,0.157,-9.29,LISTENING
51850.0,168.863,2761.3,6513.873,-7.499,0.279,0.157,-9.29,SENSING
51850.0,168.863,2761.3,6513.873,-7.499,0.279,0.157,-9.29,LISTENING
51909.53,-277.248,2772.429,6510.284,-7.495,0.095,-0.278,-9.29,SENSING
51909.53,-277.248,2772.429,6510.284,-7.495,0.095,-0.278,-9.29,MANEUVERING
51909.53,-277.248,2772.429,6510.284,-7.495,0.095,-0.278,-9.29,LISTENING
51950.0,-580.004,2773.723,6493.07,-7.475,-0.031,-0.573,31.18,MANEUVERING
51950.0,-580.004,2773.723,6493.07,-7.475,-0.031,-0.573,31.18,SENSING
51950.0,-580.004,2773.723,6493.07,-7.475,-0.031,-0.573,31.18,MEASURING
51950.0,-580.004,2773.723,6493.07,-7.475,-0.031,-0.573,31.18,SENSING
51950.0,-580.004,2773.723,6493.07,-7.475,-0.031,-0.573,31.18,LISTENING
51965.59,-696.379,2772.868,6483.258,-7.464,-0.079,-0.686,31.18,SENSING
51965.59,-696.379,2772.868,6483.258,-7.464,-0.079,-0.686,31.18,MANEUVERING
51965.59,-696.379,2772.868,6483.258,-7.464,-0.079,-0.686,31.18,LISTENING
51970.0,-729.266,2772.489,6480.163,-7.461,-0.093,-0.718,26.77,MANEUVERING
51970.0,-729.266,2772.489,6480.163,-7.461,-0.093,-0.718,26.77,SENSING
51970.0,-729.266,2772.489,6480.163,-7.461,-0.093,-0.718,26.77,MEASURING
51970.0,-729.266,2772.489,6480.163,-7.461,-0.093,-0.718,26.77,SENSING
51970.0,-729.266,2772.489,6480.163,-7.461,-0.093,-0.718,26.77,LISTENING
51980.0,-803.778,2771.407,6472.62,-7.452,-0.124,-0.791,26.77,SENSING
51980.0,-803.778,2771.407,6472.62,-7.452,-0.124,-0.791,26.77,MEASURING
51980.0,-803.778,2771.407,6472.62,-7.452,-0.124,-0.791,26.77,SENSING
51980.0,-803.778,2771.407,6472.62,-7.452,-0.124,-0.791,26.77,LISTENING
51985.79,-846.881,2770.64,6467.923,-7.447,-0.142,-0.833,26.77,SENSING
51985.79,-846.881,2770.64,6467.923,-7.447,-0.142,-0.833,26.77,MANEUVERING
51985.79,-846.881,2770.64,6467.923,-7.447,-0.142,-0.833,26.77,LISTENING
51990.0,-878.201,2770.017,6464.354,-7.443,-0.155,-0.863,30.98,MANEUVERING
51990.0,-878.201,2770.017,6464.354,-7.443,-0.155,-0.863,30.98,SENSING
51990.0,-878.201,2770.017,6464.354,-7.443,-0.155,-0.863,30.98,MEASURING
51990.0,-878.201,2770.017,6464.354,-7.443,-0.155,-0.863,30.98,SENSING
51990.0,-878.201,2770.017,6464.354,-7.443,-0.155,-0.863,30.98,LISTENING
52000.0,-952.525,2768.317,6455.365,-7.433,-0.186,-0.936,30.98,SENSING
52000.0,-952.525,2768.317,6455.365,-7.433,-0.186,-0.936,30.98,MEASURING
52000.0,-952.525,2768.317,6455.365,-7.433,-0.186,-0.936,30.98,SENSING
52000.0,-952.525,2768.317,6455.365,-7.433,-0.186,-0.936,30.98,LISTENING
52051.36,-1332.399,2754.731,6397.853,-7.367,-0.344,-1.305,30.98,SENSING
52051.36,-1332.399,2754.731,6397.853,-7.367,-0.344,-1.305,30.98,MANEUVERING
52051.36,-1332.399,2754.731,6397.853,-7.367,-0.344,-1.305,30.98,LISTENING
52090.0,-1615.667,2739.173,6342.156,-7.303,-0.463,-1.579,-7.66,MANEUVERING
52090.0,-1615.667,2739.173,6342.156,-7.303,-0.463,-1.579,-7.66,SENSING
52090.0,-1615.667,2739.173,6342.156,-7.303,-0.463,-1.579,-7.66,MEASURING
52090.0,-1615.667,2739.173,6342.156,-7.303,-0.463,-1.579,-7.66,SENSING
52090.0,-1615.667,2739.173,6342.156,-7.303,-0.463,-1.579,-7.66,LISTENING
52157.05,-2100.558,2701.408,6220.527,-7.165,-0.666,-2.049,-7.66,SENSING
52157.05,-2100.558,2701.408,6220.527,-7.165,-0.666,-2.049,-7.66,MANEUVERING
52157.05,-2100.558,2701.408,6220.527,-7.165,-0.666,-2.049,-7.66,LISTENING
52190.0,-2335.145,2677.896,6149.309,-7.083,-0.764,-2.276,25.29,MANEUVERING
52190.0,-2335.145,2677.896,6149.309,-7.083,-0.764,-2.276,25.29,SENSING
52190.0,-2335.145,2677.896,6149.309,-7.083,-0.764,-2.276,25.29,MEASURING
52190.0,-2335.145,2677.896,6149.309,-7.083,-0.764,-2.276,25.29,SENSING
52190.0,-2335.145,2677.896,6149.309,-7.083,-0.764,-2.276,25.29,LISTENING
52195.31,-2372.693,2673.805,6137.135,-7.069,-0.78,-2.312,25.29,SENSING
52195.31,-2372.693,2673.805,6137.135,-7.069,-0.78,-2.312,25.29,MANEUVERING
52195.31,-2372.693,2673.805,6137.135,-7.069,-0.78,-2.312,25.29,LISTENING
52200.0,-2405.795,2670.121,6126.223,-7.057,-0.794,-2.344,29.98,MANEUVERING
52200.0,-2405.795,2670.121,6126.223,-7.057,-0.794,-2.344,29.98,SENSING
52200.0,-2405.795,2670.121,6126.223,-7.057,-0.794,-2.344,29.98,MEASURING
52200.0,-2405.795,2670.121,6126.223,-7.057,-0.794,-2.344,29.98,SENSING
52200.0,-2405.795,2670.121,6126.223,-7.057,-0.794,-2.344,29.98,MESSAGING
52200.0,-2405.795,2670.121,6126.223,-7.057,-0.794,-2.344,29.98,MESSAGING
52200.0,-2405.795,2670.121,6126.223,-7.057,-0.794,-2.344,29.98,SENSING
52200.0,-2405.795,2670.121,6126.223,-7.057,-0.794,-2.344,29.98,LISTENING
52200.0,-2405.795,2670.121,6126.223,-7.057,-0.794,-2.344,29.98,SENSING
52200.0,-2405.795,2670.121,6126.223,-7.057,-0.794,-2.344,29.98,LISTENING
52200.0,-2405.795,2670.121,6126.223,-7.057,-0.794,-2.344,29.98,SENSING
52200.0,-2405.795,2670.121,6126.223,-7.057,-0.794,-2.344,29.98,LISTENING
52362.8,-3512.94,2502.703,5656.837,-6.521,-1.262,-3.411,29.98,SENSING
52362.8,-3512.94,2502.703,5656.837,-6.521,-1.262,-3.411,29.98,LISTENING
52390.0,-3688.731,2467.44,5561.818,-6.413,-1.336,-3.579,29.98,SENSING
52390.0,-3688.731,2467.44,5561.818,-6.413,-1.336,-3.579,29.98,LISTENING
52409.83,-3814.998,2440.461,5489.674,-6.331,-1.39,-3.7,29.98,SENSING
52409.83,-3814.998,2440.461,5489.674,-6.331,-1.39,-3.7,29.98,LISTENING
52450.0,-4065.646,2382.583,5336.257,-6.156,-1.497,-3.941,29.98,SENSING
52450.0,-4065.646,2382.583,5336.257,-6.156,-1.497,-3.941,29.98,LISTENING
52456.03,-4102.657,2373.527,5312.4,-6.129,-1.513,-3.976,29.98,SENSING
52456.03,-4102.657,2373.527,5312.4,-6.129,-1.513,-3.976,29.98,LISTENING
52460.0,-4126.935,2367.513,5296.576,-6.111,-1.523,-3.999,29.98,SENSING
52460.0,-4126.935,2367.513,5296.576,-6.111,-1.523,-3.999,29.98,LISTENING
52480.0,-4248.14,2336.592,5215.467,-6.018,-1.575,-4.115,29.98,SENSING
52480.0,-4248.14,2336.592,5215.467,-6.018,-1.575,-4.115,29.98,LISTENING
52513.87,-4449.102,2281.891,5072.881,-5.856,-1.661,-4.308,29.98,SENSING
52513.87,-4449.102,2281.891,5072.881,-5.856,-1.661,-4.308,29.98,LISTENING
52520.0,-4484.88,2271.681,5046.384,-5.826,-1.677,-4.342,29.98,SENSING
52520.0,-4484.88,2271.681,5046.384,-5.826,-1.677,-4.342,29.98,LISTENING
52532.96,-4559.908,2249.787,4989.679,-5.761,-1.709,-4.413,29.98,SENSING
52532.96,-4559.908,2249.787,4989.679,-5.761,-1.709,-4.413,29.98,LISTENING
52540.0,-4600.312,2237.72,4958.488,-5.726,-1.726,-4.452,29.98,SENSING
52540.0,-4600.312,2237.72,4958.488,-5.726,-1.726,-4.452,29.98,LISTENING
52546.97,-4640.066,2225.653,4927.341,-5.69,-1.743,-4.49,29.98,SENSING
52546.97,-4640.066,2225.653,4927.341,-5.69,-1.743,-4.49,29.98,LISTENING
52550.0,-4657.271,2220.37,4913.718,-5.675,-1.751,-4.506,29.98,SENSING
52550.0,-4657.271,2220.37,4913.718,-5.675,-1.751,-4.506,29.98,LISTENING
52564.22,-4737.384,2195.279,4849.126,-5.601,-1.785,-4.583,29.98,SENSING
52564.22,-4737.384,2195.279,4849.126,-5.601,-1.785,-4.583,29.98,LISTENING
52580.0,-4825.05,2166.865,4776.184,-5.518,-1.823,-4.666,29.98,SENSING
52580.0,-4825.05,2166.865,4776.184,-5.518,-1.823,-4.666,29.98,LISTENING
52595.01,-4907.213,2139.289,4705.588,-5.438,-1.859,-4.745,29.98,SENSING
52595.01,-4907.213,2139.289,4705.588,-5.438,-1.859,-4.745,29.98,LISTENING
52620.0,-5041.3,2092.207,4585.475,-5.301,-1.917,-4.873,29.98,SENSING
52620.0,-5041.3,2092.207,4585.475,-5.301,-1.917,-4.873,29.98,LISTENING
52630.0,-5093.992,2072.963,4536.524,-5.245,-1.94,-4.923,29.98,SENSING
52630.0,-5093.992,2072.963,4536.524,-5.245,-1.94,-4.923,29.98,LISTENING
52635.93,-5124.974,2061.444,4507.26,-5.212,-1.953,-4.952,29.98,SENSING
52635.93,-5124.974,2061.444,4507.26,-5.212,-1.953,-4.952,29.98,LISTENING
52640.0,-5146.125,2053.492,4487.075,-5.189,-1.962,-4.972,29.98,SENSING
52640.0,-5146.125,2053.492,4487.075,-5.189,-1.962,-4.972,29.98,LISTENING
52652.83,-5212.182,2028.182,4422.91,-5.116,-1.991,-5.035,29.98,SENSING
52652.83,-5212.182,2028.182,4422.91,-5.116,-1.991,-5.035,29.98,LISTENING
52660.0,-5248.689,2013.878,4386.702,-5.075,-2.007,-5.07,29.98,SENSING
52660.0,-5248.689,2013.878,4386.702,-5.075,-2.007,-5.07,29.98,LISTENING
52670.0,-5299.109,1993.739,4335.791,-5.017,-2.029,-5.118,29.98,SENSING
52670.0,-5299.109,1993.739,4335.791,-5.017,-2.029,-5.118,29.98,LISTENING
52722.56,-5554.433,1884.351,4060.508,-4.704,-2.141,-5.36,29.98,SENSING
52722.56,-5554.433,1884.351,4060.508,-4.704,-2.141,-5.36,29.98,LISTENING
52740.0,-5635.472,1846.779,3966.405,-4.596,-2.176,-5.437,29.98,SENSING
52740.0,-5635.472,1846.779,3966.405,-4.596,-2.176,-5.437,29.98,LISTENING
52740.0,-5635.472,1846.779,3966.405,-4.596,-2.176,-5.437,29.98,SENSING
52740.0,-5635.472,1846.779,3966.405,-4.596,-2.176,-5.437,29.98,LISTENING
52871.06,-6182.638,1545.691,3219.19,-3.747,-2.42,-5.954,29.98,SENSING
52871.06,-6182.638,1545.691,3219.19,-3.747,-2.42,-5.954,29.98,LISTENING
52910.0,-6323.263,1450.386,2984.87,-3.48,-2.484,-6.086,29.98,SENSING
52910.0,-6323.263,1450.386,2984.87,-3.48,-2.484,-6.086,29.98,LISTENING
52939.97,-6424.37,1375.393,2801.137,-3.271,-2.53,-6.181,29.98,SENSING
52939.97,-6424.37,1375.393,2801.137,-3.271,-2.53,-6.181,29.98,LISTENING
52959.65,-6487.34,1325.411,2678.98,-3.133,-2.559,-6.24,29.98,SENSING
52959.65,-6487.34,1325.411,2678.98,-3.133,-2.559,-6.24,29.98,LISTENING
52970.0,-6519.357,1298.899,2614.278,-3.059,-2.574,-6.27,29.98,SENSING
52970.0,-6519.357,1298.899,2614.278,-3.059,-2.574,-6.27,29.98,LISTENING
52980.0,-6549.567,1273.139,2551.473,-2.988,-2.588,-6.298,29.98,SENSING
52980.0,-6549.567,1273.139,2551.473,-2.988,-2.588,-6.298,29.98,LISTENING
52980.0,-6549.567,1273.139,2551.473,-2.988,-2.588,-6.298,29.98,SENSING
52980.0,-6549.567,1273.139,2551.473,-2.988,-2.588,-6.298,29.98,LISTENING
52988.47,-6574.596,1251.212,2498.059,-2.927,-2.6,-6.321,29.98,SENSING
52988.47,-6574.596,1251.212,2498.059,-2.927,-2.6,-6.321,29.98,LISTENING
53030.0,-6689.828,1142.316,2233.406,-2.626,-2.654,-6.429,29.98,SENSING
53030.0,-6689.828,1142.316,2233.406,-2.626,-2.654,-6.429,29.98,LISTENING
53030.0,-6689.828,1142.316,2233.406,-2.626,-2.654,-6.429,29.98,SENSING
53030.0,-6689.828,1142.316,2233.406,-2.626,-2.654,-6.429,29.98,LISTENING
53048.79,-6737.839,1092.329,2112.254,-2.488,-2.677,-6.473,29.98,SENSING
53048.79,-6737.839,1092.329,2112.254,-2.488,-2.677,-6.473,29.98,LISTENING
53060.0,-6765.247,1062.306,2039.584,-2.405,-2.69,-6.499,29.98,SENSING
53060.0,-6765.247,1062.306,2039.584,-2.405,-2.69,-6.499,29.98,LISTENING
53060.0,-6765.247,1062.306,2039.584,-2.405,-2.69,-6.499,29.98,SENSING
53060.0,-6765.247,1062.306,2039.584,-2.405,-2.69,-6.499,29.98,LISTENING
53085.18,-6823.425,994.344,1875.349,-2.219,-2.718,-6.552,29.98,SENSING
53085.18,-6823.425,994.344,1875.349,-2.219,-2.718,-6.552,29.98,LISTENING
53090.72,-6835.593,979.298,1839.036,-2.177,-2.724,-6.564,29.98,SENSING
53090.72,-6835.593,979.298,1839.036,-2.177,-2.724,-6.564,29.98,LISTENING
53100.0,-6855.462,954.021,1778.072,-2.108,-2.734,-6.582,29.98,SENSING
53100.0,-6855.462,954.021,1778.072,-2.108,-2.734,-6.582,29.98,LISTENING
53110.0,-6876.152,926.682,1712.191,-2.033,-2.744,-6.601,29.98,SENSING
53110.0,-6876.152,926.682,1712.191,-2.033,-2.744,-6.601,29.98,LISTENING
53127.81,-6911.143,877.745,1594.399,-1.899,-2.762,-6.633,29.98,SENSING
53127.81,-6911.143,877.745,1594.399,-1.899,-2.762,-6.633,29.98,LISTENING
53140.0,-6933.716,844.074,1513.456,-1.807,-2.773,-6.654,29.98,SENSING
53140.0,-6933.716,844.074,1513.456,-1.807,-2.773,-6.654,29.98,LISTENING
53140.0,-6933.716,844.074,1513.456,-1.807,-2.773,-6.654,29.98,SENSING
53140.0,-6933.716,844.074,1513.456,-1.807,-2.773,-6.654,29.98,LISTENING
53158.4,-6965.658,792.993,1390.818,-1.668,-2.789,-6.683,29.98,SENSING
53158.4,-6965.658,792.993,1390.818,-1.668,-2.789,-6.683,29.98,LISTENING
53165.73,-6977.668,772.562,1341.817,-1.612,-2.796,-6.694,29.98,SENSING
53165.73,-6977.668,772.562,1341.817,-1.612,-2.796,-6.694,29.98,LISTENING
53170.0,-6984.476,760.639,1313.236,-1.579,-2.799,-6.7,29.98,SENSING
53170.0,-6984.476,760.639,1313.236,-1.579,-2.799,-6.7,29.98,LISTENING
53190.0,-7014.512,704.596,1179.027,-1.427,-2.815,-6.727,29.98,SENSING
53190.0,-7014.512,704.596,1179.027,-1.427,-2.815,-6.727,29.98,LISTENING
53243.47,-7079.765,553.328,817.857,-1.016,-2.852,-6.785,29.98,SENSING
53243.47,-7079.765,553.328,817.857,-1.016,-2.852,-6.785,29.98,LISTENING
53250.0,-7086.227,534.727,773.552,-0.965,-2.856,-6.791,29.98,SENSING
53250.0,-7086.227,534.727,773.552,-0.965,-2.856,-6.791,29.98,LISTENING
53260.0,-7095.484,506.194,705.634,-0.888,-2.861,-6.799,29.98,SENSING
53260.0,-7095.484,506.194,705.634,-0.888,-2.861,-6.799,29.98,LISTENING
53272.15,-7105.69,471.452,623.012,-0.794,-2.868,-6.808,29.98,SENSING
53272.15,-7105.69,471.452,623.012,-0.794,-2.868,-6.808,29.98,LISTENING
53273.57,-7106.808,467.387,613.349,-0.783,-2.869,-6.809,29.98,SENSING
53273.57,-7106.808,467.387,613.349,-0.783,-2.869,-6.809,29.98,LISTENING
53280.0,-7111.676,448.965,569.576,-0.733,-2.872,-6.813,29.98,SENSING
53280.0,-7111.676,448.965,569.576,-0.733,-2.872,-6.813,29.98,LISTENING
53295.62,-7122.168,404.132,463.139,-0.612,-2.879,-6.822,29.98,SENSING
53295.62,-7122.168,404.132,463.139,-0.612,-2.879,-6.822,29.98,LISTENING
53300.0,-7124.77,391.541,433.269,-0.578,-2.881,-6.824,29.98,SENSING
53300.0,-7124.77,391.541,433.269,-0.578,-2.881,-6.824,29.98,LISTENING
53310.0,-7130.153,362.764,365.041,-0.5,-2.885,-6.828,29.98,SENSING
53310.0,-7130.153,362.764,365.041,-0.5,-2.885,-6.828,29.98,LISTENING
53320.57,-7134.998,332.303,292.881,-0.418,-2.889,-6.832,29.98,SENSING
53320.57,-7134.998,332.303,292.881,-0.418,-2.889,-6.832,29.98,LISTENING
53330.0,-7138.587,305.093,228.474,-0.344,-2.892,-6.835,29.98,SENSING
53330.0,-7138.587,305.093,228.474,-0.344,-2.892,-6.835,29.98,LISTENING
53352.3,-7144.323,240.636,76.086,-0.171,-2.899,-6.839,29.98,SENSING
53352.3,-7144.323,240.636,76.086,-0.171,-2.899,-6.839,29.98,LISTENING
53354.15,-7144.625,235.282,63.441,-0.156,-2.9,-6.839,29.98,SENSING
53354.15,-7144.625,235.282,63.441,-0.156,-2.9,-6.839,29.98,LISTENING
53360.0,-7145.405,218.347,23.454,-0.111,-2.901,-6.839,29.98,SENSING
53360.0,-7145.405,218.347,23.454,-0.111,-2.901,-6.839,29.98,LISTENING
53360.0,-7145.405,218.347,23.454,-0.111,-2.901,-6.839,29.98,SENSING
53360.0,-7145.405,218.347,23.454,-0.111,-2.901,-6.839,29.98,LISTENING
53370.0,-7146.121,189.379,-44.901,-0.033,-2.903,-6.839,29.98,SENSING
53370.0,-7146.121,189.379,-44.901,-0.033,-2.903,-6.839,29.98,LISTENING
53376.97,-7146.16,169.177,-92.542,0.022,-2.905,-6.838,29.98,SENSING
53376.97,-7146.16,169.177,-92.542,0.022,-2.905,-6.838,29.98,LISTENING
53380.0,-7146.059,160.392,-113.251,0.045,-2.905,-6.838,29.98,SENSING
53380.0,-7146.059,160.392,-113.251,0.045,-2.905,-6.838,29.98,LISTENING
53400.6,-7143.476,100.625,-254.005,0.206,-2.908,-6.834,29.98,SENSING
53400.6,-7143.476,100.625,-254.005,0.206,-2.908,-6.834,29.98,LISTENING
53410.0,-7141.2,73.335,-318.197,0.279,-2.909,-6.831,29.98,SENSING
53410.0,-7141.2,73.335,-318.197,0.279,-2.909,-6.831,29.98,LISTENING
53410.93,-7140.938,70.635,-324.546,0.286,-2.909,-6.831,29.98,SENSING
53410.93,-7140.938,70.635,-324.546,0.286,-2.909,-6.831,29.98,LISTENING
53415.1,-7139.678,58.526,-353.012,0.319,-2.909,-6.829,29.98,SENSING
53415.1,-7139.678,58.526,-353.012,0.319,-2.909,-6.829,29.98,LISTENING
53420.0,-7138.024,44.296,-386.453,0.357,-2.91,-6.827,29.98,SENSING
53420.0,-7138.024,44.296,-386.453,0.357,-2.91,-6.827,29.98,LISTENING
53420.0,-7138.024,44.296,-386.453,0.357,-2.91,-6.827,29.98,SENSING
53420.0,-7138.024,44.296,-386.453,0.357,-2.91,-6.827,29.98,MESSAGING
53420.0,-7138.024,44.296,-386.453,0.357,-2.91,-6.827,29.98,SENSING
53420.0,-7138.024,44.296,-386.453,0.357,-2.91,-6.827,29.98,LISTENING
53420.0,-7138.024,44.296,-386.453,0.357,-2.91,-6.827,29.98,SENSING
53420.0,-7138.024,44.296,-386.453,0.357,-2.91,-6.827,29.98,LISTENING
53430.0,-7134.071,15.252,-454.667,0.434,-2.91,-6.823,29.98,SENSING
53430.0,-7134.071,15.252,-454.667,0.434,-2.91,-6.823,29.98,LISTENING
53430.0,-7134.071,15.252,-454.667,0.434,-2.91,-6.823,29.98,SENSING
53430.0,-7134.071,15.252,-454.667,0.434,-2.91,-6.823,29.98,MESSAGING
53430.0,-7134.071,15.252,-454.667,0.434,-2.91,-6.823,29.98,SENSING
53430.0,-7134.071,15.252,-454.667,0.434,-2.91,-6.823,29.98,LISTENING
53430.0,-7134.071,15.252,-454.667,0.434,-2.91,-6.823,29.98,SENSING
53430.0,-7134.071,15.252,-454.667,0.434,-2.91,-6.823,29.98,LISTENING
53430.0,-7134.071,15.252,-454.667,0.434,-2.91,-6.823,29.98,SENSING
53430.0,-7134.071,15.252,-454.667,0.434,-2.91,-6.823,29.98,LISTENING
53430.0,-7134.071,15.252,-454.667,0.434,-2.91,-6.823,29.98,SENSING
53430.0,-7134.071,15.252,-454.667,0.434,-2.91,-6.823,29.98,LISTENING
53449.75,-7123.979,-42.111,-589.236,0.588,-2.91,-6.811,29.98,SENSING
53449.75,-7123.979,-42.111,-589.236,0.588,-2.91,-6.811,29.98,LISTENING
53460.0,-7117.548,-71.877,-658.981,0.668,-2.909,-6.804,29.98,SENSING
53460.0,-7117.548,-71.877,-658.981,0.668,-2.909,-6.804,29.98,LISTENING
53464.03,-7114.796,-83.578,-686.383,0.699,-2.909,-6.801,29.98,SENSING
53464.03,-7114.796,-83.578,-686.383,0.699,-2.909,-6.801,29.98,LISTENING
53470.0,-7110.488,-100.909,-726.952,0.745,-2.908,-6.797,29.98,SENSING
53470.0,-7110.488,-100.909,-726.952,0.745,-2.908,-6.797,29.98,LISTENING
53470.0,-7110.488,-100.909,-726.952,0.745,-2.908,-6.797,29.98,SENSING
53470.0,-7110.488,-100.909,-726.952,0.745,-2.908,-6.797,29.98,LISTENING
53476.99,-7105.094,-121.195,-774.418,0.799,-2.907,-6.791,29.98,SENSING
53476.99,-7105.094,-121.195,-774.418,0.799,-2.907,-6.791,29.98,LISTENING
53480.0,-7102.654,-129.929,-794.844,0.823,-2.907,-6.788,29.98,SENSING
53480.0,-7102.654,-129.929,-794.844,0.823,-2.907,-6.788,29.98,LISTENING
53486.53,-7097.12,-148.873,-839.131,0.873,-2.906,-6.783,29.98,SENSING
53486.53,-7097.12,-148.873,-839.131,0.873,-2.906,-6.783,29.98,LISTENING
53490.0,-7094.046,-158.936,-862.649,0.9,-2.905,-6.779,29.98,SENSING
53490.0,-7094.046,-158.936,-862.649,0.9,-2.905,-6.779,29.98,LISTENING
53500.0,-7084.664,-187.926,-930.361,0.977,-2.903,-6.77,29.98,SENSING
53500.0,-7084.664,-187.926,-930.361,0.977,-2.903,-6.77,29.98,LISTENING
53500.0,-7084.664,-187.926,-930.361,0.977,-2.903,-6.77,29.98,SENSING
53500.0,-7084.664,-187.926,-930.361,0.977,-2.903,-6.77,29.98,MESSAGING
53500.0,-7084.664,-187.926,-930.361,0.977,-2.903,-6.77,29.98,SENSING
53500.0,-7084.664,-187.926,-930.361,0.977,-2.903,-6.77,29.98,MESSAGING
53500.0,-7084.664,-187.926,-930.361,0.977,-2.903,-6.77,29.98,SENSING
53500.0,-7084.664,-187.926,-930.361,0.977,-2.903,-6.77,29.98,LISTENING
53500.0,-7084.664,-187.926,-930.361,0.977,-2.903,-6.77,29.98,SENSING
53500.0,-7084.664,-187.926,-930.361,0.977,-2.903,-6.77,29.98,LISTENING
53500.0,-7084.664,-187.926,-930.361,0.977,-2.903,-6.77,29.98,SENSING
53500.0,-7084.664,-187.926,-930.361,0.977,-2.903,-6.77,29.98,MESSAGING
53500.0,-7084.664,-187.926,-930.361,0.977,-2.903,-6.77,29.98,SENSING
53500.0,-7084.664,-187.926,-930.361,0.977,-2.903,-6.77,29.98,MESSAGING
53500.0,-7084.664,-187.926,-930.361,0.977,-2.903,-6.77,29.98,SENSING
53500.0,-7084.664,-187.926,-930.361,0.977,-2.903,-6.77,29.98,LISTENING
53500.0,-7084.664,-187.926,-930.361,0.977,-2.903,-6.77,29.98,SENSING
53500.0,-7084.664,-187.926,-930.361,0.977,-2.903,-6.77,29.98,LISTENING
53500.0,-7084.664,-187.926,-930.361,0.977,-2.903,-6.77,29.98,SENSING
53500.0,-7084.664,-187.926,-930.361,0.977,-2.903,-6.77,29.98,LISTENING
53500.0,-7084.664,-187.926,-930.361,0.977,-2.903,-6.77,29.98,SENSING
53500.0,-7084.664,-187.926,-930.361,0.977,-2.903,-6.77,29.98,LISTENING
53500.0,-7084.664,-187.926,-930.361,0.977,-2.903,-6.77,29.98,SENSING
53500.0,-7084.664,-187.926,-930.361,0.977,-2.903,-6.77,29.98,LISTENING
53510.0,-7074.511,-216.895,-997.97,1.055,-2.901,-6.759,29.98,SENSING
53510.0,-7074.511,-216.895,-997.97,1.055,-2.901,-6.759,29.98,LISTENING
53520.0,-7063.586,-245.84,-1065.471,1.132,-2.899,-6.748,29.98,SENSING
53520.0,-7063.586,-245.84,-1065.471,1.132,-2.899,-6.748,29.98,LISTENING
53541.53,-7037.454,-308.066,-1210.396,1.297,-2.892,-6.721,29.98,SENSING
53541.53,-7037.454,-308.066,-1210.396,1.297,-2.892,-6.721,29.98,LISTENING
53550.0,-7026.198,-332.504,-1267.247,1.362,-2.889,-6.71,29.98,SENSING
53550.0,-7026.198,-332.504,-1267.247,1.362,-2.889,-6.71,29.98,LISTENING
53550.0,-7026.198,-332.504,-1267.247,1.362,-2.889,-6.71,29.98,SENSING
53550.0,-7026.198,-332.504,-1267.247,1.362,-2.889,-6.71,29.98,LISTENING
53550.0,-7026.198,-332.504,-1267.247,1.362,-2.889,-6.71,29.98,SENSING
53550.0,-7026.198,-332.504,-1267.247,1.362,-2.889,-6.71,29.98,MESSAGING
53550.0,-7026.198,-332.504,-1267.247,1.362,-2.889,-6.71,29.98,SENSING
53550.0,-7026.198,-332.504,-1267.247,1.362,-2.889,-6.71,29.98,MESSAGING
53550.0,-7026.198,-332.504,-1267.247,1.362,-2.889,-6.71,29.98,SENSING
53550.0,-7026.198,-332.504,-1267.247,1.362,-2.889,-6.71,29.98,LISTENING
53550.0,-7026.198,-332.504,-1267.247,1.362,-2.889,-6.71,29.98,SENSING
53550.0,-7026.198,-332.504,-1267.247,1.362,-2.889,-6.71,29.98,LISTENING
53550.0,-7026.198,-332.504,-1267.247,1.362,-2.889,-6.71,29.98,SENSING
53550.0,-7026.198,-332.504,-1267.247,1.362,-2.889,-6.71,29.98,LISTENING
53550.0,-7026.198,-332.504,-1267.247,1.362,-2.889,-6.71,29.98,SENSING
53550.0,-7026.198,-332.504,-1267.247,1.362,-2.889,-6.71,29.98,MESSAGING
53550.0,-7026.198,-332.504,-1267.247,1.362,-2.889,-6.71,29.98,SENSING
53550.0,-7026.198,-332.504,-1267.247,1.362,-2.889,-6.71,29.98,MESSAGING
53550.0,-7026.198,-332.504,-1267.247,1.362,-2.889,-6.71,29.98,SENSING
53550.0,-7026.198,-332.504,-1267.247,1.362,-2.889,-6.71,29.98,LISTENING
53550.0,-7026.198,-332.504,-1267.247,1.362,-2.889,-6.71,29.98,SENSING
53550.0,-7026.198,-332.504,-1267.247,1.362,-2.889,-6.71,29.98,LISTENING
53550.0,-7026.198,-332.504,-1267.247,1.362,-2.889,-6.71,29.98,SENSING
53550.0,-7026.198,-332.504,-1267.247,1.362,-2.889,-6.71,29.98,LISTENING
53550.0,-7026.198,-332.504,-1267.247,1.362,-2.889,-6.71,29.98,SENSING
53550.0,-7026.198,-332.504,-1267.247,1.362,-2.889,-6.71,29.98,LISTENING
53550.0,-7026.198,-332.504,-1267.247,1.362,-2.889,-6.71,29.98,SENSING
53550.0,-7026.198,-332.504,-1267.247,1.362,-2.889,-6.71,29.98,LISTENING
53572.46,-6993.692,-397.179,-1417.507,1.534,-2.88,-6.677,29.98,SENSING
53572.46,-6993.692,-397.179,-1417.507,1.534,-2.88,-6.677,29.98,LISTENING
53580.0,-6981.916,-418.844,-1467.779,1.592,-2.877,-6.665,29.98,SENSING
53580.0,-6981.916,-418.844,-1467.779,1.592,-2.877,-6.665,29.98,LISTENING
53580.0,-6981.916,-418.844,-1467.779,1.592,-2.877,-6.665,29.98,SENSING
53580.0,-6981.916,-418.844,-1467.779,1.592,-2.877,-6.665,29.98,LISTENING
53586.88,-6970.794,-438.589,-1513.572,1.644,-2.874,-6.654,29.98,SENSING
53586.88,-6970.794,-438.589,-1513.572,1.644,-2.874,-6.654,29.98,LISTENING
53590.0,-6965.631,-447.536,-1534.313,1.668,-2.872,-6.649,29.98,SENSING
53590.0,-6965.631,-447.536,-1534.313,1.668,-2.872,-6.649,29.98,LISTENING
53590.0,-6965.631,-447.536,-1534.313,1.668,-2.872,-6.649,29.98,SENSING
53590.0,-6965.631,-447.536,-1534.313,1.668,-2.872,-6.649,29.98,LISTENING
53596.2,-6955.153,-465.302,-1575.48,1.715,-2.869,-6.638,29.98,SENSING
53596.2,-6955.153,-465.302,-1575.48,1.715,-2.869,-6.638,29.98,LISTENING
53630.0,-6892.913,-561.79,-1798.701,1.97,-2.85,-6.576,29.98,SENSING
53630.0,-6892.913,-561.79,-1798.701,1.97,-2.85,-6.576,29.98,LISTENING
53630.0,-6892.913,-561.79,-1798.701,1.97,-2.85,-6.576,29.98,SENSING
53630.0,-6892.913,-561.79,-1798.701,1.97,-2.85,-6.576,29.98,LISTENING
53644.79,-6862.973,-603.799,-1895.688,2.081,-2.841,-6.546,29.98,SENSING
53644.79,-6862.973,-603.799,-1895.688,2.081,-2.841,-6.546,29.98,LISTENING
53690.0,-6761.327,-731.277,-2189.253,2.418,-2.808,-6.445,29.98,SENSING
53690.0,-6761.327,-731.277,-2189.253,2.418,-2.808,-6.445,29.98,LISTENING
53740.65,-6629.55,-872.149,-2512.308,2.788,-2.764,-6.315,29.98,SENSING
53740.65,-6629.55,-872.149,-2512.308,2.788,-2.764,-6.315,29.98,LISTENING
53770.0,-6544.667,-952.69,-2696.344,3.0,-2.734,-6.231,29.98,SENSING
53770.0,-6544.667,-952.69,-2696.344,3.0,-2.734,-6.231,29.98,LISTENING
53900.0,-6095.833,-1297.653,-3478.629,3.9,-2.574,-5.791,29.98,SENSING
53900.0,-6095.833,-1297.653,-3478.629,3.9,-2.574,-5.791,29.98,LISTENING
53903.82,-6080.897,-1307.459,-3500.712,3.926,-2.569,-5.777,29.98,SENSING
53903.82,-6080.897,-1307.459,-3500.712,3.926,-2.569,-5.777,29.98,LISTENING
53910.0,-6056.527,-1323.278,-3536.321,3.967,-2.56,-5.753,29.98,SENSING
53910.0,-6056.527,-1323.278,-3536.321,3.967,-2.56,-5.753,29.98,LISTENING
53910.0,-6056.527,-1323.278,-3536.321,3.967,-2.56,-5.753,29.98,SENSING
53910.0,-6056.527,-1323.278,-3536.321,3.967,-2.56,-5.753,29.98,LISTENING
53920.0,-6016.558,-1348.758,-3593.625,4.033,-2.545,-5.714,29.98,SENSING
53920.0,-6016.558,-1348.758,-3593.625,4.033,-2.545,-5.714,29.98,LISTENING
53928.04,-5983.945,-1369.137,-3639.413,4.086,-2.533,-5.682,29.98,SENSING
53928.04,-5983.945,-1369.137,-3639.413,4.086,-2.533,-5.682,29.98,LISTENING
53940.0,-5934.647,-1399.273,-3707.047,4.164,-2.515,-5.634,29.98,SENSING
53940.0,-5934.647,-1399.273,-3707.047,4.164,-2.515,-5.634,29.98,LISTENING
53954.61,-5873.166,-1435.789,-3788.877,4.258,-2.493,-5.574,29.98,SENSING
53954.61,-5873.166,-1435.789,-3788.877,4.258,-2.493,-5.574,29.98,LISTENING
53960.0,-5850.136,-1449.176,-3818.844,4.293,-2.484,-5.551,29.98,SENSING
53960.0,-5850.136,-1449.176,-3818.844,4.293,-2.484,-5.551,29.98,LISTENING
53990.85,-5714.763,-1524.902,-3987.989,4.489,-2.434,-5.419,29.98,SENSING
53990.85,-5714.763,-1524.902,-3987.989,4.489,-2.434,-5.419,29.98,LISTENING
54020.0,-5581.369,-1594.999,-4143.992,4.669,-2.384,-5.289,29.98,SENSING
54020.0,-5581.369,-1594.999,-4143.992,4.669,-2.384,-5.289,29.98,LISTENING
54020.0,-5581.369,-1594.999,-4143.992,4.669,-2.384,-5.289,29.98,SENSING
54020.0,-5581.369,-1594.999,-4143.992,4.669,-2.384,-5.289,29.98,LISTENING
54070.14,-5339.821,-1712.063,-4403.205,4.97,-2.293,-5.054,29.98,SENSING
54070.14,-5339.821,-1712.063,-4403.205,4.97,-2.293,-5.054,29.98,LISTENING
54080.0,-5290.565,-1734.539,-4452.772,5.028,-2.274,-5.006,29.98,SENSING
54080.0,-5290.565,-1734.539,-4452.772,5.028,-2.274,-5.006,29.98,LISTENING
54080.0,-5290.565,-1734.539,-4452.772,5.028,-2.274,-5.006,29.98,SENSING
54080.0,-5290.565,-1734.539,-4452.772,5.028,-2.274,-5.006,29.98,LISTENING
54090.0,-5240.033,-1757.145,-4502.555,5.086,-2.255,-4.956,29.98,SENSING
54090.0,-5240.033,-1757.145,-4502.555,5.086,-2.255,-4.956,29.98,LISTENING
54102.66,-5175.235,-1785.489,-4564.871,5.158,-2.23,-4.893,29.98,SENSING
54102.66,-5175.235,-1785.489,-4564.871,5.158,-2.23,-4.893,29.98,LISTENING
54109.97,-5137.404,-1801.712,-4600.487,5.2,-2.216,-4.856,29.98,SENSING
54109.97,-5137.404,-1801.712,-4600.487,5.2,-2.216,-4.856,29.98,LISTENING
54120.0,-5085.005,-1823.799,-4648.915,5.256,-2.196,-4.805,29.98,SENSING
54120.0,-5085.005,-1823.799,-4648.915,5.256,-2.196,-4.805,29.98,LISTENING
54120.0,-5085.005,-1823.799,-4648.915,5.256,-2.196,-4.805,29.98,SENSING
54120.0,-5085.005,-1823.799,-4648.915,5.256,-2.196,-4.805,29.98,LISTENING
54135.18,-5004.634,-1856.844,-4721.229,5.34,-2.165,-4.727,29.98,SENSING
54135.18,-5004.634,-1856.844,-4721.229,5.34,-2.165,-4.727,29.98,LISTENING
54140.0,-4978.848,-1867.239,-4743.941,5.367,-2.156,-4.702,29.98,SENSING
54140.0,-4978.848,-1867.239,-4743.941,5.367,-2.156,-4.702,29.98,LISTENING
54150.0,-4924.945,-1888.653,-4790.674,5.421,-2.135,-4.649,29.98,SENSING
54150.0,-4924.945,-1888.653,-4790.674,5.421,-2.135,-4.649,29.98,LISTENING
54155.02,-4897.682,-1899.325,-4813.935,5.448,-2.124,-4.623,29.98,SENSING
54155.02,-4897.682,-1899.325,-4813.935,5.448,-2.124,-4.623,29.98,LISTENING
54160.0,-4870.501,-1909.86,-4836.879,5.475,-2.114,-4.596,29.98,SENSING
54160.0,-4870.501,-1909.86,-4836.879,5.475,-2.114,-4.596,29.98,LISTENING
54165.51,-4840.273,-1921.455,-4862.111,5.505,-2.102,-4.567,29.98,SENSING
54165.51,-4840.273,-1921.455,-4862.111,5.505,-2.102,-4.567,29.98,LISTENING
54172.27,-4802.966,-1935.594,-4892.845,5.541,-2.088,-4.531,29.98,SENSING
54172.27,-4802.966,-1935.594,-4892.845,5.541,-2.088,-4.531,29.98,LISTENING
54180.0,-4760.01,-1951.642,-4927.687,5.581,-2.071,-4.489,29.98,SENSING
54180.0,-4760.01,-1951.642,-4927.687,5.581,-2.071,-4.489,29.98,LISTENING
54180.0,-4760.01,-1951.642,-4927.687,5.581,-2.071,-4.489,29.98,SENSING
54180.0,-4760.01,-1951.642,-4927.687,5.581,-2.071,-4.489,29.98,LISTENING
54190.0,-4703.975,-1972.212,-4972.28,5.633,-2.05,-4.434,29.98,SENSING
54190.0,-4703.975,-1972.212,-4972.28,5.633,-2.05,-4.434,29.98,LISTENING
54190.0,-4703.975,-1972.212,-4972.28,5.633,-2.05,-4.434,29.98,SENSING
54190.0,-4703.975,-1972.212,-4972.28,5.633,-2.05,-4.434,29.98,LISTENING
54207.5,-4604.672,-2007.688,-5048.995,5.723,-2.012,-4.338,29.98,SENSING
54207.5,-4604.672,-2007.688,-5048.995,5.723,-2.012,-4.338,29.98,LISTENING
54210.0,-4590.358,-2012.701,-5059.816,5.736,-2.006,-4.324,29.98,SENSING
54210.0,-4590.358,-2012.701,-5059.816,5.736,-2.006,-4.324,29.98,LISTENING
54210.0,-4590.358,-2012.701,-5059.816,5.736,-2.006,-4.324,29.98,SENSING
54210.0,-4590.358,-2012.701,-5059.816,5.736,-2.006,-4.324,29.98,LISTENING
54220.0,-4532.788,-2032.615,-5102.75,5.786,-1.984,-4.268,29.98,SENSING
54220.0,-4532.788,-2032.615,-5102.75,5.786,-1.984,-4.268,29.98,LISTENING
54222.35,-4519.186,-2037.262,-5112.758,5.798,-1.978,-4.254,29.98,SENSING
54222.35,-4519.186,-2037.262,-5112.758,5.798,-1.978,-4.254,29.98,LISTENING
54240.0,-4416.155,-2071.77,-5186.926,5.885,-1.939,-4.154,29.98,SENSING
54240.0,-4416.155,-2071.77,-5186.926,5.885,-1.939,-4.154,29.98,LISTENING
54245.46,-4383.974,-2082.301,-5209.51,5.911,-1.926,-4.123,29.98,SENSING
54245.46,-4383.974,-2082.301,-5209.51,5.911,-1.926,-4.123,29.98,LISTENING
54250.0,-4357.105,-2091.007,-5228.158,5.933,-1.916,-4.097,29.98,SENSING
54250.0,-4357.105,-2091.007,-5228.158,5.933,-1.916,-4.097,29.98,LISTENING
54260.0,-4297.575,-2110.013,-5268.813,5.981,-1.892,-4.039,29.98,SENSING
54260.0,-4297.575,-2110.013,-5268.813,5.981,-1.892,-4.039,29.98,LISTENING
54265.22,-4266.311,-2119.843,-5289.805,6.006,-1.88,-4.008,29.98,SENSING
54265.22,-4266.311,-2119.843,-5289.805,6.006,-1.88,-4.008,29.98,LISTENING
54270.36,-4235.401,-2129.459,-5310.319,6.03,-1.868,-3.978,29.98,SENSING
54270.36,-4235.401,-2129.459,-5310.319,6.03,-1.868,-3.978,29.98,LISTENING
54280.0,-4177.098,-2147.328,-5348.375,6.075,-1.845,-3.921,29.98,SENSING
54280.0,-4177.098,-2147.328,-5348.375,6.075,-1.845,-3.921,29.98,LISTENING
54280.0,-4177.098,-2147.328,-5348.375,6.075,-1.845,-3.921,29.98,SENSING
54280.0,-4177.098,-2147.328,-5348.375,6.075,-1.845,-3.921,29.98,LISTENING
54286.64,-4136.69,-2159.508,-5374.269,6.105,-1.83,-3.882,29.98,SENSING
54286.64,-4136.69,-2159.508,-5374.269,6.105,-1.83,-3.882,29.98,LISTENING
54290.0,-4116.165,-2165.632,-5387.272,6.12,-1.822,-3.862,29.98,SENSING
54290.0,-4116.165,-2165.632,-5387.272,6.12,-1.822,-3.862,29.98,LISTENING
54300.0,-4054.778,-2183.697,-5425.574,6.166,-1.798,-3.802,29.98,SENSING
54300.0,-4054.778,-2183.697,-5425.574,6.166,-1.798,-3.802,29.98,LISTENING
54302.09,-4041.891,-2187.442,-5433.504,6.175,-1.793,-3.79,29.98,SENSING
54302.09,-4041.891,-2187.442,-5433.504,6.175,-1.793,-3.79,29.98,LISTENING
54307.27,-4009.867,-2196.679,-5453.044,6.198,-1.78,-3.759,29.98,SENSING
54307.27,-4009.867,-2196.679,-5453.044,6.198,-1.78,-3.759,29.98,LISTENING
54310.0,-3992.942,-2201.521,-5463.277,6.21,-1.773,-3.742,29.98,SENSING
54310.0,-3992.942,-2201.521,-5463.277,6.21,-1.773,-3.742,29.98,LISTENING
54310.0,-3992.942,-2201.521,-5463.277,6.21,-1.773,-3.742,29.98,SENSING
54310.0,-3992.942,-2201.521,-5463.277,6.21,-1.773,-3.742,29.98,MESSAGING
54310.0,-3992.942,-2201.521,-5463.277,6.21,-1.773,-3.742,29.98,SENSING
54310.0,-3992.942,-2201.521,-5463.277,6.21,-1.773,-3.742,29.98,MESSAGING
54310.0,-3992.942,-2201.521,-5463.277,6.21,-1.773,-3.742,29.98,SENSING
54310.0,-3992.942,-2201.521,-5463.277,6.21,-1.773,-3.742,29.98,LISTENING
54310.0,-3992.942,-2201.521,-5463.277,6.21,-1.773,-3.742,29.98,SENSING
54310.0,-3992.942,-2201.521,-5463.277,6.21,-1.773,-3.742,29.98,LISTENING
54310.0,-3992.942,-2201.521,-5463.277,6.21,-1.773,-3.742,29.98,SENSING
54310.0,-3992.942,-2201.521,-5463.277,6.21,-1.773,-3.742,29.98,LISTENING
54310.0,-3992.942,-2201.521,-5463.277,6.21,-1.773,-3.742,29.98,SENSING
54310.0,-3992.942,-2201.521,-5463.277,6.21,-1.773,-3.742,29.98,MESSAGING
54310.0,-3992.942,-2201.521,-5463.277,6.21,-1.773,-3.742,29.98,MESSAGING
54310.0,-3992.942,-2201.521,-5463.277,6.21,-1.773,-3.742,29.98,SENSING
54310.0,-3992.942,-2201.521,-5463.277,6.21,-1.773,-3.742,29.98,LISTENING
54310.0,-3992.942,-2201.521,-5463.277,6.21,-1.773,-3.742,29.98,SENSING
54310.0,-3992.942,-2201.521,-5463.277,6.21,-1.773,-3.742,29.98,LISTENING
54310.0,-3992.942,-2201.521,-5463.277,6.21,-1.773,-3.742,29.98,SENSING
54310.0,-3992.942,-2201.521,-5463.277,6.21,-1.773,-3.742,29.98,LISTENING
54310.0,-3992.942,-2201.521,-5463.277,6.21,-1.773,-3.742,29.98,SENSING
54310.0,-3992.942,-2201.521,-5463.277,6.21,-1.773,-3.742,29.98,LISTENING
54310.0,-3992.942,-2201.521,-5463.277,6.21,-1.773,-3.742,29.98,SENSING
54310.0,-3992.942,-2201.521,-5463.277,6.21,-1.773,-3.742,29.98,LISTENING
54310.0,-3992.942,-2201.521,-5463.277,6.21,-1.773,-3.742,29.98,SENSING
54310.0,-3992.942,-2201.521,-5463.277,6.21,-1.773,-3.742,29.98,LISTENING
54318.98,-3937.038,-2217.321,-5496.62,6.249,-1.752,-3.688,29.98,SENSING
54318.98,-3937.038,-2217.321,-5496.62,6.249,-1.752,-3.688,29.98,LISTENING
54320.0,-3930.666,-2219.103,-5500.376,6.254,-1.749,-3.681,29.98,SENSING
54320.0,-3930.666,-2219.103,-5500.376,6.254,-1.749,-3.681,29.98,LISTENING
54320.0,-3930.666,-2219.103,-5500.376,6.254,-1.749,-3.681,29.98,SENSING
54320.0,-3930.666,-2219.103,-5500.376,6.254,-1.749,-3.681,29.98,LISTENING
54330.0,-3867.956,-2236.441,-5536.867,6.297,-1.724,-3.62,29.98,SENSING
54330.0,-3867.956,-2236.441,-5536.867,6.297,-1.724,-3.62,29.98,LISTENING
54333.88,-3843.508,-2243.101,-5550.861,6.314,-1.715,-3.597,29.98,SENSING
54333.88,-3843.508,-2243.101,-5550.861,6.314,-1.715,-3.597,29.98,LISTENING
54340.0,-3804.817,-2253.532,-5572.746,6.339,-1.7,-3.559,29.98,SENSING
54340.0,-3804.817,-2253.532,-5572.746,6.339,-1.7,-3.559,29.98,LISTENING
54340.0,-3804.817,-2253.532,-5572.746,6.339,-1.7,-3.559,29.98,SENSING
54340.0,-3804.817,-2253.532,-5572.746,6.339,-1.7,-3.559,29.98,LISTENING
54346.75,-3761.961,-2264.928,-5596.617,6.368,-1.683,-3.517,29.98,SENSING
54346.75,-3761.961,-2264.928,-5596.617,6.368,-1.683,-3.517,29.98,LISTENING
54348.92,-3748.143,-2268.567,-5604.231,6.377,-1.677,-3.504,29.98,SENSING
54348.92,-3748.143,-2268.567,-5604.231,6.377,-1.677,-3.504,29.98,LISTENING
54350.0,-3741.259,-2270.374,-5608.009,6.381,-1.675,-3.497,29.98,SENSING
54350.0,-3741.259,-2270.374,-5608.009,6.381,-1.675,-3.497,29.98,LISTENING
54350.0,-3741.259,-2270.374,-5608.009,6.381,-1.675,-3.497,29.98,SENSING
54350.0,-3741.259,-2270.374,-5608.009,6.381,-1.675,-3.497,29.98,LISTENING
54360.0,-3677.286,-2286.966,-5642.652,6.422,-1.649,-3.435,29.98,SENSING
54360.0,-3677.286,-2286.966,-5642.652,6.422,-1.649,-3.435,29.98,LISTENING
54364.08,-3651.069,-2293.663,-5656.606,6.439,-1.639,-3.409,29.98,SENSING
54364.08,-3651.069,-2293.663,-5656.606,6.439,-1.639,-3.409,29.98,LISTENING
54366.14,-3637.805,-2297.028,-5663.613,6.447,-1.634,-3.396,29.98,SENSING
54366.14,-3637.805,-2297.028,-5663.613,6.447,-1.634,-3.396,29.98,LISTENING
54370.0,-3612.907,-2303.305,-5676.669,6.463,-1.624,-3.372,29.98,SENSING
54370.0,-3612.907,-2303.305,-5676.669,6.463,-1.624,-3.372,29.98,LISTENING
54377.79,-3562.479,-2315.858,-5702.734,6.494,-1.604,-3.323,29.98,SENSING
54377.79,-3562.479,-2315.858,-5702.734,6.494,-1.604,-3.323,29.98,LISTENING
54380.0,-3548.129,-2319.391,-5710.059,6.502,-1.599,-3.309,29.98,SENSING
54380.0,-3548.129,-2319.391,-5710.059,6.502,-1.599,-3.309,29.98,LISTENING
54390.0,-3482.957,-2335.22,-5742.816,6.541,-1.573,-3.246,29.98,SENSING
54390.0,-3482.957,-2335.22,-5742.816,6.541,-1.573,-3.246,29.98,LISTENING
54390.03,-3482.761,-2335.267,-5742.914,6.541,-1.573,-3.245,29.98,SENSING
54390.03,-3482.761,-2335.267,-5742.914,6.541,-1.573,-3.245,29.98,LISTENING
54396.63,-3439.536,-2345.573,-5764.184,6.567,-1.556,-3.203,29.98,SENSING
54396.63,-3439.536,-2345.573,-5764.184,6.567,-1.556,-3.203,29.98,LISTENING
54400.0,-3417.4,-2350.791,-5774.938,6.579,-1.547,-3.182,29.98,SENSING
54400.0,-3417.4,-2350.791,-5774.938,6.579,-1.547,-3.182,29.98,LISTENING
54410.0,-3351.465,-2366.103,-5806.42,6.617,-1.521,-3.118,29.98,SENSING
54410.0,-3351.465,-2366.103,-5806.42,6.617,-1.521,-3.118,29.98,LISTENING
54415.69,-3313.781,-2374.698,-5824.046,6.638,-1.506,-3.081,29.98,SENSING
54415.69,-3313.781,-2374.698,-5824.046,6.638,-1.506,-3.081,29.98,LISTENING
54420.0,-3285.158,-2381.153,-5837.258,6.654,-1.494,-3.053,29.98,SENSING
54420.0,-3285.158,-2381.153,-5837.258,6.654,-1.494,-3.053,29.98,LISTENING
54420.0,-3285.158,-2381.153,-5837.258,6.654,-1.494,-3.053,29.98,SENSING
54420.0,-3285.158,-2381.153,-5837.258,6.654,-1.494,-3.053,29.98,LISTENING
54422.59,-3267.925,-2385.008,-5845.14,6.663,-1.488,-3.036,29.98,SENSING
54422.59,-3267.925,-2385.008,-5845.14,6.663,-1.488,-3.036,29.98,LISTENING
54426.24,-3243.598,-2390.411,-5856.174,6.676,-1.478,-3.013,29.98,SENSING
54426.24,-3243.598,-2390.411,-5856.174,6.676,-1.478,-3.013,29.98,LISTENING
54430.0,-3218.488,-2395.94,-5867.449,6.69,-1.468,-2.988,29.98,SENSING
54430.0,-3218.488,-2395.94,-5867.449,6.69,-1.468,-2.988,29.98,LISTENING
54430.0,-3218.488,-2395.94,-5867.449,6.69,-1.468,-2.988,29.98,SENSING
54430.0,-3218.488,-2395.94,-5867.449,6.69,-1.468,-2.988,29.98,LISTENING
54440.0,-3151.461,-2410.462,-5896.99,6.725,-1.441,-2.923,29.98,SENSING
54440.0,-3151.461,-2410.462,-5896.99,6.725,-1.441,-2.923,29.98,LISTENING
54447.5,-3100.96,-2421.179,-5918.717,6.751,-1.421,-2.874,29.98,SENSING
54447.5,-3100.96,-2421.179,-5918.717,6.751,-1.421,-2.874,29.98,LISTENING
54450.0,-3084.084,-2424.717,-5925.877,6.76,-1.415,-2.857,29.98,SENSING
54450.0,-3084.084,-2424.717,-5925.877,6.76,-1.415,-2.857,29.98,LISTENING
54456.25,-3041.8,-2433.491,-5943.598,6.781,-1.398,-2.816,29.98,SENSING
54456.25,-3041.8,-2433.491,-5943.598,6.781,-1.398,-2.816,29.98,LISTENING
54460.0,-3016.366,-2438.705,-5954.106,6.794,-1.388,-2.791,29.98,SENSING
54460.0,-3016.366,-2438.705,-5954.106,6.794,-1.388,-2.791,29.98,LISTENING
54470.0,-2948.313,-2452.422,-5981.675,6.827,-1.361,-2.725,29.98,SENSING
54470.0,-2948.313,-2452.422,-5981.675,6.827,-1.361,-2.725,29.98,LISTENING
54475.05,-2913.821,-2459.246,-5995.345,6.843,-1.347,-2.692,29.98,SENSING
54475.05,-2913.821,-2459.246,-5995.345,6.843,-1.347,-2.692,29.98,LISTENING
54480.0,-2879.932,-2465.868,-6008.58,6.859,-1.333,-2.659,29.98,SENSING
54480.0,-2879.932,-2465.868,-6008.58,6.859,-1.333,-2.659,29.98,LISTENING
54480.55,-2876.162,-2466.599,-6010.04,6.861,-1.332,-2.655,29.98,SENSING
54480.55,-2876.162,-2466.599,-6010.04,6.861,-1.332,-2.655,29.98,LISTENING
54490.0,-2811.232,-2479.041,-6034.818,6.891,-1.306,-2.592,29.98,SENSING
54490.0,-2811.232,-2479.041,-6034.818,6.891,-1.306,-2.592,29.98,LISTENING
54497.29,-2760.953,-2488.471,-6053.523,6.913,-1.286,-2.543,29.98,SENSING
54497.29,-2760.953,-2488.471,-6053.523,6.913,-1.286,-2.543,29.98,LISTENING
54500.0,-2742.221,-2491.939,-6060.385,6.921,-1.278,-2.524,29.98,SENSING
54500.0,-2742.221,-2491.939,-6060.385,6.921,-1.278,-2.524,29.98,LISTENING
54500.0,-2742.221,-2491.939,-6060.385,6.921,-1.278,-2.524,29.98,SENSING
54500.0,-2742.221,-2491.939,-6060.385,6.921,-1.278,-2.524,29.98,LISTENING
54510.0,-2672.904,-2504.561,-6085.279,6.952,-1.25,-2.457,29.98,SENSING
54510.0,-2672.904,-2504.561,-6085.279,6.952,-1.25,-2.457,29.98,LISTENING
54520.0,-2603.291,-2516.906,-6109.497,6.981,-1.223,-2.389,29.98,SENSING
54520.0,-2603.291,-2516.906,-6109.497,6.981,-1.223,-2.389,29.98,LISTENING
54526.55,-2557.537,-2524.84,-6124.992,7.0,-1.204,-2.345,29.98,SENSING
54526.55,-2557.537,-2524.84,-6124.992,7.0,-1.204,-2.345,29.98,LISTENING
54530.0,-2533.388,-2528.971,-6133.036,7.009,-1.195,-2.321,29.98,SENSING
54530.0,-2533.388,-2528.971,-6133.036,7.009,-1.195,-2.321,29.98,LISTENING
54535.29,-2496.296,-2535.241,-6145.212,7.024,-1.18,-2.285,29.98,SENSING
54535.29,-2496.296,-2535.241,-6145.212,7.024,-1.18,-2.285,29.98,LISTENING
54536.22,-2489.767,-2536.335,-6147.333,7.027,-1.177,-2.279,29.98,SENSING
54536.22,-2489.767,-2536.335,-6147.333,7.027,-1.177,-2.279,29.98,LISTENING
54540.0,-2463.204,-2540.756,-6155.893,7.037,-1.166,-2.253,29.98,SENSING
54540.0,-2463.204,-2540.756,-6155.893,7.037,-1.166,-2.253,29.98,LISTENING
54545.36,-2425.472,-2546.957,-6167.862,7.052,-1.151,-2.216,29.98,SENSING
54545.36,-2425.472,-2546.957,-6167.862,7.052,-1.151,-2.216,29.98,LISTENING
54550.0,-2392.746,-2552.26,-6178.065,7.064,-1.138,-2.184,29.98,SENSING
54550.0,-2392.746,-2552.26,-6178.065,7.064,-1.138,-2.184,29.98,LISTENING
54557.25,-2341.497,-2560.423,-6193.71,7.083,-1.117,-2.134,29.98,SENSING
54557.25,-2341.497,-2560.423,-6193.71,7.083,-1.117,-2.134,29.98,LISTENING
54560.0,-2322.022,-2563.48,-6199.55,7.09,-1.11,-2.115,29.98,SENSING
54560.0,-2322.022,-2563.48,-6199.55,7.09,-1.11,-2.115,29.98,LISTENING
54570.0,-2251.04,-2574.415,-6220.345,7.116,-1.081,-2.046,29.98,SENSING
54570.0,-2251.04,-2574.415,-6220.345,7.116,-1.081,-2.046,29.98,LISTENING
54580.0,-2179.807,-2585.065,-6240.447,7.141,-1.052,-1.977,29.98,SENSING
54580.0,-2179.807,-2585.065,-6240.447,7.141,-1.052,-1.977,29.98,LISTENING
54590.0,-2108.331,-2595.428,-6259.854,7.165,-1.024,-1.907,29.98,SENSING
54590.0,-2108.331,-2595.428,-6259.854,7.165,-1.024,-1.907,29.98,LISTENING
54595.39,-2069.708,-2600.894,-6270.026,7.177,-1.008,-1.869,29.98,SENSING
54595.39,-2069.708,-2600.894,-6270.026,7.177,-1.008,-1.869,29.98,LISTENING
54600.0,-2036.621,-2605.502,-6278.564,7.188,-0.995,-1.837,29.98,SENSING
54600.0,-2036.621,-2605.502,-6278.564,7.188,-0.995,-1.837,29.98,LISTENING
54603.51,-2011.397,-2608.97,-6284.966,7.196,-0.984,-1.812,29.98,SENSING
54603.51,-2011.397,-2608.97,-6284.966,7.196,-0.984,-1.812,29.98,LISTENING
54607.15,-1985.209,-2612.528,-6291.513,7.204,-0.974,-1.787,29.98,SENSING
54607.15,-1985.209,-2612.528,-6291.513,7.204,-0.974,-1.787,29.98,LISTENING
54610.0,-1964.684,-2615.287,-6296.575,7.21,-0.966,-1.767,29.98,SENSING
54610.0,-1964.684,-2615.287,-6296.575,7.21,-0.966,-1.767,29.98,LISTENING
54616.28,-1919.395,-2621.283,-6307.527,7.224,-0.947,-1.723,29.98,SENSING
54616.28,-1919.395,-2621.283,-6307.527,7.224,-0.947,-1.723,29.98,LISTENING
54630.0,-1820.161,-2633.983,-6330.488,7.252,-0.907,-1.626,29.98,SENSING
54630.0,-1820.161,-2633.983,-6330.488,7.252,-0.907,-1.626,29.98,LISTENING
54650.0,-1674.827,-2651.508,-6361.577,7.291,-0.848,-1.484,29.98,SENSING
54650.0,-1674.827,-2651.508,-6361.577,7.291,-0.848,-1.484,29.98,LISTENING
54660.0,-1601.875,-2659.828,-6376.057,7.309,-0.819,-1.413,29.98,SENSING
54660.0,-1601.875,-2659.828,-6376.057,7.309,-0.819,-1.413,29.98,LISTENING
54665.6,-1560.944,-2664.358,-6383.856,7.319,-0.802,-1.373,29.98,SENSING
54665.6,-1560.944,-2664.358,-6383.856,7.319,-0.802,-1.373,29.98,LISTENING
54670.0,-1528.745,-2667.852,-6389.826,7.327,-0.789,-1.342,29.98,SENSING
54670.0,-1528.745,-2667.852,-6389.826,7.327,-0.789,-1.342,29.98,LISTENING
54687.13,-1403.081,-2680.906,-6411.753,7.355,-0.738,-1.219,29.98,SENSING
54687.13,-1403.081,-2680.906,-6411.753,7.355,-0.738,-1.219,29.98,LISTENING
54700.0,-1308.363,-2690.137,-6426.844,7.374,-0.699,-1.127,29.98,SENSING
54700.0,-1308.363,-2690.137,-6426.844,7.374,-0.699,-1.127,29.98,LISTENING
54700.0,-1308.363,-2690.137,-6426.844,7.374,-0.699,-1.127,29.98,SENSING
54700.0,-1308.363,-2690.137,-6426.844,7.374,-0.699,-1.127,29.98,LISTENING
54707.04,-1256.448,-2694.976,-6434.596,7.385,-0.678,-1.076,29.98,SENSING
54707.04,-1256.448,-2694.976,-6434.596,7.385,-0.678,-1.076,29.98,LISTENING
54720.0,-1160.698,-2703.496,-6447.934,7.402,-0.639,-0.983,29.98,SENSING
54720.0,-1160.698,-2703.496,-6447.934,7.402,-0.639,-0.983,29.98,LISTENING
54720.0,-1160.698,-2703.496,-6447.934,7.402,-0.639,-0.983,29.98,SENSING
54720.0,-1160.698,-2703.496,-6447.934,7.402,-0.639,-0.983,29.98,LISTENING
54731.66,-1074.365,-2710.728,-6458.899,7.417,-0.604,-0.899,29.98,SENSING
54731.66,-1074.365,-2710.728,-6458.899,7.417,-0.604,-0.899,29.98,LISTENING
54740.0,-1012.513,-2715.649,-6466.139,7.426,-0.578,-0.838,29.98,SENSING
54740.0,-1012.513,-2715.649,-6466.139,7.426,-0.578,-0.838,29.98,LISTENING
54750.0,-938.247,-2721.271,-6474.157,7.437,-0.548,-0.766,29.98,SENSING
54750.0,-938.247,-2721.271,-6474.157,7.437,-0.548,-0.766,29.98,LISTENING
54756.14,-892.594,-2724.572,-6478.721,7.444,-0.529,-0.721,29.98,SENSING
54756.14,-892.594,-2724.572,-6478.721,7.444,-0.529,-0.721,29.98,LISTENING
54760.0,-863.875,-2726.589,-6481.45,7.447,-0.517,-0.693,29.98,SENSING
54760.0,-863.875,-2726.589,-6481.45,7.447,-0.517,-0.693,29.98,LISTENING
54768.16,-803.116,-2730.703,-6486.863,7.455,-0.492,-0.634,29.98,SENSING
54768.16,-803.116,-2730.703,-6486.863,7.455,-0.492,-0.634,29.98,LISTENING
54780.0,-714.851,-2736.311,-6493.857,7.465,-0.456,-0.548,29.98,SENSING
54780.0,-714.851,-2736.311,-6493.857,7.465,-0.456,-0.548,29.98,LISTENING
54870.0,-41.244,-2764.863,-6513.594,7.503,-0.178,0.11,29.98,SENSING
54870.0,-41.244,-2764.863,-6513.594,7.503,-0.178,0.11,29.98,LISTENING
54890.0,108.713,-2767.809,-6509.936,7.503,-0.116,0.256,29.98,SENSING
54890.0,108.713,-2767.809,-6509.936,7.503,-0.116,0.256,29.98,LISTENING
55019.14,1072.851,-2756.896,-6415.936,7.416,0.286,1.199,29.98,SENSING
55019.14,1072.851,-2756.896,-6415.936,7.416,0.286,1.199,29.98,LISTENING
55030.0,1153.262,-2753.615,-6402.498,7.403,0.32,1.277,29.98,SENSING
55030.0,1153.262,-2753.615,-6402.498,7.403,0.32,1.277,29.98,LISTENING
55030.0,1153.262,-2753.615,-6402.498,7.403,0.32,1.277,29.98,SENSING
55030.0,1153.262,-2753.615,-6402.498,7.403,0.32,1.277,29.98,LISTENING
55110.0,1740.173,-2718.198,-6277.343,7.272,0.567,1.852,29.98,SENSING
55110.0,1740.173,-2718.198,-6277.343,7.272,0.567,1.852,29.98,LISTENING
55159.64,2098.285,-2686.331,-6176.764,7.164,0.719,2.202,29.98,SENSING
55159.64,2098.285,-2686.331,-6176.764,7.164,0.719,2.202,29.98,LISTENING
55170.0,2172.318,-2678.733,-6153.587,7.139,0.751,2.275,29.98,SENSING
55170.0,2172.318,-2678.733,-6153.587,7.139,0.751,2.275,29.98,LISTENING
55170.0,2172.318,-2678.733,-6153.587,7.139,0.751,2.275,29.98,SENSING
55170.0,2172.318,-2678.733,-6153.587,7.139,0.751,2.275,29.98,LISTENING
55294.6,3039.416,-2562.146,-5816.983,6.769,1.122,3.124,29.98,SENSING
55294.6,3039.416,-2562.146,-5816.983,6.769,1.122,3.124,29.98,LISTENING
55300.0,3075.891,-2556.057,-5800.027,6.75,1.138,3.159,29.98,SENSING
55300.0,3075.891,-2556.057,-5800.027,6.75,1.138,3.159,29.98,LISTENING
55455.0,4074.602,-2346.017,-5233.521,6.116,1.572,4.138,29.98,SENSING
55455.0,4074.602,-2346.017,-5233.521,6.116,1.572,4.138,29.98,LISTENING
55460.0,4105.102,-2338.139,-5212.767,6.093,1.585,4.168,29.98,SENSING
55460.0,4105.102,-2338.139,-5212.767,6.093,1.585,4.168,29.98,LISTENING
55511.06,4409.69,-2253.913,-4992.398,5.844,1.719,4.466,29.98,SENSING
55511.06,4409.69,-2253.913,-4992.398,5.844,1.719,4.466,29.98,LISTENING
55530.0,4519.375,-2220.951,-4906.831,5.747,1.768,4.574,29.98,SENSING
55530.0,4519.375,-2220.951,-4906.831,5.747,1.768,4.574,29.98,LISTENING
55537.02,4559.56,-2208.501,-4874.602,5.71,1.786,4.613,29.98,SENSING
55537.02,4559.56,-2208.501,-4874.602,5.71,1.786,4.613,29.98,LISTENING
55540.0,4576.541,-2203.179,-4860.838,5.695,1.793,4.63,29.98,SENSING
55540.0,4576.541,-2203.179,-4860.838,5.695,1.793,4.63,29.98,LISTENING
55624.98,5040.524,-2042.198,-4448.041,5.225,2.0,5.084,29.98,SENSING
55624.98,5040.524,-2042.198,-4448.041,5.225,2.0,5.084,29.98,LISTENING
55650.0,5169.343,-1991.523,-4319.324,5.079,2.058,5.21,29.98,SENSING
55650.0,5169.343,-1991.523,-4319.324,5.079,2.058,5.21,29.98,LISTENING
55655.78,5198.577,-1979.612,-4289.143,5.044,2.071,5.239,29.98,SENSING
55655.78,5198.577,-1979.612,-4289.143,5.044,2.071,5.239,29.98,LISTENING
55660.0,5219.795,-1970.868,-4267.004,5.019,2.081,5.259,29.98,SENSING
55660.0,5219.795,-1970.868,-4267.004,5.019,2.081,5.259,29.98,LISTENING
55671.31,5276.133,-1947.235,-4207.24,4.951,2.106,5.314,29.98,SENSING
55671.31,5276.133,-1947.235,-4207.24,4.951,2.106,5.314,29.98,LISTENING
55680.0,5318.895,-1928.882,-4160.9,4.898,2.126,5.356,29.98,SENSING
55680.0,5318.895,-1928.882,-4160.9,4.898,2.126,5.356,29.98,LISTENING
55680.0,5318.895,-1928.882,-4160.9,4.898,2.126,5.356,29.98,SENSING
55680.0,5318.895,-1928.882,-4160.9,4.898,2.126,5.356,29.98,LISTENING
55691.84,5376.413,-1903.608,-4097.181,4.825,2.152,5.412,29.98,SENSING
55691.84,5376.413,-1903.608,-4097.181,4.825,2.152,5.412,29.98,LISTENING
55720.0,5509.715,-1842.275,-3943.0,4.649,2.212,5.543,29.98,SENSING
55720.0,5509.715,-1842.275,-3943.0,4.649,2.212,5.543,29.98,LISTENING
55720.0,5509.715,-1842.275,-3943.0,4.649,2.212,5.543,29.98,SENSING
55720.0,5509.715,-1842.275,-3943.0,4.649,2.212,5.543,29.98,LISTENING
55730.0,5555.85,-1820.089,-3887.376,4.585,2.233,5.588,29.98,SENSING
55730.0,5555.85,-1820.089,-3887.376,4.585,2.233,5.588,29.98,LISTENING
56026.19,6611.715,-1079.866,-2066.064,2.488,2.732,6.614,29.98,SENSING
56026.19,6611.715,-1079.866,-2066.064,2.488,2.732,6.614,29.98,LISTENING
56060.0,6691.392,-986.96,-1841.256,2.228,2.773,6.69,29.98,SENSING
56060.0,6691.392,-986.96,-1841.256,2.228,2.773,6.69,29.98,LISTENING
56066.23,6705.113,-969.695,-1799.558,2.18,2.78,6.703,29.98,SENSING
56066.23,6705.113,-969.695,-1799.558,2.18,2.78,6.703,29.98,LISTENING
56068.35,6709.713,-963.81,-1785.349,2.163,2.782,6.708,29.98,SENSING
56068.35,6709.713,-963.81,-1785.349,2.163,2.782,6.708,29.98,MANEUVERING
56068.35,6709.713,-963.81,-1785.349,2.163,2.782,6.708,29.98,LISTENING
56070.0,6713.27,-959.226,-1774.285,2.151,2.784,6.711,28.33,MANEUVERING
56070.0,6713.27,-959.226,-1774.285,2.151,2.784,6.711,28.33,SENSING
56070.0,6713.27,-959.226,-1774.285,2.151,2.784,6.711,28.33,MANEUVERING
56070.0,6713.27,-959.226,-1774.285,2.151,2.784,6.711,28.33,LISTENING
56080.0,6734.371,-931.382,-1707.109,2.073,2.795,6.731,18.33,MANEUVERING
56080.0,6734.371,-931.382,-1707.109,2.073,2.795,6.731,18.33,SENSING
56080.0,6734.371,-931.382,-1707.109,2.073,2.795,6.731,18.33,MEASURING
56080.0,6734.371,-931.382,-1707.109,2.073,2.795,6.731,18.33,SENSING
56080.0,6734.371,-931.382,-1707.109,2.073,2.795,6.731,18.33,LISTENING
56100.0,6774.237,-875.374,-1572.172,1.917,2.816,6.769,18.33,SENSING
56100.0,6774.237,-875.374,-1572.172,1.917,2.816,6.769,18.33,LISTENING
56112.22,6797.055,-840.953,-1489.364,1.821,2.828,6.791,18.33,SENSING
56112.22,6797.055,-840.953,-1489.364,1.821,2.828,6.791,18.33,LISTENING
56116.74,6805.198,-828.184,-1458.668,1.785,2.832,6.798,18.33,SENSING
56116.74,6805.198,-828.184,-1458.668,1.785,2.832,6.798,18.33,MANEUVERING
56116.74,6805.198,-828.184,-1458.668,1.785,2.832,6.798,18.33,LISTENING
56130.0,6828.158,-790.613,-1368.423,1.681,2.845,6.82,31.59,MANEUVERING
56130.0,6828.158,-790.613,-1368.423,1.681,2.845,6.82,31.59,SENSING
56130.0,6828.158,-790.613,-1368.423,1.681,2.845,6.82,31.59,MEASURING
56130.0,6828.158,-790.613,-1368.423,1.681,2.845,6.82,31.59,SENSING
56130.0,6828.158,-790.613,-1368.423,1.681,2.845,6.82,31.59,LISTENING
56140.0,6844.555,-762.172,-1300.179,1.601,2.854,6.835,31.59,SENSING
56140.0,6844.555,-762.172,-1300.179,1.601,2.854,6.835,31.59,LISTENING
56195.03,6920.583,-604.177,-922.158,1.163,2.897,6.906,31.59,SENSING
56195.03,6920.583,-604.177,-922.158,1.163,2.897,6.906,31.59,LISTENING
56220.0,6947.101,-531.757,-749.485,0.963,2.914,6.93,31.59,SENSING
56220.0,6947.101,-531.757,-749.485,0.963,2.914,6.93,31.59,LISTENING
56220.0,6947.101,-531.757,-749.485,0.963,2.914,6.93,31.59,SENSING
56220.0,6947.101,-531.757,-749.485,0.963,2.914,6.93,31.59,LISTENING
56260.0,6979.135,-414.968,-471.8,0.64,2.936,6.959,31.59,SENSING
56260.0,6979.135,-414.968,-471.8,0.64,2.936,6.959,31.59,MEASURING
56260.0,6979.135,-414.968,-471.8,0.64,2.936,6.959,31.59,SENSING
56260.0,6979.135,-414.968,-471.8,0.64,2.936,6.959,31.59,LISTENING
56320.93,7003.096,-235.669,-47.312,0.147,2.958,6.977,31.59,SENSING
56320.93,7003.096,-235.669,-47.312,0.147,2.958,6.977,31.59,LISTENING
56330.0,7004.093,-208.873,15.938,0.073,2.961,6.977,31.59,SENSING
56330.0,7004.093,-208.873,15.938,0.073,2.961,6.977,31.59,LISTENING
56330.0,7004.093,-208.873,15.938,0.073,2.961,6.977,31.59,SENSING
56330.0,7004.093,-208.873,15.938,0.073,2.961,6.977,31.59,LISTENING
56481.07,6922.845,238.401,1064.605,-1.147,2.958,6.883,31.59,SENSING
56481.07,6922.845,238.401,1064.605,-1.147,2.958,6.883,31.59,LISTENING
56520.0,6872.167,353.118,1331.394,-1.458,2.945,6.829,31.59,SENSING
56520.0,6872.167,353.118,1331.394,-1.458,2.945,6.829,31.59,LISTENING
56520.0,6872.167,353.118,1331.394,-1.458,2.945,6.829,31.59,SENSING
56520.0,6872.167,353.118,1331.394,-1.458,2.945,6.829,31.59,LISTENING
56530.0,6857.202,382.494,1399.566,-1.537,2.941,6.813,31.59,SENSING
56530.0,6857.202,382.494,1399.566,-1.537,2.941,6.813,31.59,LISTENING
56547.03,6829.893,432.418,1515.286,-1.672,2.933,6.784,31.59,SENSING
56547.03,6829.893,432.418,1515.286,-1.672,2.933,6.784,31.59,LISTENING
56560.0,6807.558,470.345,1603.079,-1.774,2.926,6.761,31.59,SENSING
56560.0,6807.558,470.345,1603.079,-1.774,2.926,6.761,31.59,LISTENING
56586.28,6758.25,546.904,1779.994,-1.98,2.91,6.709,31.59,SENSING
56586.28,6758.25,546.904,1779.994,-1.98,2.91,6.709,31.59,LISTENING
56590.0,6750.834,557.707,1804.925,-2.009,2.908,6.701,31.59,SENSING
56590.0,6750.834,557.707,1804.925,-2.009,2.908,6.701,31.59,LISTENING
56606.1,6717.494,604.359,1912.489,-2.135,2.897,6.667,31.59,SENSING
56606.1,6717.494,604.359,1912.489,-2.135,2.897,6.667,31.59,LISTENING
56630.0,6664.295,673.276,2071.097,-2.32,2.88,6.612,31.59,SENSING
56630.0,6664.295,673.276,2071.097,-2.32,2.88,6.612,31.59,LISTENING
56651.03,6613.847,733.552,2209.532,-2.481,2.863,6.56,31.59,SENSING
56651.03,6613.847,733.552,2209.532,-2.481,2.863,6.56,31.59,LISTENING
56660.0,6591.3,759.15,2268.24,-2.549,2.855,6.537,31.59,SENSING
56660.0,6591.3,759.15,2268.24,-2.549,2.855,6.537,31.59,LISTENING
56686.23,6521.864,833.591,2438.684,-2.748,2.831,6.465,31.59,SENSING
56686.23,6521.864,833.591,2438.684,-2.748,2.831,6.465,31.59,LISTENING
56700.0,6483.335,872.41,2527.395,-2.852,2.817,6.426,31.59,SENSING
56700.0,6483.335,872.41,2527.395,-2.852,2.817,6.426,31.59,LISTENING
56706.19,6465.553,889.798,2567.094,-2.898,2.811,6.408,31.59,SENSING
56706.19,6465.553,889.798,2567.094,-2.898,2.811,6.408,31.59,MANEUVERING
56706.19,6465.553,889.798,2567.094,-2.898,2.811,6.408,31.59,LISTENING
56730.0,6394.495,956.312,2718.724,-3.075,2.786,6.335,7.78,MANEUVERING
56730.0,6394.495,956.312,2718.724,-3.075,2.786,6.335,7.78,SENSING
56730.0,6394.495,956.312,2718.724,-3.075,2.786,6.335,7.78,MEASURING
56730.0,6394.495,956.312,2718.724,-3.075,2.786,6.335,7.78,SENSING
56730.0,6394.495,956.312,2718.724,-3.075,2.786,6.335,7.78,LISTENING
56734.16,6381.649,967.87,2745.036,-3.105,2.781,6.322,7.78,SENSING
56734.16,6381.649,967.87,2745.036,-3.105,2.781,6.322,7.78,LISTENING
56740.0,6363.402,984.063,2781.882,-3.148,2.774,6.303,7.78,SENSING
56740.0,6363.402,984.063,2781.882,-3.148,2.774,6.303,7.78,LISTENING
56743.45,6352.504,993.612,2803.598,-3.174,2.771,6.292,7.78,SENSING
56743.45,6352.504,993.612,2803.598,-3.174,2.771,6.292,7.78,MANEUVERING
56743.45,6352.504,993.612,2803.598,-3.174,2.771,6.292,7.78,LISTENING
56760.0,6299.017,1039.224,2907.229,-3.294,2.751,6.237,-8.77,MANEUVERING
56760.0,6299.017,1039.224,2907.229,-3.294,2.751,6.237,-8.77,SENSING
56760.0,6299.017,1039.224,2907.229,-3.294,2.751,6.237,-8.77,MEASURING
56760.0,6299.017,1039.224,2907.229,-3.294,2.751,6.237,-8.77,SENSING
56760.0,6299.017,1039.224,2907.229,-3.294,2.751,6.237,-8.77,LISTENING
56770.62,6263.645,1068.321,2973.247,-3.371,2.738,6.201,-8.77,SENSING
56770.62,6263.645,1068.321,2973.247,-3.371,2.738,6.201,-8.77,LISTENING
56782.94,6221.592,1101.903,3049.347,-3.46,2.723,6.159,-8.77,SENSING
56782.94,6221.592,1101.903,3049.347,-3.46,2.723,6.159,-8.77,MANEUVERING
56782.94,6221.592,1101.903,3049.347,-3.46,2.723,6.159,-8.77,LISTENING
56790.0,6197.002,1121.06,3092.717,-3.511,2.714,6.134,-1.71,MANEUVERING
56790.0,6197.002,1121.06,3092.717,-3.511,2.714,6.134,-1.71,SENSING
56790.0,6197.002,1121.06,3092.717,-3.511,2.714,6.134,-1.71,MANEUVERING
56790.0,6197.002,1121.06,3092.717,-3.511,2.714,6.134,-1.71,LISTENING
56795.99,6175.86,1137.264,3129.374,-3.553,2.706,6.112,4.28,MANEUVERING
56795.99,6175.86,1137.264,3129.374,-3.553,2.706,6.112,4.28,SENSING
56795.99,6175.86,1137.264,3129.374,-3.553,2.706,6.112,4.28,MANEUVERING
56795.99,6175.86,1137.264,3129.374,-3.553,2.706,6.112,4.28,LISTENING
56810.0,6125.415,1174.979,3214.604,-3.653,2.687,6.061,18.29,MANEUVERING
56810.0,6125.415,1174.979,3214.604,-3.653,2.687,6.061,18.29,SENSING
56810.0,6125.415,1174.979,3214.604,-3.653,2.687,6.061,18.29,MANEUVERING
56810.0,6125.415,1174.979,3214.604,-3.653,2.687,6.061,18.29,LISTENING
56815.37,6105.712,1189.365,3247.081,-3.691,2.68,6.041,23.66,MANEUVERING
56815.37,6105.712,1189.365,3247.081,-3.691,2.68,6.041,23.66,SENSING
56815.37,6105.712,1189.365,3247.081,-3.691,2.68,6.041,23.66,MANEUVERING
56815.37,6105.712,1189.365,3247.081,-3.691,2.68,6.041,23.66,LISTENING
56820.0,6088.561,1201.737,3274.995,-3.723,2.674,6.023,28.29,MANEUVERING
56820.0,6088.561,1201.737,3274.995,-3.723,2.674,6.023,28.29,SENSING
56820.0,6088.561,1201.737,3274.995,-3.723,2.674,6.023,28.29,MEASURING
56820.0,6088.561,1201.737,3274.995,-3.723,2.674,6.023,28.29,SENSING
56820.0,6088.561,1201.737,3274.995,-3.723,2.674,6.023,28.29,LISTENING
56825.57,6067.729,1216.582,3308.47,-3.762,2.666,6.002,28.29,SENSING
56825.57,6067.729,1216.582,3308.47,-3.762,2.666,6.002,28.29,LISTENING
56830.0,6051.005,1228.357,3335.009,-3.793,2.66,5.985,28.29,SENSING
56830.0,6051.005,1228.357,3335.009,-3.793,2.66,5.985,28.29,MEASURING
56830.0,6051.005,1228.357,3335.009,-3.793,2.66,5.985,28.29,SENSING
56830.0,6051.005,1228.357,3335.009,-3.793,2.66,5.985,28.29,LISTENING
56835.49,6030.091,1242.912,3367.794,-3.831,2.652,5.964,28.29,SENSING
56835.49,6030.091,1242.912,3367.794,-3.831,2.652,5.964,28.29,LISTENING
56840.0,6012.753,1254.836,3394.639,-3.863,2.645,5.947,28.29,SENSING
56840.0,6012.753,1254.836,3394.639,-3.863,2.645,5.947,28.29,LISTENING
56840.0,6012.753,1254.836,3394.639,-3.863,2.645,5.947,28.29,SENSING
56840.0,6012.753,1254.836,3394.639,-3.863,2.645,5.947,28.29,LISTENING
56841.13,6008.387,1257.819,3401.352,-3.87,2.644,5.942,28.29,SENSING
56841.13,6008.387,1257.819,3401.352,-3.87,2.644,5.942,28.29,MANEUVERING
56841.13,6008.387,1257.819,3401.352,-3.87,2.644,5.942,28.29,LISTENING
56850.0,5973.808,1281.171,3453.877,-3.932,2.631,5.907,19.42,MANEUVERING
56850.0,5973.808,1281.171,3453.877,-3.932,2.631,5.907,19.42,SENSING
56850.0,5973.808,1281.171,3453.877,-3.932,2.631,5.907,19.42,MEASURING
56850.0,5973.808,1281.171,3453.877,-3.932,2.631,5.907,19.42,SENSING
56850.0,5973.808,1281.171,3453.877,-3.932,2.631,5.907,19.42,LISTENING
56856.44,5948.363,1298.053,3491.817,-3.976,2.621,5.881,19.42,SENSING
56856.44,5948.363,1298.053,3491.817,-3.976,2.621,5.881,19.42,MANEUVERING
56856.44,5948.363,1298.053,3491.817,-3.976,2.621,5.881,19.42,LISTENING
56860.0,5934.175,1307.359,3512.718,-4.0,2.616,5.867,22.98,MANEUVERING
56860.0,5934.175,1307.359,3512.718,-4.0,2.616,5.867,22.98,SENSING
56860.0,5934.175,1307.359,3512.718,-4.0,2.616,5.867,22.98,MEASURING
56860.0,5934.175,1307.359,3512.718,-4.0,2.616,5.867,22.98,SENSING
56860.0,5934.175,1307.359,3512.718,-4.0,2.616,5.867,22.98,MESSAGING
56860.0,5934.175,1307.359,3512.718,-4.0,2.616,5.867,22.98,MESSAGING
56860.0,5934.175,1307.359,3512.718,-4.0,2.616,5.867,22.98,SENSING
56860.0,5934.175,1307.359,3512.718,-4.0,2.616,5.867,22.98,MEASURING
56860.0,5934.175,1307.359,3512.718,-4.0,2.616,5.867,22.98,MESSAGING
56860.0,5934.175,1307.359,3512.718,-4.0,2.616,5.867,22.98,SENSING
56860.0,5934.175,1307.359,3512.718,-4.0,2.616,5.867,22.98,MESSAGING
56860.0,5934.175,1307.359,3512.718,-4.0,2.616,5.867,22.98,MESSAGING
56860.0,5934.175,1307.359,3512.718,-4.0,2.616,5.867,22.98,SENSING
56860.0,5934.175,1307.359,3512.718,-4.0,2.616,5.867,22.98,LISTENING
56860.0,5934.175,1307.359,3512.718,-4.0,2.616,5.867,22.98,SENSING
56860.0,5934.175,1307.359,3512.718,-4.0,2.616,5.867,22.98,LISTENING
56868.78,5898.814,1330.228,3564.047,-4.06,2.603,5.831,22.98,SENSING
56868.78,5898.814,1330.228,3564.047,-4.06,2.603,5.831,22.98,MANEUVERING
56868.78,5898.814,1330.228,3564.047,-4.06,2.603,5.831,22.98,LISTENING
56890.0,5811.197,1385.01,3686.787,-4.203,2.569,5.743,1.76,MANEUVERING
56890.0,5811.197,1385.01,3686.787,-4.203,2.569,5.743,1.76,SENSING
56890.0,5811.197,1385.01,3686.787,-4.203,2.569,5.743,1.76,MEASURING
56890.0,5811.197,1385.01,3686.787,-4.203,2.569,5.743,1.76,SENSING
56890.0,5811.197,1385.01,3686.787,-4.203,2.569,5.743,1.76,LISTENING
56906.7,5740.124,1427.62,3782.041,-4.314,2.542,5.671,1.76,SENSING
56906.7,5740.124,1427.62,3782.041,-4.314,2.542,5.671,1.76,MANEUVERING
56906.7,5740.124,1427.62,3782.041,-4.314,2.542,5.671,1.76,LISTENING
56910.0,5725.861,1435.987,3800.721,-4.336,2.537,5.656,5.06,MANEUVERING
56910.0,5725.861,1435.987,3800.721,-4.336,2.537,5.656,5.06,SENSING
56910.0,5725.861,1435.987,3800.721,-4.336,2.537,5.656,5.06,MEASURING
56910.0,5725.861,1435.987,3800.721,-4.336,2.537,5.656,5.06,SENSING
56910.0,5725.861,1435.987,3800.721,-4.336,2.537,5.656,5.06,LISTENING
56990.0,5358.597,1633.079,4238.465,-4.846,2.396,5.286,5.06,SENSING
56990.0,5358.597,1633.079,4238.465,-4.846,2.396,5.286,5.06,MEASURING
56990.0,5358.597,1633.079,4238.465,-4.846,2.396,5.286,5.06,SENSING
56990.0,5358.597,1633.079,4238.465,-4.846,2.396,5.286,5.06,LISTENING
57007.03,5275.236,1673.538,4327.732,-4.95,2.364,5.202,5.06,SENSING
57007.03,5275.236,1673.538,4327.732,-4.95,2.364,5.202,5.06,MANEUVERING
57007.03,5275.236,1673.538,4327.732,-4.95,2.364,5.202,5.06,LISTENING
57010.0,5260.517,1680.537,4343.154,-4.968,2.358,5.188,2.09,MANEUVERING
57010.0,5260.517,1680.537,4343.154,-4.968,2.358,5.188,2.09,SENSING
57010.0,5260.517,1680.537,4343.154,-4.968,2.358,5.188,2.09,MEASURING
57010.0,5260.517,1680.537,4343.154,-4.968,2.358,5.188,2.09,SENSING
57010.0,5260.517,1680.537,4343.154,-4.968,2.358,5.188,2.09,LISTENING
57020.0,5210.569,1703.978,4394.753,-5.028,2.338,5.137,2.09,SENSING
57020.0,5210.569,1703.978,4394.753,-5.028,2.338,5.137,2.09,MEASURING
57020.0,5210.569,1703.978,4394.753,-5.028,2.338,5.137,2.09,SENSING
57020.0,5210.569,1703.978,4394.753,-5.028,2.338,5.137,2.09,LISTENING
57026.4,5178.287,1718.879,4427.512,-5.067,2.326,5.105,2.09,SENSING
57026.4,5178.287,1718.879,4427.512,-5.067,2.326,5.105,2.09,MANEUVERING
57026.4,5178.287,1718.879,4427.512,-5.067,2.326,5.105,2.09,LISTENING
57060.0,5004.855,1795.768,4596.048,-5.263,2.258,4.931,-31.51,MANEUVERING
57060.0,5004.855,1795.768,4596.048,-5.263,2.258,4.931,-31.51,SENSING
57060.0,5004.855,1795.768,4596.048,-5.263,2.258,4.931,-31.51,MEASURING
57060.0,5004.855,1795.768,4596.048,-5.263,2.258,4.931,-31.51,SENSING
57060.0,5004.855,1795.768,4596.048,-5.263,2.258,4.931,-31.51,LISTENING
57072.45,4938.936,1823.674,4656.997,-5.334,2.232,4.865,-31.51,SENSING
57072.45,4938.936,1823.674,4656.997,-5.334,2.232,4.865,-31.51,MANEUVERING
57072.45,4938.936,1823.674,4656.997,-5.334,2.232,4.865,-31.51,LISTENING
57080.0,4898.532,1840.44,4693.555,-5.376,2.217,4.824,-23.96,MANEUVERING
57080.0,4898.532,1840.44,4693.555,-5.376,2.217,4.824,-23.96,SENSING
57080.0,4898.532,1840.44,4693.555,-5.376,2.217,4.824,-23.96,MEASURING
57080.0,4898.532,1840.44,4693.555,-5.376,2.217,4.824,-23.96,SENSING
57080.0,4898.532,1840.44,4693.555,-5.376,2.217,4.824,-23.96,LISTENING
57095.65,4813.766,1874.81,4768.356,-5.464,2.183,4.739,-23.96,SENSING
57095.65,4813.766,1874.81,4768.356,-5.464,2.183,4.739,-23.96,MANEUVERING
57095.65,4813.766,1874.81,4768.356,-5.464,2.183,4.739,-23.96,LISTENING
57100.0,4789.964,1884.271,4788.91,-5.488,2.174,4.716,-28.31,MANEUVERING
57100.0,4789.964,1884.271,4788.91,-5.488,2.174,4.716,-28.31,SENSING
57100.0,4789.964,1884.271,4788.91,-5.488,2.174,4.716,-28.31,MEASURING
57100.0,4789.964,1884.271,4788.91,-5.488,2.174,4.716,-28.31,SENSING
57100.0,4789.964,1884.271,4788.91,-5.488,2.174,4.716,-28.31,LISTENING
57157.82,4463.934,2006.075,5052.09,-5.794,2.045,4.39,-28.31,SENSING
57157.82,4463.934,2006.075,5052.09,-5.794,2.045,4.39,-28.31,MANEUVERING
57157.82,4463.934,2006.075,5052.09,-5.794,2.045,4.39,-28.31,LISTENING
57170.0,4393.034,2030.772,5105.098,-5.856,2.017,4.319,-16.13,MANEUVERING
57170.0,4393.034,2030.772,5105.098,-5.856,2.017,4.319,-16.13,SENSING
57170.0,4393.034,2030.772,5105.098,-5.856,2.017,4.319,-16.13,MEASURING
57170.0,4393.034,2030.772,5105.098,-5.856,2.017,4.319,-16.13,SENSING
57170.0,4393.034,2030.772,5105.098,-5.856,2.017,4.319,-16.13,LISTENING
57177.12,4351.243,2045.051,5135.684,-5.891,2.001,4.277,-16.13,SENSING
57177.12,4351.243,2045.051,5135.684,-5.891,2.001,4.277,-16.13,MANEUVERING
57177.12,4351.243,2045.051,5135.684,-5.891,2.001,4.277,-16.13,LISTENING
57180.0,4334.267,2050.793,5147.971,-5.906,1.994,4.26,-19.01,MANEUVERING
57180.0,4334.267,2050.793,5147.971,-5.906,1.994,4.26,-19.01,SENSING
57180.0,4334.267,2050.793,5147.971,-5.906,1.994,4.26,-19.01,MEASURING
57180.0,4334.267,2050.793,5147.971,-5.906,1.994,4.26,-19.01,SENSING
57180.0,4334.267,2050.793,5147.971,-5.906,1.994,4.26,-19.01,LISTENING
57190.0,4275.005,2070.579,5190.255,-5.955,1.97,4.201,-19.01,SENSING
57190.0,4275.005,2070.579,5190.255,-5.955,1.97,4.201,-19.01,MEASURING
57190.0,4275.005,2070.579,5190.255,-5.955,1.97,4.201,-19.01,SENSING
57190.0,4275.005,2070.579,5190.255,-5.955,1.97,4.201,-19.01,LISTENING
57204.31,4189.352,2098.482,5249.731,-6.024,1.936,4.116,-19.01,SENSING
57204.31,4189.352,2098.482,5249.731,-6.024,1.936,4.116,-19.01,MANEUVERING
57204.31,4189.352,2098.482,5249.731,-6.024,1.936,4.116,-19.01,LISTENING
57220.0,4094.314,2128.514,5313.529,-6.099,1.898,4.021,-3.32,MANEUVERING
57220.0,4094.314,2128.514,5313.529,-6.099,1.898,4.021,-3.32,SENSING
57220.0,4094.314,2128.514,5313.529,-6.099,1.898,4.021,-3.32,MEASURING
57220.0,4094.314,2128.514,5313.529,-6.099,1.898,4.021,-3.32,SENSING
57220.0,4094.314,2128.514,5313.529,-6.099,1.898,4.021,-3.32,LISTENING
57229.95,4033.446,2147.249,5353.215,-6.145,1.874,3.96,-3.32,SENSING
57229.95,4033.446,2147.249,5353.215,-6.145,1.874,3.96,-3.32,LISTENING
57240.0,3971.504,2165.928,5392.685,-6.191,1.849,3.898,-3.32,SENSING
57240.0,3971.504,2165.928,5392.685,-6.191,1.849,3.898,-3.32,MEASURING
57240.0,3971.504,2165.928,5392.685,-6.191,1.849,3.898,-3.32,SENSING
57240.0,3971.504,2165.928,5392.685,-6.191,1.849,3.898,-3.32,LISTENING
57250.0,3909.415,2184.266,5431.341,-6.236,1.824,3.837,-3.32,SENSING
57250.0,3909.415,2184.266,5431.341,-6.236,1.824,3.837,-3.32,MEASURING
57250.0,3909.415,2184.266,5431.341,-6.236,1.824,3.837,-3.32,SENSING
57250.0,3909.415,2184.266,5431.341,-6.236,1.824,3.837,-3.32,LISTENING
57260.0,3846.881,2202.355,5469.377,-6.28,1.799,3.774,-3.32,SENSING
57260.0,3846.881,2202.355,5469.377,-6.28,1.799,3.774,-3.32,LISTENING
57260.0,3846.881,2202.355,5469.377,-6.28,1.799,3.774,-3.32,SENSING
57260.0,3846.881,2202.355,5469.377,-6.28,1.799,3.774,-3.32,MESSAGING
57260.0,3846.881,2202.355,5469.377,-6.28,1.799,3.774,-3.32,MESSAGING
57260.0,3846.881,2202.355,5469.377,-6.28,1.799,3.774,-3.32,SENSING
57260.0,3846.881,2202.355,5469.377,-6.28,1.799,3.774,-3.32,LISTENING
57260.0,3846.881,2202.355,5469.377,-6.28,1.799,3.774,-3.32,SENSING
57260.0,3846.881,2202.355,5469.377,-6.28,1.799,3.774,-3.32,LISTENING
57260.0,3846.881,2202.355,5469.377,-6.28,1.799,3.774,-3.32,SENSING
57260.0,3846.881,2202.355,5469.377,-6.28,1.799,3.774,-3.32,LISTENING
57260.0,3846.881,2202.355,5469.377,-6.28,1.799,3.774,-3.32,SENSING
57260.0,3846.881,2202.355,5469.377,-6.28,1.799,3.774,-3.32,MESSAGING
57260.0,3846.881,2202.355,5469.377,-6.28,1.799,3.774,-3.32,SENSING
57260.0,3846.881,2202.355,5469.377,-6.28,1.799,3.774,-3.32,MESSAGING
57260.0,3846.881,2202.355,5469.377,-6.28,1.799,3.774,-3.32,SENSING
57260.0,3846.881,2202.355,5469.377,-6.28,1.799,3.774,-3.32,LISTENING
57260.0,3846.881,2202.355,5469.377,-6.28,1.799,3.774,-3.32,SENSING
57260.0,3846.881,2202.355,5469.377,-6.28,1.799,3.774,-3.32,LISTENING
57260.0,3846.881,2202.355,5469.377,-6.28,1.799,3.774,-3.32,SENSING
57260.0,3846.881,2202.355,5469.377,-6.28,1.799,3.774,-3.32,LISTENING
57260.0,3846.881,2202.355,5469.377,-6.28,1.799,3.774,-3.32,SENSING
57260.0,3846.881,2202.355,5469.377,-6.28,1.799,3.774,-3.32,LISTENING
57260.0,3846.881,2202.355,5469.377,-6.28,1.799,3.774,-3.32,SENSING
57260.0,3846.881,2202.355,5469.377,-6.28,1.799,3.774,-3.32,LISTENING
57260.0,3846.881,2202.355,5469.377,-6.28,1.799,3.774,-3.32,SENSING
57260.0,3846.881,2202.355,5469.377,-6.28,1.799,3.774,-3.32,LISTENING
57265.76,3810.661,2212.661,5491.003,-6.305,1.785,3.738,-3.32,SENSING
57265.76,3810.661,2212.661,5491.003,-6.305,1.785,3.738,-3.32,LISTENING
57268.85,3791.172,2218.155,5502.519,-6.319,1.777,3.719,-3.32,SENSING
57268.85,3791.172,2218.155,5502.519,-6.319,1.777,3.719,-3.32,MANEUVERING
57268.85,3791.172,2218.155,5502.519,-6.319,1.777,3.719,-3.32,LISTENING
57270.0,3783.908,2220.194,5506.789,-6.323,1.774,3.712,-2.17,MANEUVERING
57270.0,3783.908,2220.194,5506.789,-6.323,1.774,3.712,-2.17,SENSING
57270.0,3783.908,2220.194,5506.789,-6.323,1.774,3.712,-2.17,MANEUVERING
57270.0,3783.908,2220.194,5506.789,-6.323,1.774,3.712,-2.17,LISTENING
57275.68,3747.946,2230.214,5527.76,-6.348,1.76,3.676,3.51,MANEUVERING
57275.68,3747.946,2230.214,5527.76,-6.348,1.76,3.676,3.51,SENSING
57275.68,3747.946,2230.214,5527.76,-6.348,1.76,3.676,3.51,MANEUVERING
57275.68,3747.946,2230.214,5527.76,-6.348,1.76,3.676,3.51,LISTENING
57280.0,3720.503,2237.78,5543.573,-6.366,1.749,3.649,7.83,MANEUVERING
57280.0,3720.503,2237.78,5543.573,-6.366,1.749,3.649,7.83,SENSING
57280.0,3720.503,2237.78,5543.573,-6.366,1.749,3.649,7.83,MANEUVERING
57280.0,3720.503,2237.78,5543.573,-6.366,1.749,3.649,7.83,LISTENING
57290.0,3656.674,2255.112,5579.725,-6.408,1.723,3.585,17.83,MANEUVERING
57290.0,3656.674,2255.112,5579.725,-6.408,1.723,3.585,17.83,SENSING
57290.0,3656.674,2255.112,5579.725,-6.408,1.723,3.585,17.83,MEASURING
57290.0,3656.674,2255.112,5579.725,-6.408,1.723,3.585,17.83,SENSING
57290.0,3656.674,2255.112,5579.725,-6.408,1.723,3.585,17.83,LISTENING
57292.45,3640.972,2259.319,5588.485,-6.419,1.717,3.57,17.83,SENSING
57292.45,3640.972,2259.319,5588.485,-6.419,1.717,3.57,17.83,LISTENING
57300.0,3592.428,2272.187,5615.24,-6.45,1.697,3.521,17.83,SENSING
57300.0,3592.428,2272.187,5615.24,-6.45,1.697,3.521,17.83,LISTENING
57300.0,3592.428,2272.187,5615.24,-6.45,1.697,3.521,17.83,SENSING
57300.0,3592.428,2272.187,5615.24,-6.45,1.697,3.521,17.83,LISTENING
57310.0,3527.773,2289.004,5650.115,-6.49,1.671,3.457,17.83,SENSING
57310.0,3527.773,2289.004,5650.115,-6.49,1.671,3.457,17.83,LISTENING
57319.12,3468.457,2304.114,5681.36,-6.527,1.648,3.398,17.83,SENSING
57319.12,3468.457,2304.114,5681.36,-6.527,1.648,3.398,17.83,LISTENING
57330.0,3397.265,2321.856,5717.93,-6.569,1.619,3.328,17.83,SENSING
57330.0,3397.265,2321.856,5717.93,-6.569,1.619,3.328,17.83,MEASURING
57330.0,3397.265,2321.856,5717.93,-6.569,1.619,3.328,17.83,SENSING
57330.0,3397.265,2321.856,5717.93,-6.569,1.619,3.328,17.83,LISTENING
57335.61,3360.377,2330.882,5736.486,-6.591,1.604,3.291,17.83,SENSING
57335.61,3360.377,2330.882,5736.486,-6.591,1.604,3.291,17.83,LISTENING
57340.0,3331.427,2337.887,5750.863,-6.608,1.592,3.262,17.83,SENSING
57340.0,3331.427,2337.887,5750.863,-6.608,1.592,3.262,17.83,LISTENING
57340.01,3331.361,2337.903,5750.896,-6.608,1.592,3.262,17.83,SENSING
57340.01,3331.361,2337.903,5750.896,-6.608,1.592,3.262,17.83,MANEUVERING
57340.01,3331.361,2337.903,5750.896,-6.608,1.592,3.262,17.83,LISTENING
57345.12,3297.571,2345.992,5767.471,-6.627,1.579,3.229,12.72,MANEUVERING
57345.12,3297.571,2345.992,5767.471,-6.627,1.579,3.229,12.72,SENSING
57345.12,3297.571,2345.992,5767.471,-6.627,1.579,3.229,12.72,MANEUVERING
57345.12,3297.571,2345.992,5767.471,-6.627,1.579,3.229,12.72,LISTENING
57360.0,3198.621,2369.151,5814.76,-6.682,1.539,3.131,-2.16,MANEUVERING
57360.0,3198.621,2369.151,5814.76,-6.682,1.539,3.131,-2.16,SENSING
57360.0,3198.621,2369.151,5814.76,-6.682,1.539,3.131,-2.16,MEASURING
57360.0,3198.621,2369.151,5814.76,-6.682,1.539,3.131,-2.16,SENSING
57360.0,3198.621,2369.151,5814.76,-6.682,1.539,3.131,-2.16,LISTENING
57370.0,3131.669,2384.38,5845.718,-6.718,1.512,3.064,-2.16,SENSING
57370.0,3131.669,2384.38,5845.718,-6.718,1.512,3.064,-2.16,LISTENING
57376.33,3089.104,2393.881,5864.97,-6.74,1.495,3.022,-2.16,SENSING
57376.33,3089.104,2393.881,5864.97,-6.74,1.495,3.022,-2.16,LISTENING
57378.23,3076.3,2396.711,5870.697,-6.747,1.49,3.009,-2.16,SENSING
57378.23,3076.3,2396.711,5870.697,-6.747,1.49,3.009,-2.16,MANEUVERING
57378.23,3076.3,2396.711,5870.697,-6.747,1.49,3.009,-2.16,LISTENING
57390.0,2996.704,2414.026,5905.635,-6.788,1.457,2.93,-13.93,MANEUVERING
57390.0,2996.704,2414.026,5905.635,-6.788,1.457,2.93,-13.93,SENSING
57390.0,2996.704,2414.026,5905.635,-6.788,1.457,2.93,-13.93,MEASURING
57390.0,2996.704,2414.026,5905.635,-6.788,1.457,2.93,-13.93,SENSING
57390.0,2996.704,2414.026,5905.635,-6.788,1.457,2.93,-13.93,LISTENING
57396.24,2954.313,2423.052,5923.78,-6.809,1.44,2.888,-13.93,SENSING
57396.24,2954.313,2423.052,5923.78,-6.809,1.44,2.888,-13.93,MANEUVERING
57396.24,2954.313,2423.052,5923.78,-6.809,1.44,2.888,-13.93,LISTENING
57400.0,2928.706,2428.439,5934.587,-6.821,1.43,2.863,-17.69,MANEUVERING
57400.0,2928.706,2428.439,5934.587,-6.821,1.43,2.863,-17.69,SENSING
57400.0,2928.706,2428.439,5934.587,-6.821,1.43,2.863,-17.69,MEASURING
57400.0,2928.706,2428.439,5934.587,-6.821,1.43,2.863,-17.69,SENSING
57400.0,2928.706,2428.439,5934.587,-6.821,1.43,2.863,-17.69,LISTENING
57406.37,2885.218,2437.477,5952.679,-6.842,1.412,2.82,-17.69,SENSING
57406.37,2885.218,2437.477,5952.679,-6.842,1.412,2.82,-17.69,LISTENING
57410.0,2860.376,2442.577,5962.866,-6.854,1.402,2.795,-17.69,SENSING
57410.0,2860.376,2442.577,5962.866,-6.854,1.402,2.795,-17.69,LISTENING
57420.0,2791.721,2456.438,5990.466,-6.886,1.374,2.727,-17.69,SENSING
57420.0,2791.721,2456.438,5990.466,-6.886,1.374,2.727,-17.69,LISTENING
57420.0,2791.721,2456.438,5990.466,-6.886,1.374,2.727,-17.69,SENSING
57420.0,2791.721,2456.438,5990.466,-6.886,1.374,2.727,-17.69,MESSAGING
57420.0,2791.721,2456.438,5990.466,-6.886,1.374,2.727,-17.69,MESSAGING
57420.0,2791.721,2456.438,5990.466,-6.886,1.374,2.727,-17.69,SENSING
57420.0,2791.721,2456.438,5990.466,-6.886,1.374,2.727,-17.69,LISTENING
57420.0,2791.721,2456.438,5990.466,-6.886,1.374,2.727,-17.69,SENSING
57420.0,2791.721,2456.438,5990.466,-6.886,1.374,2.727,-17.69,LISTENING
57420.0,2791.721,2456.438,5990.466,-6.886,1.374,2.727,-17.69,SENSING
57420.0,2791.721,2456.438,5990.466,-6.886,1.374,2.727,-17.69,MESSAGING
57420.0,2791.721,2456.438,5990.466,-6.886,1.374,2.727,-17.69,SENSING
57420.0,2791.721,2456.438,5990.466,-6.886,1.374,2.727,-17.69,MESSAGING
57420.0,2791.721,2456.438,5990.466,-6.886,1.374,2.727,-17.69,SENSING
57420.0,2791.721,2456.438,5990.466,-6.886,1.374,2.727,-17.69,LISTENING
57420.0,2791.721,2456.438,5990.466,-6.886,1.374,2.727,-17.69,SENSING
57420.0,2791.721,2456.438,5990.466,-6.886,1.374,2.727,-17.69,LISTENING
57420.0,2791.721,2456.438,5990.466,-6.886,1.374,2.727,-17.69,SENSING
57420.0,2791.721,2456.438,5990.466,-6.886,1.374,2.727,-17.69,LISTENING
57420.02,2791.583,2456.466,5990.521,-6.886,1.374,2.727,-17.69,SENSING
57420.02,2791.583,2456.466,5990.521,-6.886,1.374,2.727,-17.69,MANEUVERING
57420.02,2791.583,2456.466,5990.521,-6.886,1.374,2.727,-17.69,LISTENING
57430.0,2722.749,2470.021,6017.387,-6.918,1.346,2.659,-27.67,MANEUVERING
57430.0,2722.749,2470.021,6017.387,-6.918,1.346,2.659,-27.67,SENSING
57430.0,2722.749,2470.021,6017.387,-6.918,1.346,2.659,-27.67,MEASURING
57430.0,2722.749,2470.021,6017.387,-6.918,1.346,2.659,-27.67,SENSING
57430.0,2722.749,2470.021,6017.387,-6.918,1.346,2.659,-27.67,LISTENING
57448.0,2597.825,2493.764,6064.119,-6.972,1.296,2.536,-27.67,SENSING
57448.0,2597.825,2493.764,6064.119,-6.972,1.296,2.536,-27.67,MANEUVERING
57448.0,2597.825,2493.764,6064.119,-6.972,1.296,2.536,-27.67,LISTENING
57450.0,2583.885,2496.346,6069.174,-6.978,1.29,2.522,-25.67,MANEUVERING
57450.0,2583.885,2496.346,6069.174,-6.978,1.29,2.522,-25.67,SENSING
57450.0,2583.885,2496.346,6069.174,-6.978,1.29,2.522,-25.67,MANEUVERING
57450.0,2583.885,2496.346,6069.174,-6.978,1.29,2.522,-25.67,LISTENING
57465.84,2473.07,2516.394,6108.236,-7.023,1.245,2.412,-9.83,MANEUVERING
57465.84,2473.07,2516.394,6108.236,-7.023,1.245,2.412,-9.83,SENSING
57465.84,2473.07,2516.394,6108.236,-7.023,1.245,2.412,-9.83,MANEUVERING
57465.84,2473.07,2516.394,6108.236,-7.023,1.245,2.412,-9.83,LISTENING
57470.0,2443.849,2521.54,6118.206,-7.035,1.233,2.384,-5.67,MANEUVERING
57470.0,2443.849,2521.54,6118.206,-7.035,1.233,2.384,-5.67,SENSING
57470.0,2443.849,2521.54,6118.206,-7.035,1.233,2.384,-5.67,MEASURING
57470.0,2443.849,2521.54,6118.206,-7.035,1.233,2.384,-5.67,SENSING
57470.0,2443.849,2521.54,6118.206,-7.035,1.233,2.384,-5.67,LISTENING
57480.0,2373.412,2533.711,6141.683,-7.062,1.205,2.314,-5.67,SENSING
57480.0,2373.412,2533.711,6141.683,-7.062,1.205,2.314,-5.67,MEASURING
57480.0,2373.412,2533.711,6141.683,-7.062,1.205,2.314,-5.67,SENSING
57480.0,2373.412,2533.711,6141.683,-7.062,1.205,2.314,-5.67,LISTENING
57483.58,2348.129,2537.998,6149.918,-7.072,1.194,2.289,-5.67,SENSING
57483.58,2348.129,2537.998,6149.918,-7.072,1.194,2.289,-5.67,LISTENING
57490.0,2302.705,2545.594,6164.463,-7.089,1.176,2.244,-5.67,SENSING
57490.0,2302.705,2545.594,6164.463,-7.089,1.176,2.244,-5.67,MEASURING
57490.0,2302.705,2545.594,6164.463,-7.089,1.176,2.244,-5.67,SENSING
57490.0,2302.705,2545.594,6164.463,-7.089,1.176,2.244,-5.67,LISTENING
57500.0,2231.738,2557.19,6186.544,-7.115,1.147,2.174,-5.67,SENSING
57500.0,2231.738,2557.19,6186.544,-7.115,1.147,2.174,-5.67,MEASURING
57500.0,2231.738,2557.19,6186.544,-7.115,1.147,2.174,-5.67,SENSING
57500.0,2231.738,2557.19,6186.544,-7.115,1.147,2.174,-5.67,LISTENING
57507.25,2180.128,2565.416,6202.114,-7.133,1.126,2.123,-5.67,SENSING
57507.25,2180.128,2565.416,6202.114,-7.133,1.126,2.123,-5.67,LISTENING
57510.0,2160.518,2568.496,6207.924,-7.139,1.118,2.104,-5.67,SENSING
57510.0,2160.518,2568.496,6207.924,-7.139,1.118,2.104,-5.67,LISTENING
57512.64,2141.674,2571.433,6213.451,-7.146,1.11,2.085,-5.67,SENSING
57512.64,2141.674,2571.433,6213.451,-7.146,1.11,2.085,-5.67,MANEUVERING
57512.64,2141.674,2571.433,6213.451,-7.146,1.11,2.085,-5.67,LISTENING
57517.06,2110.089,2576.304,6222.595,-7.157,1.097,2.054,-10.09,MANEUVERING
57517.06,2110.089,2576.304,6222.595,-7.157,1.097,2.054,-10.09,SENSING
57517.06,2110.089,2576.304,6222.595,-7.157,1.097,2.054,-10.09,MANEUVERING
57517.06,2110.089,2576.304,6222.595,-7.157,1.097,2.054,-10.09,LISTENING
57520.0,2089.053,2579.513,6228.601,-7.164,1.089,2.033,-13.03,MANEUVERING
57520.0,2089.053,2579.513,6228.601,-7.164,1.089,2.033,-13.03,SENSING
57520.0,2089.053,2579.513,6228.601,-7.164,1.089,2.033,-13.03,MEASURING
57520.0,2089.053,2579.513,6228.601,-7.164,1.089,2.033,-13.03,SENSING
57520.0,2089.053,2579.513,6228.601,-7.164,1.089,2.033,-13.03,LISTENING
57526.2,2044.625,2586.197,6241.066,-7.178,1.071,1.99,-13.03,SENSING
57526.2,2044.625,2586.197,6241.066,-7.178,1.071,1.99,-13.03,LISTENING
57530.0,2017.351,2590.238,6248.572,-7.187,1.06,1.963,-13.03,SENSING
57530.0,2017.351,2590.238,6248.572,-7.187,1.06,1.963,-13.03,MEASURING
57530.0,2017.351,2590.238,6248.572,-7.187,1.06,1.963,-13.03,SENSING
57530.0,2017.351,2590.238,6248.572,-7.187,1.06,1.963,-13.03,LISTENING
57530.0,2017.351,2590.238,6248.572,-7.187,1.06,1.963,-13.03,SENSING
57530.0,2017.351,2590.238,6248.572,-7.187,1.06,1.963,-13.03,MESSAGING
57530.0,2017.351,2590.238,6248.572,-7.187,1.06,1.963,-13.03,SENSING
57530.0,2017.351,2590.238,6248.572,-7.187,1.06,1.963,-13.03,LISTENING
57530.0,2017.351,2590.238,6248.572,-7.187,1.06,1.963,-13.03,SENSING
57530.0,2017.351,2590.238,6248.572,-7.187,1.06,1.963,-13.03,LISTENING
57530.0,2017.351,2590.238,6248.572,-7.187,1.06,1.963,-13.03,SENSING
57530.0,2017.351,2590.238,6248.572,-7.187,1.06,1.963,-13.03,LISTENING
57535.68,1976.523,2596.2,6259.601,-7.2,1.043,1.923,-13.03,SENSING
57535.68,1976.523,2596.2,6259.601,-7.2,1.043,1.923,-13.03,MANEUVERING
57535.68,1976.523,2596.2,6259.601,-7.2,1.043,1.923,-13.03,LISTENING
57537.38,1964.289,2597.966,6262.857,-7.203,1.038,1.91,-11.33,MANEUVERING
57537.38,1964.289,2597.966,6262.857,-7.203,1.038,1.91,-11.33,SENSING
57537.38,1964.289,2597.966,6262.857,-7.203,1.038,1.91,-11.33,MANEUVERING
57537.38,1964.289,2597.966,6262.857,-7.203,1.038,1.91,-11.33,LISTENING
57540.0,1945.422,2600.671,6267.836,-7.209,1.03,1.892,-8.71,MANEUVERING
57540.0,1945.422,2600.671,6267.836,-7.209,1.03,1.892,-8.71,SENSING
57540.0,1945.422,2600.671,6267.836,-7.209,1.03,1.892,-8.71,MEASURING
57540.0,1945.422,2600.671,6267.836,-7.209,1.03,1.892,-8.71,SENSING
57540.0,1945.422,2600.671,6267.836,-7.209,1.03,1.892,-8.71,LISTENING
57540.0,1945.422,2600.671,6267.836,-7.209,1.03,1.892,-8.71,SENSING
57540.0,1945.422,2600.671,6267.836,-7.209,1.03,1.892,-8.71,MESSAGING
57540.0,1945.422,2600.671,6267.836,-7.209,1.03,1.892,-8.71,SENSING
57540.0,1945.422,2600.671,6267.836,-7.209,1.03,1.892,-8.71,LISTENING
57540.0,1945.422,2600.671,6267.836,-7.209,1.03,1.892,-8.71,SENSING
57540.0,1945.422,2600.671,6267.836,-7.209,1.03,1.892,-8.71,LISTENING
57546.21,1900.642,2607.002,6279.441,-7.223,1.012,1.848,-8.71,SENSING
57546.21,1900.642,2607.002,6279.441,-7.223,1.012,1.848,-8.71,MANEUVERING
57546.21,1900.642,2607.002,6279.441,-7.223,1.012,1.848,-8.71,LISTENING
57546.56,1898.116,2607.355,6280.087,-7.223,1.011,1.845,-9.06,MANEUVERING
57546.56,1898.116,2607.355,6280.087,-7.223,1.011,1.845,-9.06,SENSING
57546.56,1898.116,2607.355,6280.087,-7.223,1.011,1.845,-9.06,MANEUVERING
57546.56,1898.116,2607.355,6280.087,-7.223,1.011,1.845,-9.06,LISTENING
57550.0,1873.272,2610.81,6286.39,-7.231,1.001,1.821,-12.5,MANEUVERING
57550.0,1873.272,2610.81,6286.39,-7.231,1.001,1.821,-12.5,SENSING
57550.0,1873.272,2610.81,6286.39,-7.231,1.001,1.821,-12.5,MEASURING
57550.0,1873.272,2610.81,6286.39,-7.231,1.001,1.821,-12.5,SENSING
57550.0,1873.272,2610.81,6286.39,-7.231,1.001,1.821,-12.5,LISTENING
57556.85,1823.727,2617.585,6298.689,-7.245,0.98,1.772,-12.5,SENSING
57556.85,1823.727,2617.585,6298.689,-7.245,0.98,1.772,-12.5,LISTENING
57560.0,1800.91,2620.654,6304.233,-7.252,0.971,1.75,-12.5,SENSING
57560.0,1800.91,2620.654,6304.233,-7.252,0.971,1.75,-12.5,LISTENING
57560.0,1800.91,2620.654,6304.233,-7.252,0.971,1.75,-12.5,SENSING
57560.0,1800.91,2620.654,6304.233,-7.252,0.971,1.75,-12.5,LISTENING
57568.7,1737.79,2628.978,6319.176,-7.269,0.945,1.687,-12.5,SENSING
57568.7,1737.79,2628.978,6319.176,-7.269,0.945,1.687,-12.5,MANEUVERING
57568.7,1737.79,2628.978,6319.176,-7.269,0.945,1.687,-12.5,LISTENING
57570.0,1728.345,2630.203,6321.363,-7.272,0.941,1.678,-13.8,MANEUVERING
57570.0,1728.345,2630.203,6321.363,-7.272,0.941,1.678,-13.8,SENSING
57570.0,1728.345,2630.203,6321.363,-7.272,0.941,1.678,-13.8,MANEUVERING
57570.0,1728.345,2630.203,6321.363,-7.272,0.941,1.678,-13.8,LISTENING
57570.0,1728.345,2630.203,6321.363,-7.272,0.941,1.678,-13.8,MANEUVERING
57570.0,1728.345,2630.203,6321.363,-7.272,0.941,1.678,-13.8,SENSING
57570.0,1728.345,2630.203,6321.363,-7.272,0.941,1.678,-13.8,MESSAGING
57570.0,1728.345,2630.203,6321.363,-7.272,0.941,1.678,-13.8,SENSING
57570.0,1728.345,2630.203,6321.363,-7.272,0.941,1.678,-13.8,MANEUVERING
57570.0,1728.345,2630.203,6321.363,-7.272,0.941,1.678,-13.8,LISTENING
57570.0,1728.345,2630.203,6321.363,-7.272,0.941,1.678,-13.8,MANEUVERING
57570.0,1728.345,2630.203,6321.363,-7.272,0.941,1.678,-13.8,SENSING
57570.0,1728.345,2630.203,6321.363,-7.272,0.941,1.678,-13.8,MANEUVERING
57570.0,1728.345,2630.203,6321.363,-7.272,0.941,1.678,-13.8,LISTENING
57575.35,1689.442,2635.19,6330.234,-7.282,0.926,1.64,-19.15,MANEUVERING
57575.35,1689.442,2635.19,6330.234,-7.282,0.926,1.64,-19.15,SENSING
57575.35,1689.442,2635.19,6330.234,-7.282,0.926,1.64,-19.15,MANEUVERING
57575.35,1689.442,2635.19,6330.234,-7.282,0.926,1.64,-19.15,LISTENING
57580.0,1655.585,2639.455,6337.778,-7.291,0.912,1.607,-23.8,MANEUVERING
57580.0,1655.585,2639.455,6337.778,-7.291,0.912,1.607,-23.8,SENSING
57580.0,1655.585,2639.455,6337.778,-7.291,0.912,1.607,-23.8,MEASURING
57580.0,1655.585,2639.455,6337.778,-7.291,0.912,1.607,-23.8,SENSING
57580.0,1655.585,2639.455,6337.778,-7.291,0.912,1.607,-23.8,LISTENING
57586.18,1610.525,2645.024,6347.564,-7.302,0.893,1.562,-23.8,SENSING
57586.18,1610.525,2645.024,6347.564,-7.302,0.893,1.562,-23.8,MANEUVERING
57586.18,1610.525,2645.024,6347.564,-7.302,0.893,1.562,-23.8,LISTENING
57590.0,1582.637,2648.41,6353.477,-7.309,0.882,1.535,-27.62,MANEUVERING
57590.0,1582.637,2648.41,6353.477,-7.309,0.882,1.535,-27.62,SENSING
57590.0,1582.637,2648.41,6353.477,-7.309,0.882,1.535,-27.62,MEASURING
57590.0,1582.637,2648.41,6353.477,-7.309,0.882,1.535,-27.62,SENSING
57590.0,1582.637,2648.41,6353.477,-7.309,0.882,1.535,-27.62,LISTENING
57596.04,1538.49,2653.674,6362.611,-7.32,0.864,1.491,-27.62,SENSING
57596.04,1538.49,2653.674,6362.611,-7.32,0.864,1.491,-27.62,LISTENING
57596.22,1537.173,2653.829,6362.879,-7.32,0.863,1.49,-27.62,SENSING
57596.22,1537.173,2653.829,6362.879,-7.32,0.863,1.49,-27.62,MANEUVERING
57596.22,1537.173,2653.829,6362.879,-7.32,0.863,1.49,-27.62,LISTENING
57600.0,1509.511,2657.066,6368.457,-7.327,0.852,1.463,-23.84,MANEUVERING
57600.0,1509.511,2657.066,6368.457,-7.327,0.852,1.463,-23.84,SENSING
57600.0,1509.511,2657.066,6368.457,-7.327,0.852,1.463,-23.84,MANEUVERING
57600.0,1509.511,2657.066,6368.457,-7.327,0.852,1.463,-23.84,LISTENING
57605.21,1471.344,2661.457,6375.977,-7.335,0.836,1.425,-18.63,MANEUVERING
57605.21,1471.344,2661.457,6375.977,-7.335,0.836,1.425,-18.63,SENSING
57605.21,1471.344,2661.457,6375.977,-7.335,0.836,1.425,-18.63,MANEUVERING
57605.21,1471.344,2661.457,6375.977,-7.335,0.836,1.425,-18.63,LISTENING
57610.0,1436.214,2665.422,6382.718,-7.343,0.822,1.391,-13.84,MANEUVERING
57610.0,1436.214,2665.422,6382.718,-7.343,0.822,1.391,-13.84,SENSING
57610.0,1436.214,2665.422,6382.718,-7.343,0.822,1.391,-13.84,MANEUVERING
57610.0,1436.214,2665.422,6382.718,-7.343,0.822,1.391,-13.84,LISTENING
57620.0,1362.755,2673.479,6396.258,-7.359,0.792,1.319,-3.84,MANEUVERING
57620.0,1362.755,2673.479,6396.258,-7.359,0.792,1.319,-3.84,SENSING
57620.0,1362.755,2673.479,6396.258,-7.359,0.792,1.319,-3.84,MANEUVERING
57620.0,1362.755,2673.479,6396.258,-7.359,0.792,1.319,-3.84,LISTENING
57630.0,1289.142,2681.234,6409.076,-7.374,0.762,1.246,6.16,MANEUVERING
57630.0,1289.142,2681.234,6409.076,-7.374,0.762,1.246,6.16,SENSING
57630.0,1289.142,2681.234,6409.076,-7.374,0.762,1.246,6.16,MANEUVERING
57630.0,1289.142,2681.234,6409.076,-7.374,0.762,1.246,6.16,LISTENING
57640.0,1215.384,2688.688,6421.171,-7.388,0.731,1.174,16.16,MANEUVERING
57640.0,1215.384,2688.688,6421.171,-7.388,0.731,1.174,16.16,SENSING
57640.0,1215.384,2688.688,6421.171,-7.388,0.731,1.174,16.16,MEASURING
57640.0,1215.384,2688.688,6421.171,-7.388,0.731,1.174,16.16,SENSING
57640.0,1215.384,2688.688,6421.171,-7.388,0.731,1.174,16.16,LISTENING
57645.9,1171.802,2692.943,6427.967,-7.396,0.713,1.131,16.16,SENSING
57645.9,1171.802,2692.943,6427.967,-7.396,0.713,1.131,16.16,MANEUVERING
57645.9,1171.802,2692.943,6427.967,-7.396,0.713,1.131,16.16,LISTENING
57646.56,1166.924,2693.413,6428.712,-7.397,0.711,1.126,15.5,MANEUVERING
57646.56,1166.924,2693.413,6428.712,-7.397,0.711,1.126,15.5,SENSING
57646.56,1166.924,2693.413,6428.712,-7.397,0.711,1.126,15.5,MANEUVERING
57646.56,1166.924,2693.413,6428.712,-7.397,0.711,1.126,15.5,LISTENING
57650.0,1141.489,2695.839,6432.541,-7.401,0.701,1.101,12.06,MANEUVERING
57650.0,1141.489,2695.839,6432.541,-7.401,0.701,1.101,12.06,SENSING
57650.0,1141.489,2695.839,6432.541,-7.401,0.701,1.101,12.06,MEASURING
57650.0,1141.489,2695.839,6432.541,-7.401,0.701,1.101,12.06,SENSING
57650.0,1141.489,2695.839,6432.541,-7.401,0.701,1.101,12.06,LISTENING
57660.0,1067.465,2702.686,6443.186,-7.414,0.671,1.029,12.06,SENSING
57660.0,1067.465,2702.686,6443.186,-7.414,0.671,1.029,12.06,LISTENING
57670.0,993.321,2709.23,6453.104,-7.425,0.64,0.956,12.06,SENSING
57670.0,993.321,2709.23,6453.104,-7.425,0.64,0.956,12.06,MEASURING
57670.0,993.321,2709.23,6453.104,-7.425,0.64,0.956,12.06,SENSING
57670.0,993.321,2709.23,6453.104,-7.425,0.64,0.956,12.06,MESSAGING
57670.0,993.321,2709.23,6453.104,-7.425,0.64,0.956,12.06,MESSAGING
57670.0,993.321,2709.23,6453.104,-7.425,0.64,0.956,12.06,SENSING
57670.0,993.321,2709.23,6453.104,-7.425,0.64,0.956,12.06,LISTENING
57670.0,993.321,2709.23,6453.104,-7.425,0.64,0.956,12.06,SENSING
57670.0,993.321,2709.23,6453.104,-7.425,0.64,0.956,12.06,LISTENING
57670.0,993.321,2709.23,6453.104,-7.425,0.64,0.956,12.06,SENSING
57670.0,993.321,2709.23,6453.104,-7.425,0.64,0.956,12.06,LISTENING
57670.0,993.321,2709.23,6453.104,-7.425,0.64,0.956,12.06,SENSING
57670.0,993.321,2709.23,6453.104,-7.425,0.64,0.956,12.06,LISTENING
57670.0,993.321,2709.23,6453.104,-7.425,0.64,0.956,12.06,SENSING
57670.0,993.321,2709.23,6453.104,-7.425,0.64,0.956,12.06,LISTENING
57678.77,928.204,2714.718,6461.203,-7.435,0.613,0.892,12.06,SENSING
57678.77,928.204,2714.718,6461.203,-7.435,0.613,0.892,12.06,LISTENING
57681.91,904.87,2716.626,6463.967,-7.438,0.604,0.869,12.06,SENSING
57681.91,904.87,2716.626,6463.967,-7.438,0.604,0.869,12.06,MANEUVERING
57681.91,904.87,2716.626,6463.967,-7.438,0.604,0.869,12.06,LISTENING
57690.0,844.705,2721.403,6470.756,-7.446,0.579,0.81,20.15,MANEUVERING
57690.0,844.705,2721.403,6470.756,-7.446,0.579,0.81,20.15,SENSING
57690.0,844.705,2721.403,6470.756,-7.446,0.579,0.81,20.15,MEASURING
57690.0,844.705,2721.403,6470.756,-7.446,0.579,0.81,20.15,SENSING
57690.0,844.705,2721.403,6470.756,-7.446,0.579,0.81,20.15,LISTENING
57695.45,804.139,2724.508,6475.061,-7.451,0.562,0.77,20.15,SENSING
57695.45,804.139,2724.508,6475.061,-7.451,0.562,0.77,20.15,MANEUVERING
57695.45,804.139,2724.508,6475.061,-7.451,0.562,0.77,20.15,LISTENING
57700.0,770.251,2727.031,6478.49,-7.455,0.548,0.737,15.6,MANEUVERING
57700.0,770.251,2727.031,6478.49,-7.455,0.548,0.737,15.6,SENSING
57700.0,770.251,2727.031,6478.49,-7.455,0.548,0.737,15.6,MEASURING
57700.0,770.251,2727.031,6478.49,-7.455,0.548,0.737,15.6,SENSING
57700.0,770.251,2727.031,6478.49,-7.455,0.548,0.737,15.6,LISTENING
57710.0,695.709,2732.353,6485.493,-7.464,0.517,0.664,15.6,SENSING
57710.0,695.709,2732.353,6485.493,-7.464,0.517,0.664,15.6,LISTENING
57712.12,679.896,2733.442,6486.884,-7.465,0.511,0.649,15.6,SENSING
57712.12,679.896,2733.442,6486.884,-7.465,0.511,0.649,15.6,MANEUVERING
57712.12,679.896,2733.442,6486.884,-7.465,0.511,0.649,15.6,LISTENING
57715.98,651.096,2735.389,6489.333,-7.468,0.499,0.62,19.46,MANEUVERING
57715.98,651.096,2735.389,6489.333,-7.468,0.499,0.62,19.46,SENSING
57715.98,651.096,2735.389,6489.333,-7.468,0.499,0.62,19.46,MANEUVERING
57715.98,651.096,2735.389,6489.333,-7.468,0.499,0.62,19.46,LISTENING
57720.0,621.089,2737.368,6491.767,-7.471,0.487,0.591,23.48,MANEUVERING
57720.0,621.089,2737.368,6491.767,-7.471,0.487,0.591,23.48,SENSING
57720.0,621.089,2737.368,6491.767,-7.471,0.487,0.591,23.48,MEASURING
57720.0,621.089,2737.368,6491.767,-7.471,0.487,0.591,23.48,SENSING
57720.0,621.089,2737.368,6491.767,-7.471,0.487,0.591,23.48,LISTENING
57725.49,580.093,2739.991,6494.9,-7.475,0.47,0.551,23.48,SENSING
57725.49,580.093,2739.991,6494.9,-7.475,0.47,0.551,23.48,LISTENING
57740.0,471.649,2746.476,6502.121,-7.483,0.425,0.445,23.48,SENSING
57740.0,471.649,2746.476,6502.121,-7.483,0.425,0.445,23.48,LISTENING
57752.34,379.334,2751.481,6507.051,-7.489,0.387,0.355,23.48,SENSING
57752.34,379.334,2751.481,6507.051,-7.489,0.387,0.355,23.48,LISTENING
57760.0,321.997,2754.351,6509.551,-7.492,0.363,0.298,23.48,SENSING
57760.0,321.997,2754.351,6509.551,-7.492,0.363,0.298,23.48,LISTENING
57768.61,257.523,2757.362,6511.848,-7.495,0.337,0.235,23.48,SENSING
57768.61,257.523,2757.362,6511.848,-7.495,0.337,0.235,23.48,LISTENING
57780.0,172.2,2760.992,6514.053,-7.498,0.301,0.152,23.48,SENSING
57780.0,172.2,2760.992,6514.053,-7.498,0.301,0.152,23.48,LISTENING
57785.79,128.816,2762.683,6514.81,-7.499,0.283,0.11,23.48,SENSING
57785.79,128.816,2762.683,6514.81,-7.499,0.283,0.11,23.48,MANEUVERING
57785.79,128.816,2762.683,6514.81,-7.499,0.283,0.11,23.48,LISTENING
57786.0,127.243,2762.743,6514.833,-7.499,0.283,0.108,23.27,MANEUVERING
57786.0,127.243,2762.743,6514.833,-7.499,0.283,0.108,23.27,SENSING
57786.0,127.243,2762.743,6514.833,-7.499,0.283,0.108,23.27,MANEUVERING
57786.0,127.243,2762.743,6514.833,-7.499,0.283,0.108,23.27,LISTENING
57790.0,97.268,2763.848,6515.207,-7.499,0.27,0.079,19.27,MANEUVERING
57790.0,97.268,2763.848,6515.207,-7.499,0.27,0.079,19.27,SENSING
57790.0,97.268,2763.848,6515.207,-7.499,0.27,0.079,19.27,MANEUVERING
57790.0,97.268,2763.848,6515.207,-7.499,0.27,0.079,19.27,LISTENING
57800.0,22.326,2766.395,6515.629,-7.5,0.239,0.006,9.27,MANEUVERING
57800.0,22.326,2766.395,6515.629,-7.5,0.239,0.006,9.27,SENSING
57800.0,22.326,2766.395,6515.629,-7.5,0.239,0.006,9.27,MANEUVERING
57800.0,22.326,2766.395,6515.629,-7.5,0.239,0.006,9.27,LISTENING
57810.39,-55.542,2768.713,6515.292,-7.5,0.207,-0.07,-1.12,MANEUVERING
57810.39,-55.542,2768.713,6515.292,-7.5,0.207,-0.07,-1.12,SENSING
57810.39,-55.542,2768.713,6515.292,-7.5,0.207,-0.07,-1.12,MANEUVERING
57810.39,-55.542,2768.713,6515.292,-7.5,0.207,-0.07,-1.12,LISTENING
57830.0,-202.483,2772.176,6512.507,-7.497,0.146,-0.214,-20.73,MANEUVERING
57830.0,-202.483,2772.176,6512.507,-7.497,0.146,-0.214,-20.73,SENSING
57830.0,-202.483,2772.176,6512.507,-7.497,0.146,-0.214,-20.73,MANEUVERING
57830.0,-202.483,2772.176,6512.507,-7.497,0.146,-0.214,-20.73,LISTENING
57840.0,-277.385,2773.483,6510.005,-7.494,0.115,-0.287,-30.73,MANEUVERING
57840.0,-277.385,2773.483,6510.005,-7.494,0.115,-0.287,-30.73,SENSING
57840.0,-277.385,2773.483,6510.005,-7.494,0.115,-0.287,-30.73,MEASURING
57840.0,-277.385,2773.483,6510.005,-7.494,0.115,-0.287,-30.73,SENSING
57840.0,-277.385,2773.483,6510.005,-7.494,0.115,-0.287,-30.73,LISTENING
57930.24,-950.883,2771.255,6454.502,-7.432,-0.165,-0.943,-30.73,SENSING
57930.24,-950.883,2771.255,6454.502,-7.432,-0.165,-0.943,-30.73,LISTENING
57940.0,-1023.316,2769.503,6444.964,-7.421,-0.195,-1.013,-30.73,SENSING
57940.0,-1023.316,2769.503,6444.964,-7.421,-0.195,-1.013,-30.73,LISTENING
57946.74,-1073.273,2768.122,6437.976,-7.413,-0.216,-1.062,-30.73,SENSING
57946.74,-1073.273,2768.122,6437.976,-7.413,-0.216,-1.062,-30.73,LISTENING
57950.0,-1097.417,2767.403,6434.479,-7.409,-0.226,-1.085,-30.73,SENSING
57950.0,-1097.417,2767.403,6434.479,-7.409,-0.226,-1.085,-30.73,LISTENING
57958.08,-1157.201,2765.482,6425.481,-7.399,-0.251,-1.143,-30.73,SENSING
57958.08,-1157.201,2765.482,6425.481,-7.399,-0.251,-1.143,-30.73,LISTENING
57990.0,-1392.512,2755.924,6385.364,-7.354,-0.349,-1.372,-30.73,SENSING
57990.0,-1392.512,2755.924,6385.364,-7.354,-0.349,-1.372,-30.73,LISTENING
58110.85,-2266.856,2691.586,6168.248,-7.107,-0.716,-2.218,-30.73,SENSING
58110.85,-2266.856,2691.586,6168.248,-7.107,-0.716,-2.218,-30.73,MANEUVERING
58110.85,-2266.856,2691.586,6168.248,-7.107,-0.716,-2.218,-30.73,LISTENING
58150.0,-2542.889,2661.329,6076.226,-7.002,-0.833,-2.485,8.42,MANEUVERING
58150.0,-2542.889,2661.329,6076.226,-7.002,-0.833,-2.485,8.42,SENSING
58150.0,-2542.889,2661.329,6076.226,-7.002,-0.833,-2.485,8.42,MEASURING
58150.0,-2542.889,2661.329,6076.226,-7.002,-0.833,-2.485,8.42,SENSING
58150.0,-2542.889,2661.329,6076.226,-7.002,-0.833,-2.485,8.42,LISTENING
58208.72,-2948.649,2607.498,5918.875,-6.823,-1.004,-2.876,8.42,SENSING
58208.72,-2948.649,2607.498,5918.875,-6.823,-1.004,-2.876,8.42,MANEUVERING
58208.72,-2948.649,2607.498,5918.875,-6.823,-1.004,-2.876,8.42,LISTENING
58230.0,-3092.994,2585.523,5856.232,-6.752,-1.065,-3.015,29.7,MANEUVERING
58230.0,-3092.994,2585.523,5856.232,-6.752,-1.065,-3.015,29.7,SENSING
58230.0,-3092.994,2585.523,5856.232,-6.752,-1.065,-3.015,29.7,MEASURING
58230.0,-3092.994,2585.523,5856.232,-6.752,-1.065,-3.015,29.7,SENSING
58230.0,-3092.994,2585.523,5856.232,-6.752,-1.065,-3.015,29.7,LISTENING
58437.16,-4406.648,2306.055,5098.537,-5.89,-1.627,-4.274,29.7,SENSING
58437.16,-4406.648,2306.055,5098.537,-5.89,-1.627,-4.274,29.7,LISTENING
58450.0,-4481.821,2284.997,5043.224,-5.827,-1.659,-4.346,29.7,SENSING
58450.0,-4481.821,2284.997,5043.224,-5.827,-1.659,-4.346,29.7,LISTENING
58450.0,-4481.821,2284.997,5043.224,-5.827,-1.659,-4.346,29.7,SENSING
58450.0,-4481.821,2284.997,5043.224,-5.827,-1.659,-4.346,29.7,LISTENING
58460.0,-4539.804,2268.31,4999.511,-5.778,-1.685,-4.401,29.7,SENSING
58460.0,-4539.804,2268.31,4999.511,-5.778,-1.685,-4.401,29.7,LISTENING
58470.0,-4597.287,2251.373,4955.247,-5.727,-1.709,-4.456,29.7,SENSING
58470.0,-4597.287,2251.373,4955.247,-5.727,-1.709,-4.456,29.7,LISTENING
58475.32,-4627.663,2242.262,4931.476,-5.7,-1.723,-4.485,29.7,SENSING
58475.32,-4627.663,2242.262,4931.476,-5.7,-1.723,-4.485,29.7,LISTENING
58479.84,-4653.357,2234.467,4911.159,-5.677,-1.734,-4.51,29.7,SENSING
58479.84,-4653.357,2234.467,4911.159,-5.677,-1.734,-4.51,29.7,LISTENING
58480.0,-4654.264,2234.19,4910.437,-5.676,-1.734,-4.51,29.7,SENSING
58480.0,-4654.264,2234.19,4910.437,-5.676,-1.734,-4.51,29.7,LISTENING
58480.0,-4654.264,2234.19,4910.437,-5.676,-1.734,-4.51,29.7,SENSING
58480.0,-4654.264,2234.19,4910.437,-5.676,-1.734,-4.51,29.7,LISTENING
58490.0,-4710.729,2216.761,4865.087,-5.625,-1.759,-4.564,29.7,SENSING
58490.0,-4710.729,2216.761,4865.087,-5.625,-1.759,-4.564,29.7,LISTENING
58495.72,-4742.795,2206.682,4838.906,-5.595,-1.772,-4.595,29.7,SENSING
58495.72,-4742.795,2206.682,4838.906,-5.595,-1.772,-4.595,29.7,LISTENING
58500.0,-4766.676,2199.089,4819.202,-5.573,-1.783,-4.618,29.7,SENSING
58500.0,-4766.676,2199.089,4819.202,-5.573,-1.783,-4.618,29.7,LISTENING
58510.0,-4822.099,2181.175,4772.786,-5.52,-1.807,-4.67,29.7,SENSING
58510.0,-4822.099,2181.175,4772.786,-5.52,-1.807,-4.67,29.7,LISTENING
58530.0,-4931.347,2144.632,4678.384,-5.413,-1.854,-4.774,29.7,SENSING
58530.0,-4931.347,2144.632,4678.384,-5.413,-1.854,-4.774,29.7,LISTENING
58542.01,-4995.911,2122.235,4620.704,-5.347,-1.883,-4.836,29.7,SENSING
58542.01,-4995.911,2122.235,4620.704,-5.347,-1.883,-4.836,29.7,LISTENING
58552.63,-5052.344,2102.15,4569.09,-5.288,-1.907,-4.889,29.7,SENSING
58552.63,-5052.344,2102.15,4569.09,-5.288,-1.907,-4.889,29.7,LISTENING
58560.0,-5091.14,2088.058,4532.937,-5.247,-1.924,-4.926,29.7,SENSING
58560.0,-5091.14,2088.058,4532.937,-5.247,-1.924,-4.926,29.7,LISTENING
58570.0,-5143.293,2068.74,4483.451,-5.191,-1.947,-4.976,29.7,SENSING
58570.0,-5143.293,2068.74,4483.451,-5.191,-1.947,-4.976,29.7,LISTENING
58570.0,-5143.293,2068.74,4483.451,-5.191,-1.947,-4.976,29.7,SENSING
58570.0,-5143.293,2068.74,4483.451,-5.191,-1.947,-4.976,29.7,LISTENING
58577.37,-5181.368,2054.357,4446.665,-5.149,-1.964,-5.012,29.7,SENSING
58577.37,-5181.368,2054.357,4446.665,-5.149,-1.964,-5.012,29.7,LISTENING
58580.0,-5194.881,2049.195,4433.473,-5.134,-1.97,-5.025,29.7,SENSING
58580.0,-5194.881,2049.195,4433.473,-5.134,-1.97,-5.025,29.7,LISTENING
58615.52,-5373.475,1977.97,4252.052,-4.928,-2.048,-5.194,29.7,SENSING
58615.52,-5373.475,1977.97,4252.052,-4.928,-2.048,-5.194,29.7,LISTENING
58620.0,-5395.477,1968.791,4228.746,-4.902,-2.058,-5.215,29.7,SENSING
58620.0,-5395.477,1968.791,4228.746,-4.902,-2.058,-5.215,29.7,LISTENING
58620.0,-5395.477,1968.791,4228.746,-4.902,-2.058,-5.215,29.7,SENSING
58620.0,-5395.477,1968.791,4228.746,-4.902,-2.058,-5.215,29.7,LISTENING
58630.0,-5444.159,1948.145,4176.39,-4.842,-2.079,-5.261,29.7,SENSING
58630.0,-5444.159,1948.145,4176.39,-4.842,-2.079,-5.261,29.7,LISTENING
58636.01,-5473.13,1935.635,4144.703,-4.806,-2.092,-5.289,29.7,SENSING
58636.01,-5473.13,1935.635,4144.703,-4.806,-2.092,-5.289,29.7,LISTENING
58650.0,-5539.727,1906.217,4070.308,-4.721,-2.122,-5.352,29.7,SENSING
58650.0,-5539.727,1906.217,4070.308,-4.721,-2.122,-5.352,29.7,LISTENING
59040.09,-6874.803,946.714,1706.782,-2.036,-2.738,-6.603,29.7,SENSING
59040.09,-6874.803,946.714,1706.782,-2.036,-2.738,-6.603,29.7,LISTENING
59050.0,-6894.593,919.578,1641.294,-1.961,-2.748,-6.621,29.7,SENSING
59050.0,-6894.593,919.578,1641.294,-1.961,-2.748,-6.621,29.7,LISTENING
59050.0,-6894.593,919.578,1641.294,-1.961,-2.748,-6.621,29.7,SENSING
59050.0,-6894.593,919.578,1641.294,-1.961,-2.748,-6.621,29.7,LISTENING
59070.0,-6932.283,864.517,1508.602,-1.81,-2.768,-6.655,29.7,SENSING
59070.0,-6932.283,864.517,1508.602,-1.81,-2.768,-6.655,29.7,LISTENING
59079.1,-6948.432,839.338,1448.006,-1.742,-2.776,-6.67,29.7,SENSING
59079.1,-6948.432,839.338,1448.006,-1.742,-2.776,-6.67,29.7,LISTENING
59090.0,-6966.95,809.079,1375.252,-1.659,-2.786,-6.686,29.7,SENSING
59090.0,-6966.95,809.079,1375.252,-1.659,-2.786,-6.686,29.7,LISTENING
59100.0,-6983.145,781.227,1308.348,-1.583,-2.795,-6.701,29.7,SENSING
59100.0,-6983.145,781.227,1308.348,-1.583,-2.795,-6.701,29.7,LISTENING
59111.79,-7001.261,748.28,1229.285,-1.493,-2.805,-6.717,29.7,SENSING
59111.79,-7001.261,748.28,1229.285,-1.493,-2.805,-6.717,29.7,LISTENING
59130.0,-7027.156,697.172,1106.81,-1.353,-2.819,-6.741,29.7,SENSING
59130.0,-7027.156,697.172,1106.81,-1.353,-2.819,-6.741,29.7,LISTENING
59180.03,-7085.203,555.518,768.394,-0.968,-2.853,-6.792,29.7,SENSING
59180.03,-7085.203,555.518,768.394,-0.968,-2.853,-6.792,29.7,LISTENING
59190.41,-7094.83,525.926,697.888,-0.888,-2.859,-6.8,29.7,SENSING
59190.41,-7094.83,525.926,697.888,-0.888,-2.859,-6.8,29.7,LISTENING
59200.0,-7102.984,498.531,632.674,-0.814,-2.865,-6.807,29.7,SENSING
59200.0,-7102.984,498.531,632.674,-0.814,-2.865,-6.807,29.7,LISTENING
59230.0,-7123.894,412.524,428.291,-0.581,-2.879,-6.824,29.7,SENSING
59230.0,-7123.894,412.524,428.291,-0.581,-2.879,-6.824,29.7,LISTENING
59230.0,-7123.894,412.524,428.291,-0.581,-2.879,-6.824,29.7,SENSING
59230.0,-7123.894,412.524,428.291,-0.581,-2.879,-6.824,29.7,LISTENING
59248.65,-7133.373,358.847,301.008,-0.436,-2.887,-6.832,29.7,SENSING
59248.65,-7133.373,358.847,301.008,-0.436,-2.887,-6.832,29.7,LISTENING
59273.46,-7141.793,287.234,131.516,-0.243,-2.896,-6.838,29.7,SENSING
59273.46,-7141.793,287.234,131.516,-0.243,-2.896,-6.838,29.7,LISTENING
59280.0,-7143.215,268.322,86.818,-0.192,-2.898,-6.838,29.7,SENSING
59280.0,-7143.215,268.322,86.818,-0.192,-2.898,-6.838,29.7,LISTENING
59280.0,-7143.215,268.322,86.818,-0.192,-2.898,-6.838,29.7,SENSING
59280.0,-7143.215,268.322,86.818,-0.192,-2.898,-6.838,29.7,LISTENING
59300.0,-7145.498,210.415,-49.89,-0.036,-2.903,-6.839,29.7,SENSING
59300.0,-7145.498,210.415,-49.89,-0.036,-2.903,-6.839,29.7,LISTENING
59311.15,-7145.418,178.09,-126.098,0.05,-2.906,-6.838,29.7,SENSING
59311.15,-7145.418,178.09,-126.098,0.05,-2.906,-6.838,29.7,LISTENING
59320.0,-7144.667,152.416,-186.575,0.119,-2.907,-6.836,29.7,SENSING
59320.0,-7144.667,152.416,-186.575,0.119,-2.907,-6.836,29.7,LISTENING
59330.0,-7143.084,123.39,-254.892,0.197,-2.909,-6.834,29.7,SENSING
59330.0,-7143.084,123.39,-254.892,0.197,-2.909,-6.834,29.7,LISTENING
59334.34,-7142.154,110.788,-284.533,0.231,-2.909,-6.833,29.7,SENSING
59334.34,-7142.154,110.788,-284.533,0.231,-2.909,-6.833,29.7,LISTENING
59340.0,-7140.722,94.35,-323.18,0.275,-2.91,-6.831,29.7,SENSING
59340.0,-7140.722,94.35,-323.18,0.275,-2.91,-6.831,29.7,LISTENING
59340.0,-7140.722,94.35,-323.18,0.275,-2.91,-6.831,29.7,SENSING
59340.0,-7140.722,94.35,-323.18,0.275,-2.91,-6.831,29.7,LISTENING
59350.0,-7137.583,65.3,-391.433,0.353,-2.911,-6.827,29.7,SENSING
59350.0,-7137.583,65.3,-391.433,0.353,-2.911,-6.827,29.7,LISTENING
59364.66,-7131.575,22.701,-491.413,0.467,-2.912,-6.82,29.7,SENSING
59364.66,-7131.575,22.701,-491.413,0.467,-2.912,-6.82,29.7,LISTENING
59380.0,-7123.501,-21.879,-595.907,0.586,-2.912,-6.811,29.7,SENSING
59380.0,-7123.501,-21.879,-595.907,0.586,-2.912,-6.811,29.7,LISTENING
59431.08,-7083.461,-170.223,-942.605,0.982,-2.906,-6.768,29.7,SENSING
59431.08,-7083.461,-170.223,-942.605,0.982,-2.906,-6.768,29.7,LISTENING
59450.0,-7063.512,-225.07,-1070.393,1.128,-2.902,-6.747,29.7,SENSING
59450.0,-7063.512,-225.07,-1070.393,1.128,-2.902,-6.747,29.7,LISTENING
59450.0,-7063.512,-225.07,-1070.393,1.128,-2.902,-6.747,29.7,SENSING
59450.0,-7063.512,-225.07,-1070.393,1.128,-2.902,-6.747,29.7,LISTENING
59459.97,-7051.891,-253.938,-1137.567,1.205,-2.9,-6.735,29.7,SENSING
59459.97,-7051.891,-253.938,-1137.567,1.205,-2.9,-6.735,29.7,LISTENING
59480.0,-7026.234,-311.848,-1272.141,1.359,-2.893,-6.709,29.7,SENSING
59480.0,-7026.234,-311.848,-1272.141,1.359,-2.893,-6.709,29.7,LISTENING
59609.07,-6787.802,-680.661,-2123.423,2.333,-2.823,-6.469,29.7,SENSING
59609.07,-6787.802,-680.661,-2123.423,2.333,-2.823,-6.469,29.7,LISTENING
59630.0,-6737.384,-739.481,-2258.233,2.488,-2.807,-6.419,29.7,SENSING
59630.0,-6737.384,-739.481,-2258.233,2.488,-2.807,-6.419,29.7,LISTENING
59775.55,-6299.143,-1137.244,-3162.348,3.527,-2.658,-5.987,29.7,SENSING
59775.55,-6299.143,-1137.244,-3162.348,3.527,-2.658,-5.987,29.7,LISTENING
59780.0,-6283.391,-1149.038,-3188.941,3.558,-2.652,-5.971,29.7,SENSING
59780.0,-6283.391,-1149.038,-3188.941,3.558,-2.652,-5.971,29.7,LISTENING
59798.29,-6217.22,-1197.247,-3297.508,3.683,-2.629,-5.906,29.7,SENSING
59798.29,-6217.22,-1197.247,-3297.508,3.683,-2.629,-5.906,29.7,LISTENING
59830.0,-6097.121,-1279.783,-3482.851,3.897,-2.586,-5.789,29.7,SENSING
59830.0,-6097.121,-1279.783,-3482.851,3.897,-2.586,-5.789,29.7,LISTENING
59848.34,-6024.588,-1326.884,-3588.31,4.018,-2.56,-5.717,29.7,SENSING
59848.34,-6024.588,-1326.884,-3588.31,4.018,-2.56,-5.717,29.7,LISTENING
59860.0,-5977.318,-1356.576,-3654.672,4.095,-2.543,-5.671,29.7,SENSING
59860.0,-5977.318,-1356.576,-3654.672,4.095,-2.543,-5.671,29.7,LISTENING
59860.0,-5977.318,-1356.576,-3654.672,4.095,-2.543,-5.671,29.7,SENSING
59860.0,-5977.318,-1356.576,-3654.672,4.095,-2.543,-5.671,29.7,LISTENING
59954.85,-5560.362,-1590.244,-4173.414,4.696,-2.389,-5.263,29.7,SENSING
59954.85,-5560.362,-1590.244,-4173.414,4.696,-2.389,-5.263,29.7,LISTENING
59970.0,-5488.573,-1626.176,-4252.586,4.788,-2.363,-5.193,29.7,SENSING
59970.0,-5488.573,-1626.176,-4252.586,4.788,-2.363,-5.193,29.7,LISTENING
59970.0,-5488.573,-1626.176,-4252.586,4.788,-2.363,-5.193,29.7,SENSING
59970.0,-5488.573,-1626.176,-4252.586,4.788,-2.363,-5.193,29.7,LISTENING
59976.65,-5456.624,-1641.819,-4287.0,4.828,-2.351,-5.162,29.7,SENSING
59976.65,-5456.624,-1641.819,-4287.0,4.828,-2.351,-5.162,29.7,LISTENING
59980.0,-5440.428,-1649.67,-4304.259,4.848,-2.345,-5.146,29.7,SENSING
59980.0,-5440.428,-1649.67,-4304.259,4.848,-2.345,-5.146,29.7,LISTENING
59980.0,-5440.428,-1649.67,-4304.259,4.848,-2.345,-5.146,29.7,SENSING
59980.0,-5440.428,-1649.67,-4304.259,4.848,-2.345,-5.146,29.7,LISTENING
59990.0,-5391.686,-1672.984,-4355.459,4.907,-2.326,-5.099,29.7,SENSING
59990.0,-5391.686,-1672.984,-4355.459,4.907,-2.326,-5.099,29.7,LISTENING
60004.34,-5320.759,-1706.095,-4428.043,4.992,-2.3,-5.03,29.7,SENSING
60004.34,-5320.759,-1706.095,-4428.043,4.992,-2.3,-5.03,29.7,LISTENING
60010.0,-5292.432,-1719.058,-4456.417,5.025,-2.289,-5.002,29.7,SENSING
60010.0,-5292.432,-1719.058,-4456.417,5.025,-2.289,-5.002,29.7,LISTENING
60010.0,-5292.432,-1719.058,-4456.417,5.025,-2.289,-5.002,29.7,SENSING
60010.0,-5292.432,-1719.058,-4456.417,5.025,-2.289,-5.002,29.7,LISTENING
60023.77,-5222.741,-1750.344,-4524.791,5.104,-2.263,-4.934,29.7,SENSING
60023.77,-5222.741,-1750.344,-4524.791,5.104,-2.263,-4.934,29.7,LISTENING
60030.0,-5190.852,-1764.38,-4555.417,5.14,-2.251,-4.903,29.7,SENSING
60030.0,-5190.852,-1764.38,-4555.417,5.14,-2.251,-4.903,29.7,LISTENING
60030.0,-5190.852,-1764.38,-4555.417,5.14,-2.251,-4.903,29.7,SENSING
60030.0,-5190.852,-1764.38,-4555.417,5.14,-2.251,-4.903,29.7,LISTENING
60051.12,-5081.108,-1811.399,-4657.786,5.259,-2.209,-4.796,29.7,SENSING
60051.12,-5081.108,-1811.399,-4657.786,5.259,-2.209,-4.796,29.7,LISTENING
60090.0,-4872.603,-1895.623,-4840.224,5.472,-2.13,-4.592,29.7,SENSING
60090.0,-4872.603,-1895.623,-4840.224,5.472,-2.13,-4.592,29.7,LISTENING
60097.22,-4832.981,-1910.921,-4873.225,5.511,-2.115,-4.554,29.7,SENSING
60097.22,-4832.981,-1910.921,-4873.225,5.511,-2.115,-4.554,29.7,LISTENING
60100.0,-4817.65,-1916.782,-4885.857,5.526,-2.109,-4.539,29.7,SENSING
60100.0,-4817.65,-1916.782,-4885.857,5.526,-2.109,-4.539,29.7,LISTENING
60100.0,-4817.65,-1916.782,-4885.857,5.526,-2.109,-4.539,29.7,SENSING
60100.0,-4817.65,-1916.782,-4885.857,5.526,-2.109,-4.539,29.7,LISTENING
60110.0,-4762.168,-1937.732,-4930.953,5.578,-2.088,-4.485,29.7,SENSING
60110.0,-4762.168,-1937.732,-4930.953,5.578,-2.088,-4.485,29.7,LISTENING
60117.05,-4722.737,-1952.373,-4962.419,5.615,-2.073,-4.446,29.7,SENSING
60117.05,-4722.737,-1952.373,-4962.419,5.615,-2.073,-4.446,29.7,LISTENING
60120.0,-4706.161,-1958.468,-4975.505,5.631,-2.067,-4.43,29.7,SENSING
60120.0,-4706.161,-1958.468,-4975.505,5.631,-2.067,-4.43,29.7,LISTENING
60120.0,-4706.161,-1958.468,-4975.505,5.631,-2.067,-4.43,29.7,SENSING
60120.0,-4706.161,-1958.468,-4975.505,5.631,-2.067,-4.43,29.7,LISTENING
60130.0,-4649.636,-1978.989,-5019.509,5.682,-2.045,-4.375,29.7,SENSING
60130.0,-4649.636,-1978.989,-5019.509,5.682,-2.045,-4.375,29.7,LISTENING
60143.53,-4572.343,-2006.407,-5078.165,5.751,-2.015,-4.3,29.7,SENSING
60143.53,-4572.343,-2006.407,-5078.165,5.751,-2.015,-4.3,29.7,LISTENING
60160.0,-4477.013,-2039.238,-5148.183,5.833,-1.978,-4.207,29.7,SENSING
60160.0,-4477.013,-2039.238,-5148.183,5.833,-1.978,-4.207,29.7,LISTENING
60160.0,-4477.013,-2039.238,-5148.183,5.833,-1.978,-4.207,29.7,SENSING
60160.0,-4477.013,-2039.238,-5148.183,5.833,-1.978,-4.207,29.7,LISTENING
60195.62,-4266.298,-2108.149,-5294.317,6.005,-1.897,-4.002,29.7,SENSING
60195.62,-4266.298,-2108.149,-5294.317,6.005,-1.897,-4.002,29.7,LISTENING
60200.0,-4239.969,-2116.422,-5311.778,6.026,-1.887,-3.976,29.7,SENSING
60200.0,-4239.969,-2116.422,-5311.778,6.026,-1.887,-3.976,29.7,LISTENING
60200.0,-4239.969,-2116.422,-5311.778,6.026,-1.887,-3.976,29.7,SENSING
60200.0,-4239.969,-2116.422,-5311.778,6.026,-1.887,-3.976,29.7,LISTENING
60234.48,-4029.615,-2179.967,-5445.279,6.183,-1.805,-3.771,29.7,SENSING
60234.48,-4029.615,-2179.967,-5445.279,6.183,-1.805,-3.771,29.7,LISTENING
60240.0,-3995.441,-2189.877,-5465.992,6.208,-1.792,-3.738,29.7,SENSING
60240.0,-3995.441,-2189.877,-5465.992,6.208,-1.792,-3.738,29.7,LISTENING
60240.0,-3995.441,-2189.877,-5465.992,6.208,-1.792,-3.738,29.7,SENSING
60240.0,-3995.441,-2189.877,-5465.992,6.208,-1.792,-3.738,29.7,LISTENING
60283.44,-3721.9,-2265.273,-5622.515,6.393,-1.685,-3.471,29.7,SENSING
60283.44,-3721.9,-2265.273,-5622.515,6.393,-1.685,-3.471,29.7,LISTENING
60300.0,-3615.546,-2292.783,-5679.111,6.46,-1.643,-3.368,29.7,SENSING
60300.0,-3615.546,-2292.783,-5679.111,6.46,-1.643,-3.368,29.7,LISTENING
60300.0,-3615.546,-2292.783,-5679.111,6.46,-1.643,-3.368,29.7,SENSING
60300.0,-3615.546,-2292.783,-5679.111,6.46,-1.643,-3.368,29.7,LISTENING
60303.04,-3595.902,-2297.757,-5689.314,6.472,-1.635,-3.348,29.7,SENSING
60303.04,-3595.902,-2297.757,-5689.314,6.472,-1.635,-3.348,29.7,LISTENING
60327.99,-3433.308,-2337.697,-5770.844,6.57,-1.571,-3.19,29.7,SENSING
60327.99,-3433.308,-2337.697,-5770.844,6.57,-1.571,-3.19,29.7,LISTENING
60340.0,-3354.191,-2356.351,-5808.673,6.615,-1.54,-3.113,29.7,SENSING
60340.0,-3354.191,-2356.351,-5808.673,6.615,-1.54,-3.113,29.7,LISTENING
60340.0,-3354.191,-2356.351,-5808.673,6.615,-1.54,-3.113,29.7,SENSING
60340.0,-3354.191,-2356.351,-5808.673,6.615,-1.54,-3.113,29.7,LISTENING
60350.0,-3287.906,-2371.596,-5839.464,6.652,-1.514,-3.048,29.7,SENSING
60350.0,-3287.906,-2371.596,-5839.464,6.652,-1.514,-3.048,29.7,LISTENING
60370.0,-3154.249,-2401.299,-5899.1,6.723,-1.461,-2.918,29.7,SENSING
60370.0,-3154.249,-2401.299,-5899.1,6.723,-1.461,-2.918,29.7,LISTENING
60375.78,-3115.36,-2409.686,-5915.848,6.743,-1.446,-2.88,29.7,SENSING
60375.78,-3115.36,-2409.686,-5915.848,6.743,-1.446,-2.88,29.7,LISTENING
60380.0,-3086.893,-2415.753,-5927.938,6.758,-1.434,-2.852,29.7,SENSING
60380.0,-3086.893,-2415.753,-5927.938,6.758,-1.434,-2.852,29.7,LISTENING
60380.0,-3086.893,-2415.753,-5927.938,6.758,-1.434,-2.852,29.7,SENSING
60380.0,-3086.893,-2415.753,-5927.938,6.758,-1.434,-2.852,29.7,LISTENING
60386.47,-3043.131,-2424.963,-5946.246,6.78,-1.417,-2.81,29.7,SENSING
60386.47,-3043.131,-2424.963,-5946.246,6.78,-1.417,-2.81,29.7,LISTENING
60390.0,-3019.194,-2429.94,-5956.119,6.792,-1.408,-2.787,29.7,SENSING
60390.0,-3019.194,-2429.94,-5956.119,6.792,-1.408,-2.787,29.7,LISTENING
60390.0,-3019.194,-2429.94,-5956.119,6.792,-1.408,-2.787,29.7,SENSING
60390.0,-3019.194,-2429.94,-5956.119,6.792,-1.408,-2.787,29.7,LISTENING
60396.06,-2978.005,-2438.406,-5972.875,6.812,-1.391,-2.746,29.7,SENSING
60396.06,-2978.005,-2438.406,-5972.875,6.812,-1.391,-2.746,29.7,LISTENING
60400.0,-2951.161,-2443.858,-5983.638,6.825,-1.381,-2.72,29.7,SENSING
60400.0,-2951.161,-2443.858,-5983.638,6.825,-1.381,-2.72,29.7,LISTENING
60400.0,-2951.161,-2443.858,-5983.638,6.825,-1.381,-2.72,29.7,SENSING
60400.0,-2951.161,-2443.858,-5983.638,6.825,-1.381,-2.72,29.7,LISTENING
60406.73,-2905.189,-2453.072,-6001.785,6.847,-1.362,-2.675,29.7,SENSING
60406.73,-2905.189,-2453.072,-6001.785,6.847,-1.362,-2.675,29.7,LISTENING
60410.0,-2882.8,-2457.505,-6010.494,6.857,-1.353,-2.654,29.7,SENSING
60410.0,-2882.8,-2457.505,-6010.494,6.857,-1.353,-2.654,29.7,LISTENING
60410.0,-2882.8,-2457.505,-6010.494,6.857,-1.353,-2.654,29.7,SENSING
60410.0,-2882.8,-2457.505,-6010.494,6.857,-1.353,-2.654,29.7,MESSAGING
60410.0,-2882.8,-2457.505,-6010.494,6.857,-1.353,-2.654,29.7,SENSING
60410.0,-2882.8,-2457.505,-6010.494,6.857,-1.353,-2.654,29.7,LISTENING
60410.0,-2882.8,-2457.505,-6010.494,6.857,-1.353,-2.654,29.7,SENSING
60410.0,-2882.8,-2457.505,-6010.494,6.857,-1.353,-2.654,29.7,LISTENING
60410.0,-2882.8,-2457.505,-6010.494,6.857,-1.353,-2.654,29.7,SENSING
60410.0,-2882.8,-2457.505,-6010.494,6.857,-1.353,-2.654,29.7,LISTENING
60426.8,-2767.237,-2479.819,-6054.107,6.91,-1.307,-2.541,29.7,SENSING
60426.8,-2767.237,-2479.819,-6054.107,6.91,-1.307,-2.541,29.7,LISTENING
60430.0,-2745.125,-2483.982,-6062.2,6.92,-1.299,-2.519,29.7,SENSING
60430.0,-2745.125,-2483.982,-6062.2,6.92,-1.299,-2.519,29.7,LISTENING
60430.0,-2745.125,-2483.982,-6062.2,6.92,-1.299,-2.519,29.7,SENSING
60430.0,-2745.125,-2483.982,-6062.2,6.92,-1.299,-2.519,29.7,LISTENING
60436.31,-2701.433,-2492.107,-6077.955,6.939,-1.281,-2.477,29.7,SENSING
60436.31,-2701.433,-2492.107,-6077.955,6.939,-1.281,-2.477,29.7,LISTENING
60440.0,-2675.827,-2496.808,-6087.044,6.95,-1.271,-2.452,29.7,SENSING
60440.0,-2675.827,-2496.808,-6087.044,6.95,-1.271,-2.452,29.7,LISTENING
60440.0,-2675.827,-2496.808,-6087.044,6.95,-1.271,-2.452,29.7,SENSING
60440.0,-2675.827,-2496.808,-6087.044,6.95,-1.271,-2.452,29.7,LISTENING
60456.71,-2559.37,-2517.622,-6127.047,6.998,-1.224,-2.338,29.7,SENSING
60456.71,-2559.37,-2517.622,-6127.047,6.998,-1.224,-2.338,29.7,LISTENING
60459.06,-2542.928,-2520.487,-6132.521,7.005,-1.218,-2.322,29.7,SENSING
60459.06,-2542.928,-2520.487,-6132.521,7.005,-1.218,-2.322,29.7,LISTENING
60480.0,-2395.738,-2545.331,-6179.627,7.063,-1.159,-2.179,29.7,SENSING
60480.0,-2395.738,-2545.331,-6179.627,7.063,-1.159,-2.179,29.7,LISTENING
60480.0,-2395.738,-2545.331,-6179.627,7.063,-1.159,-2.179,29.7,SENSING
60480.0,-2395.738,-2545.331,-6179.627,7.063,-1.159,-2.179,29.7,LISTENING
60488.14,-2338.202,-2554.655,-6197.126,7.084,-1.136,-2.123,29.7,SENSING
60488.14,-2338.202,-2554.655,-6197.126,7.084,-1.136,-2.123,29.7,LISTENING
60497.36,-2272.824,-2564.989,-6216.395,7.108,-1.11,-2.059,29.7,SENSING
60497.36,-2272.824,-2564.989,-6216.395,7.108,-1.11,-2.059,29.7,LISTENING
60500.0,-2254.065,-2567.904,-6221.804,7.114,-1.102,-2.041,29.7,SENSING
60500.0,-2254.065,-2567.904,-6221.804,7.114,-1.102,-2.041,29.7,LISTENING
60500.0,-2254.065,-2567.904,-6221.804,7.114,-1.102,-2.041,29.7,SENSING
60500.0,-2254.065,-2567.904,-6221.804,7.114,-1.102,-2.041,29.7,LISTENING
60509.95,-2183.204,-2578.709,-6241.756,7.139,-1.074,-1.972,29.7,SENSING
60509.95,-2183.204,-2578.709,-6241.756,7.139,-1.074,-1.972,29.7,LISTENING
60510.0,-2182.847,-2578.763,-6241.855,7.139,-1.073,-1.971,29.7,SENSING
60510.0,-2182.847,-2578.763,-6241.855,7.139,-1.073,-1.971,29.7,LISTENING
60520.0,-2111.387,-2589.336,-6261.21,7.163,-1.045,-1.902,29.7,SENSING
60520.0,-2111.387,-2589.336,-6261.21,7.163,-1.045,-1.902,29.7,LISTENING
60520.0,-2111.387,-2589.336,-6261.21,7.163,-1.045,-1.902,29.7,SENSING
60520.0,-2111.387,-2589.336,-6261.21,7.163,-1.045,-1.902,29.7,LISTENING
60520.0,-2111.387,-2589.336,-6261.21,7.163,-1.045,-1.902,29.7,SENSING
60520.0,-2111.387,-2589.336,-6261.21,7.163,-1.045,-1.902,29.7,MESSAGING
60520.0,-2111.387,-2589.336,-6261.21,7.163,-1.045,-1.902,29.7,SENSING
60520.0,-2111.387,-2589.336,-6261.21,7.163,-1.045,-1.902,29.7,LISTENING
60520.0,-2111.387,-2589.336,-6261.21,7.163,-1.045,-1.902,29.7,SENSING
60520.0,-2111.387,-2589.336,-6261.21,7.163,-1.045,-1.902,29.7,LISTENING
60520.0,-2111.387,-2589.336,-6261.21,7.163,-1.045,-1.902,29.7,SENSING
60520.0,-2111.387,-2589.336,-6261.21,7.163,-1.045,-1.902,29.7,MESSAGING
60520.0,-2111.387,-2589.336,-6261.21,7.163,-1.045,-1.902,29.7,SENSING
60520.0,-2111.387,-2589.336,-6261.21,7.163,-1.045,-1.902,29.7,LISTENING
60520.0,-2111.387,-2589.336,-6261.21,7.163,-1.045,-1.902,29.7,SENSING
60520.0,-2111.387,-2589.336,-6261.21,7.163,-1.045,-1.902,29.7,LISTENING
60520.0,-2111.387,-2589.336,-6261.21,7.163,-1.045,-1.902,29.7,SENSING
60520.0,-2111.387,-2589.336,-6261.21,7.163,-1.045,-1.902,29.7,LISTENING
60520.0,-2111.387,-2589.336,-6261.21,7.163,-1.045,-1.902,29.7,SENSING
60520.0,-2111.387,-2589.336,-6261.21,7.163,-1.045,-1.902,29.7,MESSAGING
60520.0,-2111.387,-2589.336,-6261.21,7.163,-1.045,-1.902,29.7,SENSING
60520.0,-2111.387,-2589.336,-6261.21,7.163,-1.045,-1.902,29.7,LISTENING
60520.0,-2111.387,-2589.336,-6261.21,7.163,-1.045,-1.902,29.7,SENSING
60520.0,-2111.387,-2589.336,-6261.21,7.163,-1.045,-1.902,29.7,LISTENING
60520.0,-2111.387,-2589.336,-6261.21,7.163,-1.045,-1.902,29.7,SENSING
60520.0,-2111.387,-2589.336,-6261.21,7.163,-1.045,-1.902,29.7,LISTENING
60520.0,-2111.387,-2589.336,-6261.21,7.163,-1.045,-1.902,29.7,SENSING
60520.0,-2111.387,-2589.336,-6261.21,7.163,-1.045,-1.902,29.7,MESSAGING
60520.0,-2111.387,-2589.336,-6261.21,7.163,-1.045,-1.902,29.7,SENSING
60520.0,-2111.387,-2589.336,-6261.21,7.163,-1.045,-1.902,29.7,LISTENING
60520.0,-2111.387,-2589.336,-6261.21,7.163,-1.045,-1.902,29.7,SENSING
60520.0,-2111.387,-2589.336,-6261.21,7.163,-1.045,-1.902,29.7,LISTENING
60520.0,-2111.387,-2589.336,-6261.21,7.163,-1.045,-1.902,29.7,SENSING
60520.0,-2111.387,-2589.336,-6261.21,7.163,-1.045,-1.902,29.7,LISTENING
60520.0,-2111.387,-2589.336,-6261.21,7.163,-1.045,-1.902,29.7,SENSING
60520.0,-2111.387,-2589.336,-6261.21,7.163,-1.045,-1.902,29.7,LISTENING
60530.0,-2039.692,-2599.621,-6279.868,7.186,-1.016,-1.832,29.7,SENSING
60530.0,-2039.692,-2599.621,-6279.868,7.186,-1.016,-1.832,29.7,LISTENING
60532.74,-2020.008,-2602.389,-6284.859,7.192,-1.008,-1.813,29.7,SENSING
60532.74,-2020.008,-2602.389,-6284.859,7.192,-1.008,-1.813,29.7,LISTENING
60540.0,-1967.77,-2609.617,-6297.827,7.208,-0.987,-1.762,29.7,SENSING
60540.0,-1967.77,-2609.617,-6297.827,7.208,-0.987,-1.762,29.7,LISTENING
60540.0,-1967.77,-2609.617,-6297.827,7.208,-0.987,-1.762,29.7,SENSING
60540.0,-1967.77,-2609.617,-6297.827,7.208,-0.987,-1.762,29.7,LISTENING
60545.07,-1931.221,-2614.575,-6306.663,7.219,-0.972,-1.726,29.7,SENSING
60545.07,-1931.221,-2614.575,-6306.663,7.219,-0.972,-1.726,29.7,LISTENING
60547.33,-1914.911,-2616.76,-6310.544,7.224,-0.965,-1.71,29.7,SENSING
60547.33,-1914.911,-2616.76,-6310.544,7.224,-0.965,-1.71,29.7,LISTENING
60550.0,-1895.628,-2619.323,-6315.083,7.23,-0.958,-1.691,29.7,SENSING
60550.0,-1895.628,-2619.323,-6315.083,7.23,-0.958,-1.691,29.7,LISTENING
60550.0,-1895.628,-2619.323,-6315.083,7.23,-0.958,-1.691,29.7,SENSING
60550.0,-1895.628,-2619.323,-6315.083,7.23,-0.958,-1.691,29.7,LISTENING
60560.0,-1823.276,-2628.738,-6331.635,7.251,-0.928,-1.621,29.7,SENSING
60560.0,-1823.276,-2628.738,-6331.635,7.251,-0.928,-1.621,29.7,LISTENING
60566.49,-1776.209,-2634.692,-6342.0,7.264,-0.909,-1.575,29.7,SENSING
60566.49,-1776.209,-2634.692,-6342.0,7.264,-0.909,-1.575,29.7,LISTENING
60570.0,-1750.719,-2637.861,-6347.481,7.271,-0.899,-1.55,29.7,SENSING
60570.0,-1750.719,-2637.861,-6347.481,7.271,-0.899,-1.55,29.7,LISTENING
60570.0,-1750.719,-2637.861,-6347.481,7.271,-0.899,-1.55,29.7,SENSING
60570.0,-1750.719,-2637.861,-6347.481,7.271,-0.899,-1.55,29.7,LISTENING
60575.08,-1713.786,-2642.383,-6355.259,7.281,-0.884,-1.514,29.7,SENSING
60575.08,-1713.786,-2642.383,-6355.259,7.281,-0.884,-1.514,29.7,LISTENING
60580.0,-1677.968,-2646.69,-6362.619,7.29,-0.87,-1.479,29.7,SENSING
60580.0,-1677.968,-2646.69,-6362.619,7.29,-0.87,-1.479,29.7,LISTENING
60580.0,-1677.968,-2646.69,-6362.619,7.29,-0.87,-1.479,29.7,SENSING
60580.0,-1677.968,-2646.69,-6362.619,7.29,-0.87,-1.479,29.7,LISTENING
60584.29,-1646.7,-2650.387,-6368.895,7.298,-0.857,-1.449,29.7,SENSING
60584.29,-1646.7,-2650.387,-6368.895,7.298,-0.857,-1.449,29.7,LISTENING
60590.0,-1605.03,-2655.224,-6377.046,7.308,-0.84,-1.408,29.7,SENSING
60590.0,-1605.03,-2655.224,-6377.046,7.308,-0.84,-1.408,29.7,LISTENING
60600.0,-1531.912,-2663.463,-6390.762,7.326,-0.81,-1.337,29.7,SENSING
60600.0,-1531.912,-2663.463,-6390.762,7.326,-0.81,-1.337,29.7,LISTENING
60605.54,-1491.331,-2667.9,-6398.053,7.335,-0.794,-1.297,29.7,SENSING
60605.54,-1491.331,-2667.9,-6398.053,7.335,-0.794,-1.297,29.7,LISTENING
60606.58,-1483.707,-2668.722,-6399.398,7.337,-0.791,-1.29,29.7,SENSING
60606.58,-1483.707,-2668.722,-6399.398,7.337,-0.791,-1.29,29.7,LISTENING
60610.0,-1458.623,-2671.405,-6403.764,7.342,-0.781,-1.265,29.7,SENSING
60610.0,-1458.623,-2671.405,-6403.764,7.342,-0.781,-1.265,29.7,LISTENING
60610.0,-1458.623,-2671.405,-6403.764,7.342,-0.781,-1.265,29.7,SENSING
60610.0,-1458.623,-2671.405,-6403.764,7.342,-0.781,-1.265,29.7,LISTENING
60626.79,-1335.209,-2684.07,-6423.984,7.369,-0.73,-1.145,29.7,SENSING
60626.79,-1335.209,-2684.07,-6423.984,7.369,-0.73,-1.145,29.7,LISTENING
60627.04,-1333.368,-2684.252,-6424.27,7.369,-0.73,-1.143,29.7,SENSING
60627.04,-1333.368,-2684.252,-6424.27,7.369,-0.73,-1.143,29.7,LISTENING
60630.0,-1311.565,-2686.396,-6427.62,7.373,-0.721,-1.122,29.7,SENSING
60630.0,-1311.565,-2686.396,-6427.62,7.373,-0.721,-1.122,29.7,LISTENING
60640.0,-1237.813,-2693.442,-6438.471,7.388,-0.691,-1.05,29.7,SENSING
60640.0,-1237.813,-2693.442,-6438.471,7.388,-0.691,-1.05,29.7,LISTENING
60640.0,-1237.813,-2693.442,-6438.471,7.388,-0.691,-1.05,29.7,SENSING
60640.0,-1237.813,-2693.442,-6438.471,7.388,-0.691,-1.05,29.7,LISTENING
60644.41,-1205.243,-2696.454,-6443.028,7.394,-0.677,-1.018,29.7,SENSING
60644.41,-1205.243,-2696.454,-6443.028,7.394,-0.677,-1.018,29.7,LISTENING
60650.0,-1163.922,-2700.188,-6448.602,7.401,-0.661,-0.978,29.7,SENSING
60650.0,-1163.922,-2700.188,-6448.602,7.401,-0.661,-0.978,29.7,LISTENING
60650.0,-1163.922,-2700.188,-6448.602,7.401,-0.661,-0.978,29.7,SENSING
60650.0,-1163.922,-2700.188,-6448.602,7.401,-0.661,-0.978,29.7,LISTENING
60655.56,-1122.782,-2703.809,-6453.923,7.408,-0.644,-0.937,29.7,SENSING
60655.56,-1122.782,-2703.809,-6453.923,7.408,-0.644,-0.937,29.7,LISTENING
60660.0,-1089.901,-2706.633,-6458.012,7.414,-0.63,-0.905,29.7,SENSING
60660.0,-1089.901,-2706.633,-6458.012,7.414,-0.63,-0.905,29.7,LISTENING
60660.0,-1089.901,-2706.633,-6458.012,7.414,-0.63,-0.905,29.7,SENSING
60660.0,-1089.901,-2706.633,-6458.012,7.414,-0.63,-0.905,29.7,LISTENING
60660.0,-1089.901,-2706.633,-6458.012,7.414,-0.63,-0.905,29.7,SENSING
60660.0,-1089.901,-2706.633,-6458.012,7.414,-0.63,-0.905,29.7,MESSAGING
60660.0,-1089.901,-2706.633,-6458.012,7.414,-0.63,-0.905,29.7,SENSING
60660.0,-1089.901,-2706.633,-6458.012,7.414,-0.63,-0.905,29.7,LISTENING
60660.0,-1089.901,-2706.633,-6458.012,7.414,-0.63,-0.905,29.7,SENSING
60660.0,-1089.901,-2706.633,-6458.012,7.414,-0.63,-0.905,29.7,LISTENING
60660.0,-1089.901,-2706.633,-6458.012,7.414,-0.63,-0.905,29.7,SENSING
60660.0,-1089.901,-2706.633,-6458.012,7.414,-0.63,-0.905,29.7,LISTENING
60666.72,-1040.089,-2710.794,-6463.93,7.422,-0.61,-0.857,29.7,SENSING
60666.72,-1040.089,-2710.794,-6463.93,7.422,-0.61,-0.857,29.7,LISTENING
60667.49,-1034.378,-2711.262,-6464.587,7.423,-0.608,-0.851,29.7,SENSING
60667.49,-1034.378,-2711.262,-6464.587,7.423,-0.608,-0.851,29.7,LISTENING
60670.0,-1015.758,-2712.776,-6466.7,7.425,-0.6,-0.833,29.7,SENSING
60670.0,-1015.758,-2712.776,-6466.7,7.425,-0.6,-0.833,29.7,LISTENING
60675.7,-973.445,-2716.142,-6471.328,7.432,-0.583,-0.792,29.7,SENSING
60675.7,-973.445,-2716.142,-6471.328,7.432,-0.583,-0.792,29.7,LISTENING
60680.0,-941.501,-2718.616,-6474.663,7.436,-0.57,-0.761,29.7,SENSING
60680.0,-941.501,-2718.616,-6474.663,7.436,-0.57,-0.761,29.7,LISTENING
60680.0,-941.501,-2718.616,-6474.663,7.436,-0.57,-0.761,29.7,SENSING
60680.0,-941.501,-2718.616,-6474.663,7.436,-0.57,-0.761,29.7,LISTENING
60685.64,-899.573,-2721.776,-6478.835,7.442,-0.552,-0.72,29.7,SENSING
60685.64,-899.573,-2721.776,-6478.835,7.442,-0.552,-0.72,29.7,LISTENING
60690.0,-867.139,-2724.152,-6481.902,7.447,-0.539,-0.688,29.7,SENSING
60690.0,-867.139,-2724.152,-6481.902,7.447,-0.539,-0.688,29.7,LISTENING
60690.0,-867.139,-2724.152,-6481.902,7.447,-0.539,-0.688,29.7,SENSING
60690.0,-867.139,-2724.152,-6481.902,7.447,-0.539,-0.688,29.7,LISTENING
60696.58,-818.155,-2727.629,-6486.269,7.453,-0.519,-0.64,29.7,SENSING
60696.58,-818.155,-2727.629,-6486.269,7.453,-0.519,-0.64,29.7,LISTENING
60700.0,-792.68,-2729.384,-6488.415,7.456,-0.509,-0.615,29.7,SENSING
60700.0,-792.68,-2729.384,-6488.415,7.456,-0.509,-0.615,29.7,LISTENING
60700.0,-792.68,-2729.384,-6488.415,7.456,-0.509,-0.615,29.7,SENSING
60700.0,-792.68,-2729.384,-6488.415,7.456,-0.509,-0.615,29.7,LISTENING
60707.22,-738.865,-2732.973,-6492.665,7.462,-0.487,-0.563,29.7,SENSING
60707.22,-738.865,-2732.973,-6492.665,7.462,-0.487,-0.563,29.7,LISTENING
60709.54,-721.563,-2734.092,-6493.951,7.464,-0.48,-0.546,29.7,SENSING
60709.54,-721.563,-2734.092,-6493.951,7.464,-0.48,-0.546,29.7,LISTENING
60710.0,-718.132,-2734.312,-6494.201,7.464,-0.478,-0.543,29.7,SENSING
60710.0,-718.132,-2734.312,-6494.201,7.464,-0.478,-0.543,29.7,LISTENING
60710.0,-718.132,-2734.312,-6494.201,7.464,-0.478,-0.543,29.7,SENSING
60710.0,-718.132,-2734.312,-6494.201,7.464,-0.478,-0.543,29.7,LISTENING
60720.0,-643.504,-2738.933,-6499.259,7.472,-0.447,-0.47,29.7,SENSING
60720.0,-643.504,-2738.933,-6499.259,7.472,-0.447,-0.47,29.7,LISTENING
60730.0,-568.803,-2743.249,-6503.588,7.479,-0.417,-0.397,29.7,SENSING
60730.0,-568.803,-2743.249,-6503.588,7.479,-0.417,-0.397,29.7,LISTENING
60742.0,-479.079,-2748.022,-6507.821,7.486,-0.38,-0.309,29.7,SENSING
60742.0,-479.079,-2748.022,-6507.821,7.486,-0.38,-0.309,29.7,LISTENING
60750.0,-419.22,-2750.959,-6510.059,7.49,-0.355,-0.251,29.7,SENSING
60750.0,-419.22,-2750.959,-6510.059,7.49,-0.355,-0.251,29.7,LISTENING
60770.0,-269.448,-2757.437,-6513.608,7.498,-0.293,-0.104,29.7,SENSING
60770.0,-269.448,-2757.437,-6513.608,7.498,-0.293,-0.104,29.7,LISTENING
60840.09,255.937,-2770.374,-6502.946,7.498,-0.076,0.409,29.7,SENSING
60840.09,255.937,-2770.374,-6502.946,7.498,-0.076,0.409,29.7,LISTENING
60850.0,330.174,-2770.972,-6498.537,7.495,-0.045,0.481,29.7,SENSING
60850.0,330.174,-2770.972,-6498.537,7.495,-0.045,0.481,29.7,LISTENING
60855.37,370.386,-2771.169,-6495.848,7.493,-0.028,0.521,29.7,SENSING
60855.37,370.386,-2771.169,-6495.848,7.493,-0.028,0.521,29.7,LISTENING
60860.0,405.048,-2771.267,-6493.36,7.491,-0.014,0.555,29.7,SENSING
60860.0,405.048,-2771.267,-6493.36,7.491,-0.014,0.555,29.7,LISTENING
60867.4,460.426,-2771.284,-6489.058,7.487,0.009,0.609,29.7,SENSING
60867.4,460.426,-2771.284,-6489.058,7.487,0.009,0.609,29.7,LISTENING
60870.0,479.876,-2771.25,-6487.452,7.486,0.018,0.628,29.7,SENSING
60870.0,479.876,-2771.25,-6487.452,7.486,0.018,0.628,29.7,LISTENING
60956.0,1120.288,-2758.252,-6406.545,7.408,0.286,1.254,29.7,SENSING
60956.0,1120.288,-2758.252,-6406.545,7.408,0.286,1.254,29.7,LISTENING
60970.0,1223.797,-2753.959,-6388.292,7.389,0.329,1.355,29.7,SENSING
60970.0,1223.797,-2753.959,-6388.292,7.389,0.329,1.355,29.7,LISTENING
60980.0,1297.567,-2750.52,-6374.388,7.375,0.36,1.427,29.7,SENSING
60980.0,1297.567,-2750.52,-6374.388,7.375,0.36,1.427,29.7,LISTENING
60990.0,1371.191,-2746.77,-6359.764,7.36,0.391,1.499,29.7,SENSING
60990.0,1371.191,-2746.77,-6359.764,7.36,0.391,1.499,29.7,LISTENING
61013.9,1546.508,-2736.556,-6321.902,7.321,0.465,1.671,29.7,SENSING
61013.9,1546.508,-2736.556,-6321.902,7.321,0.465,1.671,29.7,LISTENING
61040.0,1736.818,-2723.386,-6275.888,7.272,0.546,1.857,29.7,SENSING
61040.0,1736.818,-2723.386,-6275.888,7.272,0.546,1.857,29.7,LISTENING
61149.59,2519.58,-2645.348,-6030.284,7.007,0.88,2.623,29.7,SENSING
61149.59,2519.58,-2645.348,-6030.284,7.007,0.88,2.623,29.7,LISTENING
61200.0,2868.749,-2597.3,-5889.484,6.853,1.03,2.965,29.7,SENSING
61200.0,2868.749,-2597.3,-5889.484,6.853,1.03,2.965,29.7,LISTENING
61200.0,2868.749,-2597.3,-5889.484,6.853,1.03,2.965,29.7,SENSING
61200.0,2868.749,-2597.3,-5889.484,6.853,1.03,2.965,29.7,LISTENING
61210.0,2937.061,-2586.874,-5859.516,6.82,1.059,3.032,29.7,SENSING
61210.0,2937.061,-2586.874,-5859.516,6.82,1.059,3.032,29.7,LISTENING
61248.45,3196.54,-2544.062,-5738.109,6.685,1.172,3.286,29.7,SENSING
61248.45,3196.54,-2544.062,-5738.109,6.685,1.172,3.286,29.7,LISTENING
61310.0,3600.525,-2466.662,-5523.733,6.447,1.347,3.681,29.7,SENSING
61310.0,3600.525,-2466.662,-5523.733,6.447,1.347,3.681,29.7,LISTENING
61310.0,3600.525,-2466.662,-5523.733,6.447,1.347,3.681,29.7,SENSING
61310.0,3600.525,-2466.662,-5523.733,6.447,1.347,3.681,29.7,LISTENING
61896.47,6447.9,-1259.281,-2451.35,2.942,2.644,6.46,29.7,SENSING
61896.47,6447.9,-1259.281,-2451.35,2.942,2.644,6.46,29.7,LISTENING
61930.0,6542.265,-1169.995,-2233.324,2.69,2.691,6.55,29.7,SENSING
61930.0,6542.265,-1169.995,-2233.324,2.69,2.691,6.55,29.7,LISTENING
61984.25,6676.905,-1022.373,-1874.549,2.276,2.76,6.679,29.7,SENSING
61984.25,6676.905,-1022.373,-1874.549,2.276,2.76,6.679,29.7,LISTENING
61990.0,6689.852,-1006.515,-1836.127,2.231,2.766,6.692,29.7,SENSING
61990.0,6689.852,-1006.515,-1836.127,2.231,2.766,6.692,29.7,LISTENING
61990.0,6689.852,-1006.515,-1836.127,2.231,2.766,6.692,29.7,SENSING
61990.0,6689.852,-1006.515,-1836.127,2.231,2.766,6.692,29.7,LISTENING
62019.49,6752.229,-924.59,-1638.002,2.002,2.799,6.751,29.7,SENSING
62019.49,6752.229,-924.59,-1638.002,2.002,2.799,6.751,29.7,LISTENING
62030.0,6772.823,-895.164,-1566.983,1.92,2.81,6.77,29.7,SENSING
62030.0,6772.823,-895.164,-1566.983,1.92,2.81,6.77,29.7,LISTENING
62112.28,6903.967,-661.151,-1004.795,1.268,2.884,6.893,29.7,SENSING
62112.28,6903.967,-661.151,-1004.795,1.268,2.884,6.893,29.7,LISTENING
62120.0,6913.513,-638.9,-951.575,1.207,2.89,6.902,29.7,SENSING
62120.0,6913.513,-638.9,-951.575,1.207,2.89,6.902,29.7,LISTENING
62145.77,6941.923,-564.317,-773.468,1.0,2.908,6.927,29.7,SENSING
62145.77,6941.923,-564.317,-773.468,1.0,2.908,6.927,29.7,LISTENING
62160.0,6955.327,-522.944,-674.855,0.885,2.917,6.939,29.7,SENSING
62160.0,6955.327,-522.944,-674.855,0.885,2.917,6.939,29.7,LISTENING
62166.02,6960.507,-505.403,-633.087,0.837,2.921,6.944,29.7,SENSING
62166.02,6960.507,-505.403,-633.087,0.837,2.921,6.944,29.7,LISTENING
62170.0,6963.772,-493.795,-605.459,0.805,2.923,6.947,29.7,SENSING
62170.0,6963.772,-493.795,-605.459,0.805,2.923,6.947,29.7,LISTENING
62330.0,6988.957,-21.964,508.919,-0.49,2.971,6.956,29.7,SENSING
62330.0,6988.957,-21.964,508.919,-0.49,2.971,6.956,29.7,MEASURING
62330.0,6988.957,-21.964,508.919,-0.49,2.971,6.956,29.7,SENSING
62330.0,6988.957,-21.964,508.919,-0.49,2.971,6.956,29.7,LISTENING
62336.2,6985.763,-3.577,552.01,-0.541,2.971,6.952,29.7,SENSING
62336.2,6985.763,-3.577,552.01,-0.541,2.971,6.952,29.7,MANEUVERING
62336.2,6985.763,-3.577,552.01,-0.541,2.971,6.952,29.7,LISTENING
62340.0,6983.651,7.693,578.409,-0.571,2.971,6.949,25.9,MANEUVERING
62340.0,6983.651,7.693,578.409,-0.571,2.971,6.949,25.9,SENSING
62340.0,6983.651,7.693,578.409,-0.571,2.971,6.949,25.9,MEASURING
62340.0,6983.651,7.693,578.409,-0.571,2.971,6.949,25.9,SENSING
62340.0,6983.651,7.693,578.409,-0.571,2.971,6.949,25.9,LISTENING
62348.26,6978.659,32.189,635.758,-0.638,2.971,6.944,25.9,SENSING
62348.26,6978.659,32.189,635.758,-0.638,2.971,6.944,25.9,MANEUVERING
62348.26,6978.659,32.189,635.758,-0.638,2.971,6.944,25.9,LISTENING
62360.0,6970.616,67.0,717.182,-0.733,2.97,6.934,14.16,MANEUVERING
62360.0,6970.616,67.0,717.182,-0.733,2.97,6.934,14.16,SENSING
62360.0,6970.616,67.0,717.182,-0.733,2.97,6.934,14.16,MEASURING
62360.0,6970.616,67.0,717.182,-0.733,2.97,6.934,14.16,SENSING
62360.0,6970.616,67.0,717.182,-0.733,2.97,6.934,14.16,LISTENING
62366.36,6965.795,85.855,761.245,-0.784,2.97,6.929,14.16,SENSING
62366.36,6965.795,85.855,761.245,-0.784,2.97,6.929,14.16,MANEUVERING
62366.36,6965.795,85.855,761.245,-0.784,2.97,6.929,14.16,LISTENING
62390.0,6945.019,155.896,924.698,-0.974,2.966,6.906,-9.48,MANEUVERING
62390.0,6945.019,155.896,924.698,-0.974,2.966,6.906,-9.48,SENSING
62390.0,6945.019,155.896,924.698,-0.974,2.966,6.906,-9.48,MEASURING
62390.0,6945.019,155.896,924.698,-0.974,2.966,6.906,-9.48,SENSING
62390.0,6945.019,155.896,924.698,-0.974,2.966,6.906,-9.48,LISTENING
62403.23,6931.433,195.053,1015.919,-1.081,2.964,6.891,-9.48,SENSING
62403.23,6931.433,195.053,1015.919,-1.081,2.964,6.891,-9.48,MANEUVERING
62403.23,6931.433,195.053,1015.919,-1.081,2.964,6.891,-9.48,LISTENING
62420.0,6912.195,244.63,1131.251,-1.215,2.959,6.87,-26.25,MANEUVERING
62420.0,6912.195,244.63,1131.251,-1.215,2.959,6.87,-26.25,SENSING
62420.0,6912.195,244.63,1131.251,-1.215,2.959,6.87,-26.25,MEASURING
62420.0,6912.195,244.63,1131.251,-1.215,2.959,6.87,-26.25,SENSING
62420.0,6912.195,244.63,1131.251,-1.215,2.959,6.87,-26.25,MESSAGING
62420.0,6912.195,244.63,1131.251,-1.215,2.959,6.87,-26.25,MESSAGING
62420.0,6912.195,244.63,1131.251,-1.215,2.959,6.87,-26.25,SENSING
62420.0,6912.195,244.63,1131.251,-1.215,2.959,6.87,-26.25,LISTENING
62420.0,6912.195,244.63,1131.251,-1.215,2.959,6.87,-26.25,SENSING
62420.0,6912.195,244.63,1131.251,-1.215,2.959,6.87,-26.25,MEASURING
62420.0,6912.195,244.63,1131.251,-1.215,2.959,6.87,-26.25,MESSAGING
62420.0,6912.195,244.63,1131.251,-1.215,2.959,6.87,-26.25,SENSING
62420.0,6912.195,244.63,1131.251,-1.215,2.959,6.87,-26.25,MESSAGING
62420.0,6912.195,244.63,1131.251,-1.215,2.959,6.87,-26.25,MESSAGING
62420.0,6912.195,244.63,1131.251,-1.215,2.959,6.87,-26.25,SENSING
62420.0,6912.195,244.63,1131.251,-1.215,2.959,6.87,-26.25,LISTENING
62420.0,6912.195,244.63,1131.251,-1.215,2.959,6.87,-26.25,SENSING
62420.0,6912.195,244.63,1131.251,-1.215,2.959,6.87,-26.25,LISTENING
62420.0,6912.195,244.63,1131.251,-1.215,2.959,6.87,-26.25,SENSING
62420.0,6912.195,244.63,1131.251,-1.215,2.959,6.87,-26.25,LISTENING
62494.65,6799.396,464.132,1639.655,-1.807,2.929,6.75,-26.25,SENSING
62494.65,6799.396,464.132,1639.655,-1.807,2.929,6.75,-26.25,MANEUVERING
62494.65,6799.396,464.132,1639.655,-1.807,2.929,6.75,-26.25,LISTENING
62500.0,6789.621,479.765,1675.724,-1.849,2.926,6.74,-31.6,MANEUVERING
62500.0,6789.621,479.765,1675.724,-1.849,2.926,6.74,-31.6,SENSING
62500.0,6789.621,479.765,1675.724,-1.849,2.926,6.74,-31.6,MEASURING
62500.0,6789.621,479.765,1675.724,-1.849,2.926,6.74,-31.6,SENSING
62500.0,6789.621,479.765,1675.724,-1.849,2.926,6.74,-31.6,LISTENING
62515.61,6759.816,525.288,1780.644,-1.972,2.917,6.709,-31.6,SENSING
62515.61,6759.816,525.288,1780.644,-1.972,2.917,6.709,-31.6,MANEUVERING
62515.61,6759.816,525.288,1780.644,-1.972,2.917,6.709,-31.6,LISTENING
62520.0,6751.091,538.064,1810.062,-2.006,2.914,6.7,-27.21,MANEUVERING
62520.0,6751.091,538.064,1810.062,-2.006,2.914,6.7,-27.21,SENSING
62520.0,6751.091,538.064,1810.062,-2.006,2.914,6.7,-27.21,MEASURING
62520.0,6751.091,538.064,1810.062,-2.006,2.914,6.7,-27.21,SENSING
62520.0,6751.091,538.064,1810.062,-2.006,2.914,6.7,-27.21,LISTENING
62846.42,5699.281,1435.688,3841.241,-4.375,2.539,5.625,-27.21,SENSING
62846.42,5699.281,1435.688,3841.241,-4.375,2.539,5.625,-27.21,MANEUVERING
62846.42,5699.281,1435.688,3841.241,-4.375,2.539,5.625,-27.21,LISTENING
62900.0,5455.761,1569.069,4135.956,-4.719,2.447,5.379,26.37,MANEUVERING
62900.0,5455.761,1569.069,4135.956,-4.719,2.447,5.379,26.37,SENSING
62900.0,5455.761,1569.069,4135.956,-4.719,2.447,5.379,26.37,MEASURING
62900.0,5455.761,1569.069,4135.956,-4.719,2.447,5.379,26.37,SENSING
62900.0,5455.761,1569.069,4135.956,-4.719,2.447,5.379,26.37,LISTENING
63012.46,4887.192,1831.747,4709.093,-5.387,2.227,4.807,26.37,SENSING
63012.46,4887.192,1831.747,4709.093,-5.387,2.227,4.807,26.37,MANEUVERING
63012.46,4887.192,1831.747,4709.093,-5.387,2.227,4.807,26.37,LISTENING
63030.0,4791.909,1870.421,4792.53,-5.485,2.19,4.711,8.83,MANEUVERING
63030.0,4791.909,1870.421,4792.53,-5.485,2.19,4.711,8.83,SENSING
63030.0,4791.909,1870.421,4792.53,-5.485,2.19,4.711,8.83,MEASURING
63030.0,4791.909,1870.421,4792.53,-5.485,2.19,4.711,8.83,SENSING
63030.0,4791.909,1870.421,4792.53,-5.485,2.19,4.711,8.83,LISTENING
63050.76,4676.956,1915.344,4889.099,-5.597,2.145,4.596,8.83,SENSING
63050.76,4676.956,1915.344,4889.099,-5.597,2.145,4.596,8.83,MANEUVERING
63050.76,4676.956,1915.344,4889.099,-5.597,2.145,4.596,8.83,LISTENING
63080.0,4511.146,1977.014,5021.01,-5.751,2.08,4.43,-20.41,MANEUVERING
63080.0,4511.146,1977.014,5021.01,-5.751,2.08,4.43,-20.41,SENSING
63080.0,4511.146,1977.014,5021.01,-5.751,2.08,4.43,-20.41,MEASURING
63080.0,4511.146,1977.014,5021.01,-5.751,2.08,4.43,-20.41,SENSING
63080.0,4511.146,1977.014,5021.01,-5.751,2.08,4.43,-20.41,LISTENING
63080.0,4511.146,1977.014,5021.01,-5.751,2.08,4.43,-20.41,SENSING
63080.0,4511.146,1977.014,5021.01,-5.751,2.08,4.43,-20.41,MESSAGING
63080.0,4511.146,1977.014,5021.01,-5.751,2.08,4.43,-20.41,SENSING
63080.0,4511.146,1977.014,5021.01,-5.751,2.08,4.43,-20.41,LISTENING
63080.0,4511.146,1977.014,5021.01,-5.751,2.08,4.43,-20.41,SENSING
63080.0,4511.146,1977.014,5021.01,-5.751,2.08,4.43,-20.41,LISTENING
63080.0,4511.146,1977.014,5021.01,-5.751,2.08,4.43,-20.41,SENSING
63080.0,4511.146,1977.014,5021.01,-5.751,2.08,4.43,-20.41,LISTENING
63080.0,4511.146,1977.014,5021.01,-5.751,2.08,4.43,-20.41,SENSING
63080.0,4511.146,1977.014,5021.01,-5.751,2.08,4.43,-20.41,LISTENING
63090.0,4453.419,1997.665,5065.003,-5.802,2.057,4.373,-20.41,SENSING
63090.0,4453.419,1997.665,5065.003,-5.802,2.057,4.373,-20.41,MEASURING
63090.0,4453.419,1997.665,5065.003,-5.802,2.057,4.373,-20.41,SENSING
63090.0,4453.419,1997.665,5065.003,-5.802,2.057,4.373,-20.41,MESSAGING
63090.0,4453.419,1997.665,5065.003,-5.802,2.057,4.373,-20.41,MESSAGING
63090.0,4453.419,1997.665,5065.003,-5.802,2.057,4.373,-20.41,SENSING
63090.0,4453.419,1997.665,5065.003,-5.802,2.057,4.373,-20.41,MEASURING
63090.0,4453.419,1997.665,5065.003,-5.802,2.057,4.373,-20.41,MESSAGING
63090.0,4453.419,1997.665,5065.003,-5.802,2.057,4.373,-20.41,SENSING
63090.0,4453.419,1997.665,5065.003,-5.802,2.057,4.373,-20.41,MESSAGING
63090.0,4453.419,1997.665,5065.003,-5.802,2.057,4.373,-20.41,MESSAGING
63090.0,4453.419,1997.665,5065.003,-5.802,2.057,4.373,-20.41,SENSING
63090.0,4453.419,1997.665,5065.003,-5.802,2.057,4.373,-20.41,LISTENING
63090.0,4453.419,1997.665,5065.003,-5.802,2.057,4.373,-20.41,SENSING
63090.0,4453.419,1997.665,5065.003,-5.802,2.057,4.373,-20.41,LISTENING
63090.0,4453.419,1997.665,5065.003,-5.802,2.057,4.373,-20.41,SENSING
63090.0,4453.419,1997.665,5065.003,-5.802,2.057,4.373,-20.41,LISTENING
63090.0,4453.419,1997.665,5065.003,-5.802,2.057,4.373,-20.41,SENSING
63090.0,4453.419,1997.665,5065.003,-5.802,2.057,4.373,-20.41,LISTENING
63090.0,4453.419,1997.665,5065.003,-5.802,2.057,4.373,-20.41,SENSING
63090.0,4453.419,1997.665,5065.003,-5.802,2.057,4.373,-20.41,LISTENING
63155.43,4063.453,2127.06,5338.328,-6.121,1.903,3.983,-20.41,SENSING
63155.43,4063.453,2127.06,5338.328,-6.121,1.903,3.983,-20.41,MANEUVERING
63155.43,4063.453,2127.06,5338.328,-6.121,1.903,3.983,-20.41,LISTENING
63160.0,4035.451,2135.717,5356.458,-6.142,1.892,3.955,-24.98,MANEUVERING
63160.0,4035.451,2135.717,5356.458,-6.142,1.892,3.955,-24.98,SENSING
63160.0,4035.451,2135.717,5356.458,-6.142,1.892,3.955,-24.98,MEASURING
63160.0,4035.451,2135.717,5356.458,-6.142,1.892,3.955,-24.98,SENSING
63160.0,4035.451,2135.717,5356.458,-6.142,1.892,3.955,-24.98,LISTENING
63167.31,3990.46,2149.459,5385.192,-6.176,1.874,3.91,-24.98,SENSING
63167.31,3990.46,2149.459,5385.192,-6.176,1.874,3.91,-24.98,MANEUVERING
63167.31,3990.46,2149.459,5385.192,-6.176,1.874,3.91,-24.98,LISTENING
63170.0,3973.842,2154.483,5395.683,-6.188,1.867,3.894,-22.29,MANEUVERING
63170.0,3973.842,2154.483,5395.683,-6.188,1.867,3.894,-22.29,SENSING
63170.0,3973.842,2154.483,5395.683,-6.188,1.867,3.894,-22.29,MEASURING
63170.0,3973.842,2154.483,5395.683,-6.188,1.867,3.894,-22.29,SENSING
63170.0,3973.842,2154.483,5395.683,-6.188,1.867,3.894,-22.29,MESSAGING
63170.0,3973.842,2154.483,5395.683,-6.188,1.867,3.894,-22.29,MESSAGING
63170.0,3973.842,2154.483,5395.683,-6.188,1.867,3.894,-22.29,SENSING
63170.0,3973.842,2154.483,5395.683,-6.188,1.867,3.894,-22.29,LISTENING
63170.0,3973.842,2154.483,5395.683,-6.188,1.867,3.894,-22.29,SENSING
63170.0,3973.842,2154.483,5395.683,-6.188,1.867,3.894,-22.29,LISTENING
63170.0,3973.842,2154.483,5395.683,-6.188,1.867,3.894,-22.29,SENSING
63170.0,3973.842,2154.483,5395.683,-6.188,1.867,3.894,-22.29,LISTENING
63170.0,3973.842,2154.483,5395.683,-6.188,1.867,3.894,-22.29,SENSING
63170.0,3973.842,2154.483,5395.683,-6.188,1.867,3.894,-22.29,LISTENING
63170.0,3973.842,2154.483,5395.683,-6.188,1.867,3.894,-22.29,SENSING
63170.0,3973.842,2154.483,5395.683,-6.188,1.867,3.894,-22.29,LISTENING
63262.85,3381.113,2316.747,5729.935,-6.578,1.631,3.304,-22.29,SENSING
63262.85,3381.113,2316.747,5729.935,-6.578,1.631,3.304,-22.29,MANEUVERING
63262.85,3381.113,2316.747,5729.935,-6.578,1.631,3.304,-22.29,LISTENING
63290.0,3201.259,2359.975,5817.177,-6.68,1.559,3.125,4.86,MANEUVERING
63290.0,3201.259,2359.975,5817.177,-6.68,1.559,3.125,4.86,SENSING
63290.0,3201.259,2359.975,5817.177,-6.68,1.559,3.125,4.86,MEASURING
63290.0,3201.259,2359.975,5817.177,-6.68,1.559,3.125,4.86,SENSING
63290.0,3201.259,2359.975,5817.177,-6.68,1.559,3.125,4.86,LISTENING
63310.0,3067.044,2390.557,5878.326,-6.751,1.505,2.992,4.86,SENSING
63310.0,3067.044,2390.557,5878.326,-6.751,1.505,2.992,4.86,MEASURING
63310.0,3067.044,2390.557,5878.326,-6.751,1.505,2.992,4.86,SENSING
63310.0,3067.044,2390.557,5878.326,-6.751,1.505,2.992,4.86,LISTENING
63316.09,3025.895,2399.655,5896.416,-6.772,1.488,2.952,4.86,SENSING
63316.09,3025.895,2399.655,5896.416,-6.772,1.488,2.952,4.86,MANEUVERING
63316.09,3025.895,2399.655,5896.416,-6.772,1.488,2.952,4.86,LISTENING
63320.0,2999.41,2405.443,5907.9,-6.785,1.477,2.925,8.77,MANEUVERING
63320.0,2999.41,2405.443,5907.9,-6.785,1.477,2.925,8.77,SENSING
63320.0,2999.41,2405.443,5907.9,-6.785,1.477,2.925,8.77,MEASURING
63320.0,2999.41,2405.443,5907.9,-6.785,1.477,2.925,8.77,SENSING
63320.0,2999.41,2405.443,5907.9,-6.785,1.477,2.925,8.77,LISTENING
63324.4,2969.542,2411.906,5920.7,-6.8,1.465,2.896,8.77,SENSING
63324.4,2969.542,2411.906,5920.7,-6.8,1.465,2.896,8.77,LISTENING
63329.97,2931.639,2420.012,5936.716,-6.819,1.45,2.858,8.77,SENSING
63329.97,2931.639,2420.012,5936.716,-6.819,1.45,2.858,8.77,MANEUVERING
63329.97,2931.639,2420.012,5936.716,-6.819,1.45,2.858,8.77,LISTENING
63340.0,2863.126,2434.394,5965.029,-6.852,1.422,2.79,-1.26,MANEUVERING
63340.0,2863.126,2434.394,5965.029,-6.852,1.422,2.79,-1.26,SENSING
63340.0,2863.126,2434.394,5965.029,-6.852,1.422,2.79,-1.26,MANEUVERING
63340.0,2863.126,2434.394,5965.029,-6.852,1.422,2.79,-1.26,LISTENING
63350.0,2794.493,2448.456,5992.579,-6.884,1.395,2.722,-11.26,MANEUVERING
63350.0,2794.493,2448.456,5992.579,-6.884,1.395,2.722,-11.26,SENSING
63350.0,2794.493,2448.456,5992.579,-6.884,1.395,2.722,-11.26,MEASURING
63350.0,2794.493,2448.456,5992.579,-6.884,1.395,2.722,-11.26,SENSING
63350.0,2794.493,2448.456,5992.579,-6.884,1.395,2.722,-11.26,LISTENING
63350.12,2793.667,2448.623,5992.905,-6.885,1.394,2.722,-11.26,SENSING
63350.12,2793.667,2448.623,5992.905,-6.885,1.394,2.722,-11.26,LISTENING
63357.34,2743.913,2458.602,6012.367,-6.907,1.374,2.672,-11.26,SENSING
63357.34,2743.913,2458.602,6012.367,-6.907,1.374,2.672,-11.26,MANEUVERING
63357.34,2743.913,2458.602,6012.367,-6.907,1.374,2.672,-11.26,LISTENING
63360.0,2725.542,2462.241,6019.447,-6.916,1.367,2.654,-8.6,MANEUVERING
63360.0,2725.542,2462.241,6019.447,-6.916,1.367,2.654,-8.6,SENSING
63360.0,2725.542,2462.241,6019.447,-6.916,1.367,2.654,-8.6,MEASURING
63360.0,2725.542,2462.241,6019.447,-6.916,1.367,2.654,-8.6,SENSING
63360.0,2725.542,2462.241,6019.447,-6.916,1.367,2.654,-8.6,LISTENING
63368.65,2665.65,2473.94,6042.137,-6.942,1.343,2.595,-8.6,SENSING
63368.65,2665.65,2473.94,6042.137,-6.942,1.343,2.595,-8.6,MANEUVERING
63368.65,2665.65,2473.94,6042.137,-6.942,1.343,2.595,-8.6,LISTENING
63370.0,2656.282,2475.747,6045.632,-6.946,1.339,2.586,-7.25,MANEUVERING
63370.0,2656.282,2475.747,6045.632,-6.946,1.339,2.586,-7.25,SENSING
63370.0,2656.282,2475.747,6045.632,-6.946,1.339,2.586,-7.25,MANEUVERING
63370.0,2656.282,2475.747,6045.632,-6.946,1.339,2.586,-7.25,LISTENING
63376.91,2608.247,2484.917,6063.325,-6.967,1.319,2.538,-0.34,MANEUVERING
63376.91,2608.247,2484.917,6063.325,-6.967,1.319,2.538,-0.34,SENSING
63376.91,2608.247,2484.917,6063.325,-6.967,1.319,2.538,-0.34,MANEUVERING
63376.91,2608.247,2484.917,6063.325,-6.967,1.319,2.538,-0.34,LISTENING
63380.0,2586.72,2488.973,6071.131,-6.976,1.311,2.517,2.75,MANEUVERING
63380.0,2586.72,2488.973,6071.131,-6.976,1.311,2.517,2.75,SENSING
63380.0,2586.72,2488.973,6071.131,-6.976,1.311,2.517,2.75,MEASURING
63380.0,2586.72,2488.973,6071.131,-6.976,1.311,2.517,2.75,SENSING
63380.0,2586.72,2488.973,6071.131,-6.976,1.311,2.517,2.75,LISTENING
63388.3,2528.761,2499.737,6091.772,-7.0,1.287,2.459,2.75,SENSING
63388.3,2528.761,2499.737,6091.772,-7.0,1.287,2.459,2.75,MANEUVERING
63388.3,2528.761,2499.737,6091.772,-7.0,1.287,2.459,2.75,LISTENING
63390.0,2516.866,2501.918,6095.941,-7.005,1.282,2.448,4.45,MANEUVERING
63390.0,2516.866,2501.918,6095.941,-7.005,1.282,2.448,4.45,SENSING
63390.0,2516.866,2501.918,6095.941,-7.005,1.282,2.448,4.45,MANEUVERING
63390.0,2516.866,2501.918,6095.941,-7.005,1.282,2.448,4.45,LISTENING
63400.0,2446.725,2514.579,6120.059,-7.033,1.254,2.378,14.45,MANEUVERING
63400.0,2446.725,2514.579,6120.059,-7.033,1.254,2.378,14.45,SENSING
63400.0,2446.725,2514.579,6120.059,-7.033,1.254,2.378,14.45,MEASURING
63400.0,2446.725,2514.579,6120.059,-7.033,1.254,2.378,14.45,SENSING
63400.0,2446.725,2514.579,6120.059,-7.033,1.254,2.378,14.45,LISTENING
63400.69,2441.875,2515.442,6121.697,-7.035,1.252,2.374,14.45,SENSING
63400.69,2441.875,2515.442,6121.697,-7.035,1.252,2.374,14.45,LISTENING
63407.63,2393.021,2524.048,6137.994,-7.054,1.232,2.325,14.45,SENSING
63407.63,2393.021,2524.048,6137.994,-7.054,1.232,2.325,14.45,MANEUVERING
63407.63,2393.021,2524.048,6137.994,-7.054,1.232,2.325,14.45,LISTENING
63410.0,2376.308,2526.955,6143.483,-7.06,1.225,2.309,16.82,MANEUVERING
63410.0,2376.308,2526.955,6143.483,-7.06,1.225,2.309,16.82,SENSING
63410.0,2376.308,2526.955,6143.483,-7.06,1.225,2.309,16.82,MANEUVERING
63410.0,2376.308,2526.955,6143.483,-7.06,1.225,2.309,16.82,LISTENING
63417.39,2324.096,2535.918,6160.345,-7.08,1.204,2.257,24.21,MANEUVERING
63417.39,2324.096,2535.918,6160.345,-7.08,1.204,2.257,24.21,SENSING
63417.39,2324.096,2535.918,6160.345,-7.08,1.204,2.257,24.21,MANEUVERING
63417.39,2324.096,2535.918,6160.345,-7.08,1.204,2.257,24.21,LISTENING
63420.0,2305.621,2539.046,6166.21,-7.087,1.197,2.239,26.82,MANEUVERING
63420.0,2305.621,2539.046,6166.21,-7.087,1.197,2.239,26.82,SENSING
63420.0,2305.621,2539.046,6166.21,-7.087,1.197,2.239,26.82,MEASURING
63420.0,2305.621,2539.046,6166.21,-7.087,1.197,2.239,26.82,SENSING
63420.0,2305.621,2539.046,6166.21,-7.087,1.197,2.239,26.82,LISTENING
63427.03,2255.771,2547.374,6181.769,-7.105,1.176,2.19,26.82,SENSING
63427.03,2255.771,2547.374,6181.769,-7.105,1.176,2.19,26.82,LISTENING
63430.0,2234.673,2550.85,6188.238,-7.113,1.168,2.169,26.82,SENSING
63430.0,2234.673,2550.85,6188.238,-7.113,1.168,2.169,26.82,LISTENING
63438.74,2172.456,2560.931,6206.917,-7.134,1.143,2.108,26.82,SENSING
63438.74,2172.456,2560.931,6206.917,-7.134,1.143,2.108,26.82,LISTENING
63450.0,2092.025,2573.592,6230.189,-7.162,1.11,2.028,26.82,SENSING
63450.0,2092.025,2573.592,6230.189,-7.162,1.11,2.028,26.82,LISTENING
63456.44,2045.888,2580.668,6243.097,-7.177,1.091,1.983,26.82,SENSING
63456.44,2045.888,2580.668,6243.097,-7.177,1.091,1.983,26.82,LISTENING
63460.0,2020.342,2584.527,6250.107,-7.185,1.081,1.957,26.82,SENSING
63460.0,2020.342,2584.527,6250.107,-7.185,1.081,1.957,26.82,LISTENING
63460.0,2020.342,2584.527,6250.107,-7.185,1.081,1.957,26.82,SENSING
63460.0,2020.342,2584.527,6250.107,-7.185,1.081,1.957,26.82,MESSAGING
63460.0,2020.342,2584.527,6250.107,-7.185,1.081,1.957,26.82,SENSING
63460.0,2020.342,2584.527,6250.107,-7.185,1.081,1.957,26.82,LISTENING
63460.0,2020.342,2584.527,6250.107,-7.185,1.081,1.957,26.82,SENSING
63460.0,2020.342,2584.527,6250.107,-7.185,1.081,1.957,26.82,LISTENING
63460.0,2020.342,2584.527,6250.107,-7.185,1.081,1.957,26.82,SENSING
63460.0,2020.342,2584.527,6250.107,-7.185,1.081,1.957,26.82,MESSAGING
63460.0,2020.342,2584.527,6250.107,-7.185,1.081,1.957,26.82,SENSING
63460.0,2020.342,2584.527,6250.107,-7.185,1.081,1.957,26.82,LISTENING
63460.0,2020.342,2584.527,6250.107,-7.185,1.081,1.957,26.82,SENSING
63460.0,2020.342,2584.527,6250.107,-7.185,1.081,1.957,26.82,LISTENING
63460.0,2020.342,2584.527,6250.107,-7.185,1.081,1.957,26.82,SENSING
63460.0,2020.342,2584.527,6250.107,-7.185,1.081,1.957,26.82,LISTENING
63497.48,1749.706,2622.907,6318.448,-7.265,0.97,1.691,26.82,SENSING
63497.48,1749.706,2622.907,6318.448,-7.265,0.97,1.691,26.82,MANEUVERING
63497.48,1749.706,2622.907,6318.448,-7.265,0.97,1.691,26.82,LISTENING
63500.0,1731.406,2625.339,6322.684,-7.27,0.963,1.673,24.3,MANEUVERING
63500.0,1731.406,2625.339,6322.684,-7.27,0.963,1.673,24.3,SENSING
63500.0,1731.406,2625.339,6322.684,-7.27,0.963,1.673,24.3,MEASURING
63500.0,1731.406,2625.339,6322.684,-7.27,0.963,1.673,24.3,SENSING
63500.0,1731.406,2625.339,6322.684,-7.27,0.963,1.673,24.3,LISTENING
63505.61,1690.62,2630.686,6331.951,-7.281,0.946,1.633,24.3,SENSING
63505.61,1690.62,2630.686,6331.951,-7.281,0.946,1.633,24.3,LISTENING
63515.57,1618.062,2639.948,6347.848,-7.299,0.916,1.561,24.3,SENSING
63515.57,1618.062,2639.948,6347.848,-7.299,0.916,1.561,24.3,MANEUVERING
63515.57,1618.062,2639.948,6347.848,-7.299,0.916,1.561,24.3,LISTENING
63520.0,1585.731,2643.973,6354.69,-7.307,0.903,1.529,28.73,MANEUVERING
63520.0,1585.731,2643.973,6354.69,-7.307,0.903,1.529,28.73,SENSING
63520.0,1585.731,2643.973,6354.69,-7.307,0.903,1.529,28.73,MEASURING
63520.0,1585.731,2643.973,6354.69,-7.307,0.903,1.529,28.73,SENSING
63520.0,1585.731,2643.973,6354.69,-7.307,0.903,1.529,28.73,LISTENING
63530.0,1512.62,2652.844,6369.616,-7.325,0.873,1.457,28.73,SENSING
63530.0,1512.62,2652.844,6369.616,-7.325,0.873,1.457,28.73,LISTENING
63540.0,1439.339,2661.415,6383.823,-7.342,0.843,1.385,28.73,SENSING
63540.0,1439.339,2661.415,6383.823,-7.342,0.843,1.385,28.73,LISTENING
63550.0,1365.895,2669.687,6397.309,-7.357,0.813,1.313,28.73,SENSING
63550.0,1365.895,2669.687,6397.309,-7.357,0.813,1.313,28.73,MEASURING
63550.0,1365.895,2669.687,6397.309,-7.357,0.813,1.313,28.73,SENSING
63550.0,1365.895,2669.687,6397.309,-7.357,0.813,1.313,28.73,LISTENING
63560.0,1292.297,2677.658,6410.073,-7.372,0.783,1.241,28.73,SENSING
63560.0,1292.297,2677.658,6410.073,-7.372,0.783,1.241,28.73,LISTENING
63565.72,1250.133,2682.082,6417.048,-7.381,0.766,1.199,28.73,SENSING
63565.72,1250.133,2682.082,6417.048,-7.381,0.766,1.199,28.73,LISTENING
63570.0,1218.554,2685.328,6422.113,-7.387,0.753,1.168,28.73,SENSING
63570.0,1218.554,2685.328,6422.113,-7.387,0.753,1.168,28.73,LISTENING
63584.52,1111.236,2695.926,6438.305,-7.406,0.709,1.063,28.73,SENSING
63584.52,1111.236,2695.926,6438.305,-7.406,0.709,1.063,28.73,LISTENING
63590.0,1070.663,2699.76,6444.018,-7.412,0.692,1.023,28.73,SENSING
63590.0,1070.663,2699.76,6444.018,-7.412,0.692,1.023,28.73,MEASURING
63590.0,1070.663,2699.76,6444.018,-7.412,0.692,1.023,28.73,SENSING
63590.0,1070.663,2699.76,6444.018,-7.412,0.692,1.023,28.73,LISTENING
63598.62,1006.769,2705.606,6452.564,-7.423,0.666,0.96,28.73,SENSING
63598.62,1006.769,2705.606,6452.564,-7.423,0.666,0.96,28.73,MANEUVERING
63598.62,1006.769,2705.606,6452.564,-7.423,0.666,0.96,28.73,LISTENING
63603.25,972.415,2708.653,6456.931,-7.428,0.652,0.927,24.1,MANEUVERING
63603.25,972.415,2708.653,6456.931,-7.428,0.652,0.927,24.1,SENSING
63603.25,972.415,2708.653,6456.931,-7.428,0.652,0.927,24.1,MANEUVERING
63603.25,972.415,2708.653,6456.931,-7.428,0.652,0.927,24.1,LISTENING
63610.0,922.289,2712.978,6463.018,-7.435,0.631,0.878,17.35,MANEUVERING
63610.0,922.289,2712.978,6463.018,-7.435,0.631,0.878,17.35,SENSING
63610.0,922.289,2712.978,6463.018,-7.435,0.631,0.878,17.35,MANEUVERING
63610.0,922.289,2712.978,6463.018,-7.435,0.631,0.878,17.35,LISTENING
63620.0,847.943,2719.13,6471.425,-7.445,0.601,0.805,7.35,MANEUVERING
63620.0,847.943,2719.13,6471.425,-7.445,0.601,0.805,7.35,SENSING
63620.0,847.943,2719.13,6471.425,-7.445,0.601,0.805,7.35,MANEUVERING
63620.0,847.943,2719.13,6471.425,-7.445,0.601,0.805,7.35,LISTENING
63630.0,773.501,2724.976,6479.104,-7.454,0.57,0.732,-2.65,MANEUVERING
63630.0,773.501,2724.976,6479.104,-7.454,0.57,0.732,-2.65,SENSING
63630.0,773.501,2724.976,6479.104,-7.454,0.57,0.732,-2.65,MEASURING
63630.0,773.501,2724.976,6479.104,-7.454,0.57,0.732,-2.65,SENSING
63630.0,773.501,2724.976,6479.104,-7.454,0.57,0.732,-2.65,LISTENING
63636.22,727.153,2728.458,6483.512,-7.459,0.551,0.686,-2.65,SENSING
63636.22,727.153,2728.458,6483.512,-7.459,0.551,0.686,-2.65,LISTENING
63640.0,698.971,2730.517,6486.053,-7.462,0.539,0.659,-2.65,SENSING
63640.0,698.971,2730.517,6486.053,-7.462,0.539,0.659,-2.65,LISTENING
63644.46,665.705,2732.889,6488.916,-7.466,0.526,0.626,-2.65,SENSING
63644.46,665.705,2732.889,6488.916,-7.466,0.526,0.626,-2.65,MANEUVERING
63644.46,665.705,2732.889,6488.916,-7.466,0.526,0.626,-2.65,LISTENING
63650.0,624.364,2735.75,6492.271,-7.47,0.509,0.586,2.89,MANEUVERING
63650.0,624.364,2735.75,6492.271,-7.47,0.509,0.586,2.89,SENSING
63650.0,624.364,2735.75,6492.271,-7.47,0.509,0.586,2.89,MANEUVERING
63650.0,624.364,2735.75,6492.271,-7.47,0.509,0.586,2.89,LISTENING
63657.39,569.183,2739.421,6496.397,-7.475,0.486,0.532,10.28,MANEUVERING
63657.39,569.183,2739.421,6496.397,-7.475,0.486,0.532,10.28,SENSING
63657.39,569.183,2739.421,6496.397,-7.475,0.486,0.532,10.28,MANEUVERING
63657.39,569.183,2739.421,6496.397,-7.475,0.486,0.532,10.28,LISTENING
63660.0,549.686,2740.677,6497.759,-7.476,0.478,0.513,12.89,MANEUVERING
63660.0,549.686,2740.677,6497.759,-7.476,0.478,0.513,12.89,SENSING
63660.0,549.686,2740.677,6497.759,-7.476,0.478,0.513,12.89,MEASURING
63660.0,549.686,2740.677,6497.759,-7.476,0.478,0.513,12.89,SENSING
63660.0,549.686,2740.677,6497.759,-7.476,0.478,0.513,12.89,LISTENING
63665.07,511.8,2743.057,6500.262,-7.479,0.462,0.475,12.89,SENSING
63665.07,511.8,2743.057,6500.262,-7.479,0.462,0.475,12.89,MANEUVERING
63665.07,511.8,2743.057,6500.262,-7.479,0.462,0.475,12.89,LISTENING
63666.75,499.242,2743.829,6501.05,-7.48,0.457,0.463,14.57,MANEUVERING
63666.75,499.242,2743.829,6501.05,-7.48,0.457,0.463,14.57,SENSING
63666.75,499.242,2743.829,6501.05,-7.48,0.457,0.463,14.57,MANEUVERING
63666.75,499.242,2743.829,6501.05,-7.48,0.457,0.463,14.57,LISTENING
63670.0,474.946,2745.296,6502.516,-7.482,0.447,0.439,17.82,MANEUVERING
63670.0,474.946,2745.296,6502.516,-7.482,0.447,0.439,17.82,SENSING
63670.0,474.946,2745.296,6502.516,-7.482,0.447,0.439,17.82,MEASURING
63670.0,474.946,2745.296,6502.516,-7.482,0.447,0.439,17.82,SENSING
63670.0,474.946,2745.296,6502.516,-7.482,0.447,0.439,17.82,LISTENING
63676.58,425.737,2748.167,6505.247,-7.485,0.427,0.391,17.82,SENSING
63676.58,425.737,2748.167,6505.247,-7.485,0.427,0.391,17.82,MANEUVERING
63676.58,425.737,2748.167,6505.247,-7.485,0.427,0.391,17.82,LISTENING
63680.0,400.152,2749.607,6506.542,-7.487,0.416,0.366,21.24,MANEUVERING
63680.0,400.152,2749.607,6506.542,-7.487,0.416,0.366,21.24,SENSING
63680.0,400.152,2749.607,6506.542,-7.487,0.416,0.366,21.24,MANEUVERING
63680.0,400.152,2749.607,6506.542,-7.487,0.416,0.366,21.24,LISTENING
63690.0,325.314,2753.61,6509.836,-7.491,0.385,0.293,31.24,MANEUVERING
63690.0,325.314,2753.61,6509.836,-7.491,0.385,0.293,31.24,SENSING
63690.0,325.314,2753.61,6509.836,-7.491,0.385,0.293,31.24,MEASURING
63690.0,325.314,2753.61,6509.836,-7.491,0.385,0.293,31.24,SENSING
63690.0,325.314,2753.61,6509.836,-7.491,0.385,0.293,31.24,LISTENING
63710.0,175.537,2760.689,6514.229,-7.497,0.323,0.147,31.24,SENSING
63710.0,175.537,2760.689,6514.229,-7.497,0.323,0.147,31.24,MEASURING
63710.0,175.537,2760.689,6514.229,-7.497,0.323,0.147,31.24,SENSING
63710.0,175.537,2760.689,6514.229,-7.497,0.323,0.147,31.24,LISTENING
63720.0,100.614,2763.765,6515.327,-7.498,0.292,0.073,31.24,SENSING
63720.0,100.614,2763.765,6515.327,-7.498,0.292,0.073,31.24,LISTENING
63723.89,71.466,2764.878,6515.557,-7.499,0.28,0.045,31.24,SENSING
63723.89,71.466,2764.878,6515.557,-7.499,0.28,0.045,31.24,LISTENING
63730.0,25.68,2766.531,6515.695,-7.499,0.261,0.0,31.24,SENSING
63730.0,25.68,2766.531,6515.695,-7.499,0.261,0.0,31.24,LISTENING
63740.58,-53.602,2769.121,6515.287,-7.499,0.228,-0.077,31.24,SENSING
63740.58,-53.602,2769.121,6515.287,-7.499,0.228,-0.077,31.24,LISTENING
63750.0,-124.187,2771.134,6514.235,-7.498,0.199,-0.146,31.24,SENSING
63750.0,-124.187,2771.134,6514.235,-7.498,0.199,-0.146,31.24,LISTENING
63756.1,-169.889,2772.292,6513.208,-7.497,0.18,-0.191,31.24,SENSING
63756.1,-169.889,2772.292,6513.208,-7.497,0.18,-0.191,31.24,LISTENING
63765.43,-239.775,2773.838,6511.111,-7.495,0.151,-0.259,31.24,SENSING
63765.43,-239.775,2773.838,6511.111,-7.495,0.151,-0.259,31.24,MANEUVERING
63765.43,-239.775,2773.838,6511.111,-7.495,0.151,-0.259,31.24,LISTENING
63780.0,-348.863,2775.714,6506.566,-7.49,0.106,-0.365,16.67,MANEUVERING
63780.0,-348.863,2775.714,6506.566,-7.49,0.106,-0.365,16.67,SENSING
63780.0,-348.863,2775.714,6506.566,-7.49,0.106,-0.365,16.67,MEASURING
63780.0,-348.863,2775.714,6506.566,-7.49,0.106,-0.365,16.67,SENSING
63780.0,-348.863,2775.714,6506.566,-7.49,0.106,-0.365,16.67,LISTENING
63787.05,-401.619,2776.384,6503.81,-7.487,0.084,-0.417,16.67,SENSING
63787.05,-401.619,2776.384,6503.81,-7.487,0.084,-0.417,16.67,MANEUVERING
63787.05,-401.619,2776.384,6503.81,-7.487,0.084,-0.417,16.67,LISTENING
63800.0,-498.465,2777.215,6497.805,-7.48,0.044,-0.511,3.72,MANEUVERING
63800.0,-498.465,2777.215,6497.805,-7.48,0.044,-0.511,3.72,SENSING
63800.0,-498.465,2777.215,6497.805,-7.48,0.044,-0.511,3.72,MEASURING
63800.0,-498.465,2777.215,6497.805,-7.48,0.044,-0.511,3.72,SENSING
63800.0,-498.465,2777.215,6497.805,-7.48,0.044,-0.511,3.72,LISTENING
63820.99,-655.231,2777.456,6485.481,-7.467,-0.021,-0.664,3.72,SENSING
63820.99,-655.231,2777.456,6485.481,-7.467,-0.021,-0.664,3.72,LISTENING
63850.0,-871.348,2775.541,6463.185,-7.442,-0.111,-0.874,3.72,SENSING
63850.0,-871.348,2775.541,6463.185,-7.442,-0.111,-0.874,3.72,LISTENING
63866.13,-991.17,2773.348,6448.154,-7.425,-0.161,-0.991,3.72,SENSING
63866.13,-991.17,2773.348,6448.154,-7.425,-0.161,-0.991,3.72,LISTENING
63870.0,-1019.877,2772.703,6444.269,-7.421,-0.173,-1.018,3.72,SENSING
63870.0,-1019.877,2772.703,6444.269,-7.421,-0.173,-1.018,3.72,LISTENING
63870.0,-1019.877,2772.703,6444.269,-7.421,-0.173,-1.018,3.72,SENSING
63870.0,-1019.877,2772.703,6444.269,-7.421,-0.173,-1.018,3.72,MESSAGING
63870.0,-1019.877,2772.703,6444.269,-7.421,-0.173,-1.018,3.72,SENSING
63870.0,-1019.877,2772.703,6444.269,-7.421,-0.173,-1.018,3.72,LISTENING
63870.0,-1019.877,2772.703,6444.269,-7.421,-0.173,-1.018,3.72,SENSING
63870.0,-1019.877,2772.703,6444.269,-7.421,-0.173,-1.018,3.72,LISTENING
63870.0,-1019.877,2772.703,6444.269,-7.421,-0.173,-1.018,3.72,SENSING
63870.0,-1019.877,2772.703,6444.269,-7.421,-0.173,-1.018,3.72,LISTENING
63870.0,-1019.877,2772.703,6444.269,-7.421,-0.173,-1.018,3.72,SENSING
63870.0,-1019.877,2772.703,6444.269,-7.421,-0.173,-1.018,3.72,LISTENING
63876.17,-1065.609,2771.578,6437.852,-7.414,-0.193,-1.063,3.72,SENSING
63876.17,-1065.609,2771.578,6437.852,-7.414,-0.193,-1.063,3.72,LISTENING
63880.0,-1093.975,2770.82,6433.73,-7.409,-0.204,-1.09,3.72,SENSING
63880.0,-1093.975,2770.82,6433.73,-7.409,-0.204,-1.09,3.72,LISTENING
63966.88,-1731.71,2741.511,6312.092,-7.272,-0.472,-1.709,3.72,SENSING
63966.88,-1731.71,2741.511,6312.092,-7.272,-0.472,-1.709,3.72,LISTENING
64030.0,-2186.212,2705.779,6190.362,-7.134,-0.663,-2.149,3.72,SENSING
64030.0,-2186.212,2705.779,6190.362,-7.134,-0.663,-2.149,3.72,LISTENING
64030.0,-2186.212,2705.779,6190.362,-7.134,-0.663,-2.149,3.72,SENSING
64030.0,-2186.212,2705.779,6190.362,-7.134,-0.663,-2.149,3.72,LISTENING
64202.86,-3375.605,2547.443,5718.794,-6.599,-1.168,-3.294,3.72,SENSING
64202.86,-3375.605,2547.443,5718.794,-6.599,-1.168,-3.294,3.72,MANEUVERING
64202.86,-3375.605,2547.443,5718.794,-6.599,-1.168,-3.294,3.72,LISTENING
64220.0,-3488.082,2527.061,5661.433,-6.534,-1.216,-3.402,20.86,MANEUVERING
64220.0,-3488.082,2527.061,5661.433,-6.534,-1.216,-3.402,20.86,SENSING
64220.0,-3488.082,2527.061,5661.433,-6.534,-1.216,-3.402,20.86,MEASURING
64220.0,-3488.082,2527.061,5661.433,-6.534,-1.216,-3.402,20.86,SENSING
64220.0,-3488.082,2527.061,5661.433,-6.534,-1.216,-3.402,20.86,LISTENING
64235.76,-3590.505,2507.596,5607.067,-6.473,-1.26,-3.5,20.86,SENSING
64235.76,-3590.505,2507.596,5607.067,-6.473,-1.26,-3.5,20.86,MANEUVERING
64235.76,-3590.505,2507.596,5607.067,-6.473,-1.26,-3.5,20.86,LISTENING
64240.0,-3617.893,2502.242,5592.177,-6.456,-1.271,-3.527,16.62,MANEUVERING
64240.0,-3617.893,2502.242,5592.177,-6.456,-1.271,-3.527,16.62,SENSING
64240.0,-3617.893,2502.242,5592.177,-6.456,-1.271,-3.527,16.62,MEASURING
64240.0,-3617.893,2502.242,5592.177,-6.456,-1.271,-3.527,16.62,SENSING
64240.0,-3617.893,2502.242,5592.177,-6.456,-1.271,-3.527,16.62,LISTENING
64260.0,-3746.105,2476.32,5520.447,-6.374,-1.326,-3.65,16.62,SENSING
64260.0,-3746.105,2476.32,5520.447,-6.374,-1.326,-3.65,16.62,MEASURING
64260.0,-3746.105,2476.32,5520.447,-6.374,-1.326,-3.65,16.62,SENSING
64260.0,-3746.105,2476.32,5520.447,-6.374,-1.326,-3.65,16.62,LISTENING
64362.2,-4374.265,2327.091,5116.567,-5.916,-1.597,-4.25,16.62,SENSING
64362.2,-4374.265,2327.091,5116.567,-5.916,-1.597,-4.25,16.62,MANEUVERING
64362.2,-4374.265,2327.091,5116.567,-5.916,-1.597,-4.25,16.62,LISTENING
64400.0,-4594.22,2265.029,4952.003,-5.729,-1.693,-4.46,-21.18,MANEUVERING
64400.0,-4594.22,2265.029,4952.003,-5.729,-1.693,-4.46,-21.18,SENSING
64400.0,-4594.22,2265.029,4952.003,-5.729,-1.693,-4.46,-21.18,MEASURING
64400.0,-4594.22,2265.029,4952.003,-5.729,-1.693,-4.46,-21.18,SENSING
64400.0,-4594.22,2265.029,4952.003,-5.729,-1.693,-4.46,-21.18,LISTENING
64452.7,-4888.747,2172.596,4709.631,-5.454,-1.821,-4.74,-21.18,SENSING
64452.7,-4888.747,2172.596,4709.631,-5.454,-1.821,-4.74,-21.18,LISTENING
64460.0,-4928.388,2159.263,4674.906,-5.414,-1.839,-4.778,-21.18,SENSING
64460.0,-4928.388,2159.263,4674.906,-5.414,-1.839,-4.778,-21.18,LISTENING
64460.0,-4928.388,2159.263,4674.906,-5.414,-1.839,-4.778,-21.18,SENSING
64460.0,-4928.388,2159.263,4674.906,-5.414,-1.839,-4.778,-21.18,LISTENING
64503.8,-5160.091,2076.646,4460.877,-5.172,-1.941,-4.998,-21.18,SENSING
64503.8,-5160.091,2076.646,4460.877,-5.172,-1.941,-4.998,-21.18,LISTENING
64530.0,-5293.525,2025.129,4328.328,-5.021,-2.0,-5.125,-21.18,SENSING
64530.0,-5293.525,2025.129,4328.328,-5.021,-2.0,-5.125,-21.18,LISTENING
64545.91,-5372.612,1993.099,4246.239,-4.928,-2.035,-5.2,-21.18,SENSING
64545.91,-5372.612,1993.099,4246.239,-4.928,-2.035,-5.2,-21.18,LISTENING
64550.0,-5392.703,1984.776,4224.944,-4.904,-2.044,-5.219,-21.18,SENSING
64550.0,-5392.703,1984.776,4224.944,-4.904,-2.044,-5.219,-21.18,LISTENING
64571.83,-5498.255,1939.739,4109.986,-4.773,-2.09,-5.319,-21.18,SENSING
64571.83,-5498.255,1939.739,4109.986,-4.773,-2.09,-5.319,-21.18,LISTENING
64590.0,-5583.921,1901.481,4012.66,-4.663,-2.129,-5.399,-21.18,SENSING
64590.0,-5583.921,1901.481,4012.66,-4.663,-2.129,-5.399,-21.18,LISTENING
64610.0,-5675.877,1858.576,3903.854,-4.539,-2.17,-5.486,-21.18,SENSING
64610.0,-5675.877,1858.576,3903.854,-4.539,-2.17,-5.486,-21.18,LISTENING
64638.12,-5800.951,1796.882,3747.989,-4.362,-2.226,-5.604,-21.18,SENSING
64638.12,-5800.951,1796.882,3747.989,-4.362,-2.226,-5.604,-21.18,LISTENING
64650.0,-5852.288,1770.347,3681.156,-4.287,-2.249,-5.653,-21.18,SENSING
64650.0,-5852.288,1770.347,3681.156,-4.287,-2.249,-5.653,-21.18,LISTENING
64657.53,-5884.36,1753.387,3638.5,-4.238,-2.264,-5.683,-21.18,SENSING
64657.53,-5884.36,1753.387,3638.5,-4.238,-2.264,-5.683,-21.18,LISTENING
64680.0,-5977.885,1702.136,3509.878,-4.092,-2.306,-5.771,-21.18,SENSING
64680.0,-5977.885,1702.136,3509.878,-4.092,-2.306,-5.771,-21.18,LISTENING
64720.0,-6136.168,1608.597,3276.156,-3.827,-2.379,-5.92,-21.18,SENSING
64720.0,-6136.168,1608.597,3276.156,-3.827,-2.379,-5.92,-21.18,LISTENING
64730.0,-6174.072,1584.766,3216.814,-3.759,-2.396,-5.955,-21.18,SENSING
64730.0,-6174.072,1584.766,3216.814,-3.759,-2.396,-5.955,-21.18,LISTENING
64890.08,-6686.393,1181.586,2223.511,-2.632,-2.639,-6.432,-21.18,SENSING
64890.08,-6686.393,1181.586,2223.511,-2.632,-2.639,-6.432,-21.18,LISTENING
64950.0,-6830.764,1021.568,1834.183,-2.189,-2.711,-6.565,-21.18,SENSING
64950.0,-6830.764,1021.568,1834.183,-2.189,-2.711,-6.565,-21.18,LISTENING
64956.08,-6843.927,1005.098,1794.252,-2.144,-2.717,-6.577,-21.18,SENSING
64956.08,-6843.927,1005.098,1794.252,-2.144,-2.717,-6.577,-21.18,LISTENING
64960.0,-6852.267,994.457,1768.467,-2.115,-2.722,-6.585,-21.18,SENSING
64960.0,-6852.267,994.457,1768.467,-2.115,-2.722,-6.585,-21.18,LISTENING
64970.65,-6874.347,965.465,1698.268,-2.035,-2.733,-6.605,-21.18,SENSING
64970.65,-6874.347,965.465,1698.268,-2.035,-2.733,-6.605,-21.18,LISTENING
64980.0,-6893.03,939.913,1636.464,-1.965,-2.743,-6.622,-21.18,SENSING
64980.0,-6893.03,939.913,1636.464,-1.965,-2.743,-6.622,-21.18,LISTENING
64996.17,-6923.79,895.514,1529.215,-1.843,-2.759,-6.65,-21.18,SENSING
64996.17,-6923.79,895.514,1529.215,-1.843,-2.759,-6.65,-21.18,LISTENING
64996.86,-6925.059,893.613,1524.629,-1.838,-2.76,-6.651,-21.18,SENSING
64996.86,-6925.059,893.613,1524.629,-1.838,-2.76,-6.651,-21.18,LISTENING
65000.0,-6930.787,884.959,1503.747,-1.814,-2.763,-6.656,-21.18,SENSING
65000.0,-6930.787,884.959,1503.747,-1.814,-2.763,-6.656,-21.18,LISTENING
65010.0,-6948.532,857.337,1437.139,-1.738,-2.772,-6.672,-21.18,SENSING
65010.0,-6948.532,857.337,1437.139,-1.738,-2.772,-6.672,-21.18,LISTENING
65010.0,-6948.532,857.337,1437.139,-1.738,-2.772,-6.672,-21.18,SENSING
65010.0,-6948.532,857.337,1437.139,-1.738,-2.772,-6.672,-21.18,MESSAGING
65010.0,-6948.532,857.337,1437.139,-1.738,-2.772,-6.672,-21.18,MESSAGING
65010.0,-6948.532,857.337,1437.139,-1.738,-2.772,-6.672,-21.18,SENSING
65010.0,-6948.532,857.337,1437.139,-1.738,-2.772,-6.672,-21.18,LISTENING
65010.0,-6948.532,857.337,1437.139,-1.738,-2.772,-6.672,-21.18,SENSING
65010.0,-6948.532,857.337,1437.139,-1.738,-2.772,-6.672,-21.18,LISTENING
65010.0,-6948.532,857.337,1437.139,-1.738,-2.772,-6.672,-21.18,SENSING
65010.0,-6948.532,857.337,1437.139,-1.738,-2.772,-6.672,-21.18,LISTENING
65010.0,-6948.532,857.337,1437.139,-1.738,-2.772,-6.672,-21.18,SENSING
65010.0,-6948.532,857.337,1437.139,-1.738,-2.772,-6.672,-21.18,LISTENING
65010.0,-6948.532,857.337,1437.139,-1.738,-2.772,-6.672,-21.18,SENSING
65010.0,-6948.532,857.337,1437.139,-1.738,-2.772,-6.672,-21.18,LISTENING
65010.0,-6948.532,857.337,1437.139,-1.738,-2.772,-6.672,-21.18,SENSING
65010.0,-6948.532,857.337,1437.139,-1.738,-2.772,-6.672,-21.18,LISTENING
65010.0,-6948.532,857.337,1437.139,-1.738,-2.772,-6.672,-21.18,SENSING
65010.0,-6948.532,857.337,1437.139,-1.738,-2.772,-6.672,-21.18,MESSAGING
65010.0,-6948.532,857.337,1437.139,-1.738,-2.772,-6.672,-21.18,SENSING
65010.0,-6948.532,857.337,1437.139,-1.738,-2.772,-6.672,-21.18,LISTENING
65010.0,-6948.532,857.337,1437.139,-1.738,-2.772,-6.672,-21.18,SENSING
65010.0,-6948.532,857.337,1437.139,-1.738,-2.772,-6.672,-21.18,LISTENING
65010.0,-6948.532,857.337,1437.139,-1.738,-2.772,-6.672,-21.18,SENSING
65010.0,-6948.532,857.337,1437.139,-1.738,-2.772,-6.672,-21.18,LISTENING
65010.0,-6948.532,857.337,1437.139,-1.738,-2.772,-6.672,-21.18,SENSING
65010.0,-6948.532,857.337,1437.139,-1.738,-2.772,-6.672,-21.18,LISTENING
65010.0,-6948.532,857.337,1437.139,-1.738,-2.772,-6.672,-21.18,SENSING
65010.0,-6948.532,857.337,1437.139,-1.738,-2.772,-6.672,-21.18,LISTENING
65423.99,-7006.516,-331.625,-1370.687,1.462,-2.893,-6.687,-21.18,SENSING
65423.99,-7006.516,-331.625,-1370.687,1.462,-2.893,-6.687,-21.18,LISTENING
65450.0,-6965.935,-406.596,-1544.012,1.66,-2.882,-6.646,-21.18,SENSING
65450.0,-6965.935,-406.596,-1544.012,1.66,-2.882,-6.646,-21.18,LISTENING
65450.0,-6965.935,-406.596,-1544.012,1.66,-2.882,-6.646,-21.18,SENSING
65450.0,-6965.935,-406.596,-1544.012,1.66,-2.882,-6.646,-21.18,LISTENING
65455.28,-6957.069,-421.78,-1579.061,1.7,-2.88,-6.637,-21.18,SENSING
65455.28,-6957.069,-421.78,-1579.061,1.7,-2.88,-6.637,-21.18,LISTENING
65490.0,-6893.512,-521.289,-1808.293,1.963,-2.862,-6.573,-21.18,SENSING
65490.0,-6893.512,-521.289,-1808.293,1.963,-2.862,-6.573,-21.18,LISTENING
65490.0,-6893.512,-521.289,-1808.293,1.963,-2.862,-6.573,-21.18,SENSING
65490.0,-6893.512,-521.289,-1808.293,1.963,-2.862,-6.573,-21.18,LISTENING
65740.97,-6171.176,-1212.331,-3376.342,3.765,-2.623,-5.857,-21.18,SENSING
65740.97,-6171.176,-1212.331,-3376.342,3.765,-2.623,-5.857,-21.18,LISTENING
65800.0,-5937.436,-1364.495,-3715.259,4.157,-2.54,-5.628,-21.18,SENSING
65800.0,-5937.436,-1364.495,-3715.259,4.157,-2.54,-5.628,-21.18,LISTENING
65879.03,-5589.197,-1559.983,-4146.574,4.657,-2.413,-5.287,-21.18,SENSING
65879.03,-5589.197,-1559.983,-4146.574,4.657,-2.413,-5.287,-21.18,MANEUVERING
65879.03,-5589.197,-1559.983,-4146.574,4.657,-2.413,-5.287,-21.18,LISTENING
65890.0,-5537.777,-1586.305,-4204.264,4.724,-2.394,-5.236,-32.15,MANEUVERING
65890.0,-5537.777,-1586.305,-4204.264,4.724,-2.394,-5.236,-32.15,SENSING
65890.0,-5537.777,-1586.305,-4204.264,4.724,-2.394,-5.236,-32.15,MEASURING
65890.0,-5537.777,-1586.305,-4204.264,4.724,-2.394,-5.236,-32.15,SENSING
65890.0,-5537.777,-1586.305,-4204.264,4.724,-2.394,-5.236,-32.15,LISTENING
65905.55,-5463.638,-1623.259,-4285.087,4.818,-2.367,-5.164,-32.15,SENSING
65905.55,-5463.638,-1623.259,-4285.087,4.818,-2.367,-5.164,-32.15,MANEUVERING
65905.55,-5463.638,-1623.259,-4285.087,4.818,-2.367,-5.164,-32.15,LISTENING
65910.0,-5442.153,-1633.756,-4308.008,4.845,-2.359,-5.143,-27.7,MANEUVERING
65910.0,-5442.153,-1633.756,-4308.008,4.845,-2.359,-5.143,-27.7,SENSING
65910.0,-5442.153,-1633.756,-4308.008,4.845,-2.359,-5.143,-27.7,MEASURING
65910.0,-5442.153,-1633.756,-4308.008,4.845,-2.359,-5.143,-27.7,SENSING
65910.0,-5442.153,-1633.756,-4308.008,4.845,-2.359,-5.143,-27.7,LISTENING
65979.09,-5093.703,-1792.037,-4651.544,5.245,-2.229,-4.802,-27.7,SENSING
65979.09,-5093.703,-1792.037,-4651.544,5.245,-2.229,-4.802,-27.7,LISTENING
66000.0,-4982.892,-1838.13,-4750.784,5.361,-2.187,-4.694,-27.7,SENSING
66000.0,-4982.892,-1838.13,-4750.784,5.361,-2.187,-4.694,-27.7,LISTENING
66037.03,-4780.808,-1917.578,-4920.891,5.56,-2.111,-4.497,-27.7,SENSING
66037.03,-4780.808,-1917.578,-4920.891,5.56,-2.111,-4.497,-27.7,LISTENING
66040.0,-4764.283,-1923.827,-4934.216,5.576,-2.104,-4.481,-27.7,SENSING
66040.0,-4764.283,-1923.827,-4934.216,5.576,-2.104,-4.481,-27.7,LISTENING
66050.0,-4708.304,-1944.729,-4978.728,5.628,-2.083,-4.426,-27.7,SENSING
66050.0,-4708.304,-1944.729,-4978.728,5.628,-2.083,-4.426,-27.7,LISTENING
66060.0,-4651.807,-1965.417,-5022.691,5.679,-2.062,-4.371,-27.7,SENSING
66060.0,-4651.807,-1965.417,-5022.691,5.679,-2.062,-4.371,-27.7,LISTENING
66073.0,-4577.596,-1991.989,-5079.016,5.746,-2.033,-4.299,-27.7,SENSING
66073.0,-4577.596,-1991.989,-5079.016,5.746,-2.033,-4.299,-27.7,LISTENING
66080.0,-4537.282,-2006.144,-5108.953,5.781,-2.018,-4.259,-27.7,SENSING
66080.0,-4537.282,-2006.144,-5108.953,5.781,-2.018,-4.259,-27.7,LISTENING
66089.13,-4484.333,-2024.443,-5147.584,5.826,-1.998,-4.208,-27.7,SENSING
66089.13,-4484.333,-2024.443,-5147.584,5.826,-1.998,-4.208,-27.7,LISTENING
66100.0,-4420.757,-2045.988,-5192.961,5.88,-1.973,-4.146,-27.7,SENSING
66100.0,-4420.757,-2045.988,-5192.961,5.88,-1.973,-4.146,-27.7,LISTENING
66100.0,-4420.757,-2045.988,-5192.961,5.88,-1.973,-4.146,-27.7,SENSING
66100.0,-4420.757,-2045.988,-5192.961,5.88,-1.973,-4.146,-27.7,MESSAGING
66100.0,-4420.757,-2045.988,-5192.961,5.88,-1.973,-4.146,-27.7,SENSING
66100.0,-4420.757,-2045.988,-5192.961,5.88,-1.973,-4.146,-27.7,LISTENING
66100.0,-4420.757,-2045.988,-5192.961,5.88,-1.973,-4.146,-27.7,SENSING
66100.0,-4420.757,-2045.988,-5192.961,5.88,-1.973,-4.146,-27.7,LISTENING
66107.34,-4377.5,-2060.386,-5223.22,5.915,-1.957,-4.103,-27.7,SENSING
66107.34,-4377.5,-2060.386,-5223.22,5.915,-1.957,-4.103,-27.7,LISTENING
66120.0,-4302.282,-2084.932,-5274.678,5.976,-1.928,-4.03,-27.7,SENSING
66120.0,-4302.282,-2084.932,-5274.678,5.976,-1.928,-4.03,-27.7,LISTENING
66130.0,-4242.329,-2104.061,-5314.666,6.023,-1.905,-3.972,-27.7,SENSING
66130.0,-4242.329,-2104.061,-5314.666,6.023,-1.905,-3.972,-27.7,LISTENING
66143.49,-4160.712,-2129.498,-5367.679,6.086,-1.873,-3.892,-27.7,SENSING
66143.49,-4160.712,-2129.498,-5367.679,6.086,-1.873,-3.892,-27.7,LISTENING
66180.0,-3935.675,-2196.189,-5505.714,6.249,-1.786,-3.672,-27.7,SENSING
66180.0,-3935.675,-2196.189,-5505.714,6.249,-1.786,-3.672,-27.7,LISTENING
66215.2,-3713.221,-2257.432,-5631.118,6.398,-1.699,-3.456,-27.7,SENSING
66215.2,-3713.221,-2257.432,-5631.118,6.398,-1.699,-3.456,-27.7,LISTENING
66230.0,-3618.152,-2282.266,-5681.55,6.458,-1.662,-3.363,-27.7,SENSING
66230.0,-3618.152,-2282.266,-5681.55,6.458,-1.662,-3.363,-27.7,LISTENING
66230.0,-3618.152,-2282.266,-5681.55,6.458,-1.662,-3.363,-27.7,SENSING
66230.0,-3618.152,-2282.266,-5681.55,6.458,-1.662,-3.363,-27.7,LISTENING
66243.98,-3527.545,-2305.216,-5727.923,6.513,-1.627,-3.275,-27.7,SENSING
66243.98,-3527.545,-2305.216,-5727.923,6.513,-1.627,-3.275,-27.7,LISTENING
66260.91,-3416.799,-2332.344,-5782.42,6.578,-1.583,-3.167,-27.7,SENSING
66260.91,-3416.799,-2332.344,-5782.42,6.578,-1.583,-3.167,-27.7,LISTENING
66270.0,-3356.888,-2346.605,-5810.924,6.613,-1.56,-3.108,-27.7,SENSING
66270.0,-3356.888,-2346.605,-5810.924,6.613,-1.56,-3.108,-27.7,LISTENING
66270.0,-3356.888,-2346.605,-5810.924,6.613,-1.56,-3.108,-27.7,SENSING
66270.0,-3356.888,-2346.605,-5810.924,6.613,-1.56,-3.108,-27.7,LISTENING
66280.0,-3290.624,-2362.046,-5841.667,6.649,-1.534,-3.044,-27.7,SENSING
66280.0,-3290.624,-2362.046,-5841.667,6.649,-1.534,-3.044,-27.7,LISTENING
66290.0,-3223.995,-2377.225,-5871.762,6.686,-1.507,-2.979,-27.7,SENSING
66290.0,-3223.995,-2377.225,-5871.762,6.686,-1.507,-2.979,-27.7,LISTENING
66290.0,-3223.995,-2377.225,-5871.762,6.686,-1.507,-2.979,-27.7,SENSING
66290.0,-3223.995,-2377.225,-5871.762,6.686,-1.507,-2.979,-27.7,MESSAGING
66290.0,-3223.995,-2377.225,-5871.762,6.686,-1.507,-2.979,-27.7,SENSING
66290.0,-3223.995,-2377.225,-5871.762,6.686,-1.507,-2.979,-27.7,LISTENING
66290.0,-3223.995,-2377.225,-5871.762,6.686,-1.507,-2.979,-27.7,SENSING
66290.0,-3223.995,-2377.225,-5871.762,6.686,-1.507,-2.979,-27.7,LISTENING
66290.0,-3223.995,-2377.225,-5871.762,6.686,-1.507,-2.979,-27.7,SENSING
66290.0,-3223.995,-2377.225,-5871.762,6.686,-1.507,-2.979,-27.7,LISTENING
66290.0,-3223.995,-2377.225,-5871.762,6.686,-1.507,-2.979,-27.7,SENSING
66290.0,-3223.995,-2377.225,-5871.762,6.686,-1.507,-2.979,-27.7,MESSAGING
66290.0,-3223.995,-2377.225,-5871.762,6.686,-1.507,-2.979,-27.7,SENSING
66290.0,-3223.995,-2377.225,-5871.762,6.686,-1.507,-2.979,-27.7,LISTENING
66290.0,-3223.995,-2377.225,-5871.762,6.686,-1.507,-2.979,-27.7,SENSING
66290.0,-3223.995,-2377.225,-5871.762,6.686,-1.507,-2.979,-27.7,LISTENING
66290.0,-3223.995,-2377.225,-5871.762,6.686,-1.507,-2.979,-27.7,SENSING
66290.0,-3223.995,-2377.225,-5871.762,6.686,-1.507,-2.979,-27.7,LISTENING
66295.66,-3186.125,-2385.701,-5888.507,6.706,-1.492,-2.942,-27.7,SENSING
66295.66,-3186.125,-2385.701,-5888.507,6.706,-1.492,-2.942,-27.7,LISTENING
66300.0,-3157.01,-2392.143,-5901.206,6.721,-1.481,-2.913,-27.7,SENSING
66300.0,-3157.01,-2392.143,-5901.206,6.721,-1.481,-2.913,-27.7,LISTENING
66304.71,-3125.338,-2399.077,-5914.848,6.737,-1.468,-2.882,-27.7,SENSING
66304.71,-3125.338,-2399.077,-5914.848,6.737,-1.468,-2.882,-27.7,LISTENING
66310.0,-3089.674,-2406.795,-5929.996,6.756,-1.454,-2.848,-27.7,SENSING
66310.0,-3089.674,-2406.795,-5929.996,6.756,-1.454,-2.848,-27.7,LISTENING
66320.0,-3021.996,-2421.181,-5958.127,6.79,-1.428,-2.782,-27.7,SENSING
66320.0,-3021.996,-2421.181,-5958.127,6.79,-1.428,-2.782,-27.7,LISTENING
66330.0,-2953.983,-2435.299,-5985.598,6.823,-1.401,-2.715,-27.7,SENSING
66330.0,-2953.983,-2435.299,-5985.598,6.823,-1.401,-2.715,-27.7,LISTENING
66349.83,-2818.15,-2462.497,-6038.104,6.886,-1.347,-2.583,-27.7,SENSING
66349.83,-2818.15,-2462.497,-6038.104,6.886,-1.347,-2.583,-27.7,LISTENING
66350.0,-2816.98,-2462.725,-6038.542,6.887,-1.346,-2.582,-27.7,SENSING
66350.0,-2816.98,-2462.725,-6038.542,6.887,-1.346,-2.582,-27.7,LISTENING
66355.92,-2776.184,-2470.635,-6053.701,6.905,-1.33,-2.542,-27.7,SENSING
66355.92,-2776.184,-2470.635,-6053.701,6.905,-1.33,-2.542,-27.7,LISTENING
66360.0,-2748.006,-2476.03,-6064.01,6.918,-1.319,-2.514,-27.7,SENSING
66360.0,-2748.006,-2476.03,-6064.01,6.918,-1.319,-2.514,-27.7,LISTENING
66366.11,-2705.712,-2484.024,-6079.24,6.936,-1.302,-2.473,-27.7,SENSING
66366.11,-2705.712,-2484.024,-6079.24,6.936,-1.302,-2.473,-27.7,LISTENING
66367.25,-2697.808,-2485.504,-6082.053,6.94,-1.299,-2.465,-27.7,SENSING
66367.25,-2697.808,-2485.504,-6082.053,6.94,-1.299,-2.465,-27.7,LISTENING
66370.0,-2678.726,-2489.06,-6088.804,6.948,-1.291,-2.447,-27.7,SENSING
66370.0,-2678.726,-2489.06,-6088.804,6.948,-1.291,-2.447,-27.7,LISTENING
66380.0,-2609.149,-2501.815,-6112.922,6.977,-1.264,-2.379,-27.7,SENSING
66380.0,-2609.149,-2501.815,-6112.922,6.977,-1.264,-2.379,-27.7,LISTENING
66380.67,-2604.477,-2502.659,-6114.513,6.979,-1.262,-2.374,-27.7,SENSING
66380.67,-2604.477,-2502.659,-6114.513,6.979,-1.262,-2.374,-27.7,LISTENING
66400.0,-2469.133,-2526.49,-6159.115,7.034,-1.208,-2.242,-27.7,SENSING
66400.0,-2469.133,-2526.49,-6159.115,7.034,-1.208,-2.242,-27.7,LISTENING
66410.0,-2398.709,-2538.408,-6181.185,7.061,-1.18,-2.174,-27.7,SENSING
66410.0,-2398.709,-2538.408,-6181.185,7.061,-1.18,-2.174,-27.7,LISTENING
66413.1,-2376.823,-2542.045,-6187.887,7.069,-1.171,-2.152,-27.7,SENSING
66413.1,-2376.823,-2542.045,-6187.887,7.069,-1.171,-2.152,-27.7,LISTENING
66416.33,-2353.993,-2545.807,-6194.8,7.078,-1.162,-2.13,-27.7,SENSING
66416.33,-2353.993,-2545.807,-6194.8,7.078,-1.162,-2.13,-27.7,LISTENING
66420.0,-2328.019,-2550.044,-6202.567,7.087,-1.151,-2.105,-27.7,SENSING
66420.0,-2328.019,-2550.044,-6202.567,7.087,-1.151,-2.105,-27.7,LISTENING
66425.4,-2289.738,-2556.21,-6213.827,7.101,-1.136,-2.068,-27.7,SENSING
66425.4,-2289.738,-2556.21,-6213.827,7.101,-1.136,-2.068,-27.7,LISTENING
66430.0,-2257.069,-2561.397,-6223.259,7.113,-1.123,-2.036,-27.7,SENSING
66430.0,-2257.069,-2561.397,-6223.259,7.113,-1.123,-2.036,-27.7,LISTENING
66430.0,-2257.069,-2561.397,-6223.259,7.113,-1.123,-2.036,-27.7,SENSING
66430.0,-2257.069,-2561.397,-6223.259,7.113,-1.123,-2.036,-27.7,LISTENING
66440.0,-2185.869,-2572.466,-6243.259,7.137,-1.094,-1.966,-27.7,SENSING
66440.0,-2185.869,-2572.466,-6243.259,7.137,-1.094,-1.966,-27.7,LISTENING
66445.46,-2146.89,-2578.389,-6253.885,7.151,-1.079,-1.928,-27.7,SENSING
66445.46,-2146.89,-2578.389,-6253.885,7.151,-1.079,-1.928,-27.7,LISTENING
66446.08,-2142.459,-2579.056,-6255.078,7.152,-1.077,-1.924,-27.7,SENSING
66446.08,-2142.459,-2579.056,-6255.078,7.152,-1.077,-1.924,-27.7,LISTENING
66450.0,-2114.425,-2583.249,-6262.562,7.161,-1.066,-1.897,-27.7,SENSING
66450.0,-2114.425,-2583.249,-6262.562,7.161,-1.066,-1.897,-27.7,LISTENING
66458.18,-2055.808,-2591.857,-6277.834,7.18,-1.042,-1.839,-27.7,SENSING
66458.18,-2055.808,-2591.857,-6277.834,7.18,-1.042,-1.839,-27.7,LISTENING
66462.01,-2028.31,-2595.82,-6284.824,7.189,-1.031,-1.813,-27.7,SENSING
66462.01,-2028.31,-2595.82,-6284.824,7.189,-1.031,-1.813,-27.7,LISTENING
66470.0,-1970.838,-2603.953,-6299.075,7.207,-1.008,-1.756,-27.7,SENSING
66470.0,-1970.838,-2603.953,-6299.075,7.207,-1.008,-1.756,-27.7,LISTENING
66475.98,-1927.732,-2609.919,-6309.447,7.22,-0.991,-1.714,-27.7,SENSING
66475.98,-1927.732,-2609.919,-6309.447,7.22,-0.991,-1.714,-27.7,LISTENING
66480.0,-1898.712,-2613.871,-6316.279,7.229,-0.979,-1.686,-27.7,SENSING
66480.0,-1898.712,-2613.871,-6316.279,7.229,-0.979,-1.686,-27.7,LISTENING
66480.0,-1898.712,-2613.871,-6316.279,7.229,-0.979,-1.686,-27.7,SENSING
66480.0,-1898.712,-2613.871,-6316.279,7.229,-0.979,-1.686,-27.7,LISTENING
66485.91,-1855.985,-2619.597,-6326.115,7.241,-0.962,-1.644,-27.7,SENSING
66485.91,-1855.985,-2619.597,-6326.115,7.241,-0.962,-1.644,-27.7,LISTENING
66490.0,-1826.373,-2623.499,-6332.778,7.249,-0.95,-1.616,-27.7,SENSING
66490.0,-1826.373,-2623.499,-6332.778,7.249,-0.95,-1.616,-27.7,LISTENING
66497.41,-1772.639,-2630.445,-6344.549,7.264,-0.928,-1.563,-27.7,SENSING
66497.41,-1772.639,-2630.445,-6344.549,7.264,-0.928,-1.563,-27.7,LISTENING
66504.65,-1720.032,-2637.076,-6355.674,7.278,-0.907,-1.512,-27.7,SENSING
66504.65,-1720.032,-2637.076,-6355.674,7.278,-0.907,-1.512,-27.7,LISTENING
66510.0,-1681.094,-2641.878,-6363.656,7.288,-0.891,-1.474,-27.7,SENSING
66510.0,-1681.094,-2641.878,-6363.656,7.288,-0.891,-1.474,-27.7,LISTENING
66510.0,-1681.094,-2641.878,-6363.656,7.288,-0.891,-1.474,-27.7,SENSING
66510.0,-1681.094,-2641.878,-6363.656,7.288,-0.891,-1.474,-27.7,LISTENING
66517.24,-1628.315,-2648.241,-6374.135,7.302,-0.87,-1.422,-27.7,SENSING
66517.24,-1628.315,-2648.241,-6374.135,7.302,-0.87,-1.422,-27.7,LISTENING
66522.46,-1590.202,-2652.733,-6381.458,7.311,-0.854,-1.385,-27.7,SENSING
66522.46,-1590.202,-2652.733,-6381.458,7.311,-0.854,-1.385,-27.7,LISTENING
66540.0,-1461.789,-2667.238,-6404.642,7.341,-0.802,-1.26,-27.7,SENSING
66540.0,-1461.789,-2667.238,-6404.642,7.341,-0.802,-1.26,-27.7,LISTENING
66550.0,-1388.35,-2675.098,-6416.876,7.357,-0.772,-1.188,-27.7,SENSING
66550.0,-1388.35,-2675.098,-6416.876,7.357,-0.772,-1.188,-27.7,LISTENING
66550.0,-1388.35,-2675.098,-6416.876,7.357,-0.772,-1.188,-27.7,SENSING
66550.0,-1388.35,-2675.098,-6416.876,7.357,-0.772,-1.188,-27.7,LISTENING
66552.03,-1373.423,-2676.657,-6419.271,7.36,-0.766,-1.174,-27.7,SENSING
66552.03,-1373.423,-2676.657,-6419.271,7.36,-0.766,-1.174,-27.7,LISTENING
66560.0,-1314.756,-2682.66,-6428.392,7.372,-0.742,-1.116,-27.7,SENSING
66560.0,-1314.756,-2682.66,-6428.392,7.372,-0.742,-1.116,-27.7,LISTENING
66560.0,-1314.756,-2682.66,-6428.392,7.372,-0.742,-1.116,-27.7,SENSING
66560.0,-1314.756,-2682.66,-6428.392,7.372,-0.742,-1.116,-27.7,LISTENING
66567.92,-1256.365,-2688.437,-6437.003,7.384,-0.719,-1.059,-27.7,SENSING
66567.92,-1256.365,-2688.437,-6437.003,7.384,-0.719,-1.059,-27.7,LISTENING
66577.11,-1188.501,-2694.905,-6446.428,7.396,-0.691,-0.993,-27.7,SENSING
66577.11,-1188.501,-2694.905,-6446.428,7.396,-0.691,-0.993,-27.7,LISTENING
66580.0,-1167.136,-2696.886,-6449.267,7.4,-0.682,-0.972,-27.7,SENSING
66580.0,-1167.136,-2696.886,-6449.267,7.4,-0.682,-0.972,-27.7,LISTENING
66590.33,-1090.681,-2703.763,-6458.919,7.413,-0.651,-0.898,-27.7,SENSING
66590.33,-1090.681,-2703.763,-6458.919,7.413,-0.651,-0.898,-27.7,LISTENING
66600.0,-1018.993,-2709.909,-6467.256,7.424,-0.622,-0.828,-27.7,SENSING
66600.0,-1018.993,-2709.909,-6467.256,7.424,-0.622,-0.828,-27.7,LISTENING
66600.0,-1018.993,-2709.909,-6467.256,7.424,-0.622,-0.828,-27.7,SENSING
66600.0,-1018.993,-2709.909,-6467.256,7.424,-0.622,-0.828,-27.7,LISTENING
66607.98,-959.753,-2714.767,-6473.626,7.433,-0.598,-0.77,-27.7,SENSING
66607.98,-959.753,-2714.767,-6473.626,7.433,-0.598,-0.77,-27.7,LISTENING
66617.48,-889.141,-2720.3,-6480.608,7.443,-0.569,-0.701,-27.7,SENSING
66617.48,-889.141,-2720.3,-6480.608,7.443,-0.569,-0.701,-27.7,LISTENING
66620.0,-870.395,-2721.721,-6482.35,7.446,-0.561,-0.683,-27.7,SENSING
66620.0,-870.395,-2721.721,-6482.35,7.446,-0.561,-0.683,-27.7,LISTENING
66632.62,-776.425,-2728.55,-6490.381,7.457,-0.523,-0.591,-27.7,SENSING
66632.62,-776.425,-2728.55,-6490.381,7.457,-0.523,-0.591,-27.7,LISTENING
66640.0,-721.407,-2732.318,-6494.54,7.463,-0.5,-0.537,-27.7,SENSING
66640.0,-721.407,-2732.318,-6494.54,7.463,-0.5,-0.537,-27.7,LISTENING
66640.0,-721.407,-2732.318,-6494.54,7.463,-0.5,-0.537,-27.7,SENSING
66640.0,-721.407,-2732.318,-6494.54,7.463,-0.5,-0.537,-27.7,LISTENING
66647.02,-669.032,-2735.748,-6498.129,7.469,-0.479,-0.486,-27.7,SENSING
66647.02,-669.032,-2735.748,-6498.129,7.469,-0.479,-0.486,-27.7,LISTENING
66650.0,-646.788,-2737.159,-6499.544,7.471,-0.469,-0.464,-27.7,SENSING
66650.0,-646.788,-2737.159,-6499.544,7.471,-0.469,-0.464,-27.7,LISTENING
66650.0,-646.788,-2737.159,-6499.544,7.471,-0.469,-0.464,-27.7,SENSING
66650.0,-646.788,-2737.159,-6499.544,7.471,-0.469,-0.464,-27.7,LISTENING
66651.72,-633.945,-2737.96,-6500.331,7.472,-0.464,-0.452,-27.7,SENSING
66651.72,-633.945,-2737.96,-6500.331,7.472,-0.464,-0.452,-27.7,LISTENING
66660.0,-572.096,-2741.693,-6503.819,7.478,-0.439,-0.391,-27.7,SENSING
66660.0,-572.096,-2741.693,-6503.819,7.478,-0.439,-0.391,-27.7,LISTENING
66670.0,-497.34,-2745.921,-6507.365,7.484,-0.408,-0.318,-27.7,SENSING
66670.0,-497.34,-2745.921,-6507.365,7.484,-0.408,-0.318,-27.7,LISTENING
66672.96,-475.201,-2747.114,-6508.274,7.485,-0.399,-0.297,-27.7,SENSING
66672.96,-475.201,-2747.114,-6508.274,7.485,-0.399,-0.297,-27.7,LISTENING
66675.9,-453.207,-2748.272,-6509.115,7.487,-0.39,-0.275,-27.7,SENSING
66675.9,-453.207,-2748.272,-6509.115,7.487,-0.39,-0.275,-27.7,LISTENING
66680.0,-422.528,-2749.842,-6510.181,7.489,-0.377,-0.245,-27.7,SENSING
66680.0,-422.528,-2749.842,-6510.181,7.489,-0.377,-0.245,-27.7,LISTENING
66680.0,-422.528,-2749.842,-6510.181,7.489,-0.377,-0.245,-27.7,SENSING
66680.0,-422.528,-2749.842,-6510.181,7.489,-0.377,-0.245,-27.7,LISTENING
66685.22,-383.457,-2751.766,-6511.36,7.491,-0.361,-0.207,-27.7,SENSING
66685.22,-383.457,-2751.766,-6511.36,7.491,-0.361,-0.207,-27.7,LISTENING
66686.79,-371.703,-2752.329,-6511.676,7.492,-0.356,-0.196,-27.7,SENSING
66686.79,-371.703,-2752.329,-6511.676,7.492,-0.356,-0.196,-27.7,LISTENING
66690.0,-347.669,-2753.455,-6512.266,7.493,-0.346,-0.172,-27.7,SENSING
66690.0,-347.669,-2753.455,-6512.266,7.493,-0.346,-0.172,-27.7,LISTENING
66700.0,-272.771,-2756.76,-6513.62,7.497,-0.315,-0.099,-27.7,SENSING
66700.0,-272.771,-2756.76,-6513.62,7.497,-0.315,-0.099,-27.7,LISTENING
66704.43,-239.581,-2758.125,-6513.987,7.498,-0.302,-0.067,-27.7,SENSING
66704.43,-239.581,-2758.125,-6513.987,7.498,-0.302,-0.067,-27.7,LISTENING
66705.96,-228.116,-2758.582,-6514.08,7.499,-0.297,-0.055,-27.7,SENSING
66705.96,-228.116,-2758.582,-6514.08,7.499,-0.297,-0.055,-27.7,LISTENING
66710.0,-197.842,-2759.756,-6514.243,7.499,-0.284,-0.026,-27.7,SENSING
66710.0,-197.842,-2759.756,-6514.243,7.499,-0.284,-0.026,-27.7,LISTENING
66720.0,-122.891,-2762.442,-6514.135,7.501,-0.253,0.047,-27.7,SENSING
66720.0,-122.891,-2762.442,-6514.135,7.501,-0.253,0.047,-27.7,LISTENING
66730.0,-47.927,-2764.82,-6513.294,7.502,-0.222,0.121,-27.7,SENSING
66730.0,-47.927,-2764.82,-6513.294,7.502,-0.222,0.121,-27.7,LISTENING
66760.0,176.966,-2770.091,-6506.38,7.5,-0.129,0.34,-27.7,SENSING
66760.0,176.966,-2770.091,-6506.38,7.5,-0.129,0.34,-27.7,LISTENING
66760.0,176.966,-2770.091,-6506.38,7.5,-0.129,0.34,-27.7,SENSING
66760.0,176.966,-2770.091,-6506.38,7.5,-0.129,0.34,-27.7,MESSAGING
66760.0,176.966,-2770.091,-6506.38,7.5,-0.129,0.34,-27.7,SENSING
66760.0,176.966,-2770.091,-6506.38,7.5,-0.129,0.34,-27.7,LISTENING
66760.0,176.966,-2770.091,-6506.38,7.5,-0.129,0.34,-27.7,SENSING
66760.0,176.966,-2770.091,-6506.38,7.5,-0.129,0.34,-27.7,LISTENING
66763.92,206.343,-2770.573,-6504.99,7.499,-0.117,0.369,-27.7,SENSING
66763.92,206.343,-2770.573,-6504.99,7.499,-0.117,0.369,-27.7,LISTENING
66770.0,251.901,-2771.227,-6502.611,7.498,-0.098,0.414,-27.7,SENSING
66770.0,251.901,-2771.227,-6502.611,7.498,-0.098,0.414,-27.7,LISTENING
66770.0,251.901,-2771.227,-6502.611,7.498,-0.098,0.414,-27.7,SENSING
66770.0,251.901,-2771.227,-6502.611,7.498,-0.098,0.414,-27.7,LISTENING
66782.36,344.481,-2772.201,-6496.942,7.493,-0.059,0.504,-27.7,SENSING
66782.36,344.481,-2772.201,-6496.942,7.493,-0.059,0.504,-27.7,LISTENING
66790.0,401.679,-2772.565,-6492.879,7.49,-0.036,0.56,-27.7,SENSING
66790.0,401.679,-2772.565,-6492.879,7.49,-0.036,0.56,-27.7,LISTENING
66790.0,401.679,-2772.565,-6492.879,7.49,-0.036,0.56,-27.7,SENSING
66790.0,401.679,-2772.565,-6492.879,7.49,-0.036,0.56,-27.7,LISTENING
66795.62,443.736,-2772.717,-6489.617,7.488,-0.018,0.601,-27.7,SENSING
66795.62,443.736,-2772.717,-6489.617,7.488,-0.018,0.601,-27.7,LISTENING
66800.0,476.504,-2772.767,-6486.915,7.485,-0.004,0.633,-27.7,SENSING
66800.0,476.504,-2772.767,-6486.915,7.485,-0.004,0.633,-27.7,LISTENING
66800.0,476.504,-2772.767,-6486.915,7.485,-0.004,0.633,-27.7,SENSING
66800.0,476.504,-2772.767,-6486.915,7.485,-0.004,0.633,-27.7,LISTENING
66805.49,517.56,-2772.745,-6483.331,7.482,0.013,0.673,-27.7,SENSING
66805.49,517.56,-2772.745,-6483.331,7.482,0.013,0.673,-27.7,LISTENING
66820.0,625.985,-2772.237,-6472.798,7.473,0.058,0.779,-27.7,SENSING
66820.0,625.985,-2772.237,-6472.798,7.473,0.058,0.779,-27.7,LISTENING
66830.0,700.624,-2771.504,-6464.644,7.465,0.089,0.852,-27.7,SENSING
66830.0,700.624,-2771.504,-6464.644,7.465,0.089,0.852,-27.7,LISTENING
66840.0,775.183,-2770.46,-6455.762,7.457,0.12,0.925,-27.7,SENSING
66840.0,775.183,-2770.46,-6455.762,7.457,0.12,0.925,-27.7,LISTENING
66850.0,849.656,-2769.104,-6446.151,7.448,0.152,0.998,-27.7,SENSING
66850.0,849.656,-2769.104,-6446.151,7.448,0.152,0.998,-27.7,LISTENING
66860.0,924.032,-2767.436,-6435.814,7.438,0.183,1.071,-27.7,SENSING
66860.0,924.032,-2767.436,-6435.814,7.438,0.183,1.071,-27.7,LISTENING
66909.53,1290.719,-2754.588,-6373.924,7.376,0.337,1.429,-27.7,SENSING
66909.53,1290.719,-2754.588,-6373.924,7.376,0.337,1.429,-27.7,LISTENING
66920.0,1367.808,-2750.895,-6358.573,7.36,0.37,1.505,-27.7,SENSING
66920.0,1367.808,-2750.895,-6358.573,7.36,0.37,1.505,-27.7,LISTENING
66920.0,1367.808,-2750.895,-6358.573,7.36,0.37,1.505,-27.7,SENSING
66920.0,1367.808,-2750.895,-6358.573,7.36,0.37,1.505,-27.7,LISTENING
66927.31,1421.531,-2748.115,-6347.388,7.349,0.393,1.557,-27.7,SENSING
66927.31,1421.531,-2748.115,-6347.388,7.349,0.393,1.557,-27.7,LISTENING
66930.0,1441.278,-2747.051,-6343.176,7.344,0.401,1.576,-27.7,SENSING
66930.0,1441.278,-2747.051,-6343.176,7.344,0.401,1.576,-27.7,LISTENING
66930.0,1441.278,-2747.051,-6343.176,7.344,0.401,1.576,-27.7,SENSING
66930.0,1441.278,-2747.051,-6343.176,7.344,0.401,1.576,-27.7,LISTENING
66936.66,1490.12,-2744.319,-6332.523,7.333,0.422,1.624,-27.7,SENSING
66936.66,1490.12,-2744.319,-6332.523,7.333,0.422,1.624,-27.7,LISTENING
66940.0,1514.586,-2742.897,-6327.061,7.328,0.432,1.648,-27.7,SENSING
66940.0,1514.586,-2742.897,-6327.061,7.328,0.432,1.648,-27.7,LISTENING
66940.0,1514.586,-2742.897,-6327.061,7.328,0.432,1.648,-27.7,SENSING
66940.0,1514.586,-2742.897,-6327.061,7.328,0.432,1.648,-27.7,LISTENING
66946.72,1563.753,-2739.931,-6315.829,7.316,0.453,1.696,-27.7,SENSING
66946.72,1563.753,-2739.931,-6315.829,7.316,0.453,1.696,-27.7,LISTENING
66950.0,1587.722,-2738.433,-6310.23,7.31,0.463,1.72,-27.7,SENSING
66950.0,1587.722,-2738.433,-6310.23,7.31,0.463,1.72,-27.7,LISTENING
66961.95,1674.883,-2732.694,-6289.181,7.288,0.5,1.805,-27.7,SENSING
66961.95,1674.883,-2732.694,-6289.181,7.288,0.5,1.805,-27.7,LISTENING
66970.0,1733.447,-2728.579,-6274.428,7.272,0.525,1.862,-27.7,SENSING
66970.0,1733.447,-2728.579,-6274.428,7.272,0.525,1.862,-27.7,LISTENING
66980.0,1806.019,-2723.189,-6255.46,7.252,0.556,1.933,-27.7,SENSING
66980.0,1806.019,-2723.189,-6255.46,7.252,0.556,1.933,-27.7,LISTENING
67000.39,1953.352,-2711.247,-6214.591,7.209,0.618,2.077,-27.7,SENSING
67000.39,1953.352,-2711.247,-6214.591,7.209,0.618,2.077,-27.7,LISTENING
67040.0,2236.87,-2684.411,-6126.846,7.115,0.739,2.355,-27.7,SENSING
67040.0,2236.87,-2684.411,-6126.846,7.115,0.739,2.355,-27.7,LISTENING
67040.0,2236.87,-2684.411,-6126.846,7.115,0.739,2.355,-27.7,SENSING
67040.0,2236.87,-2684.411,-6126.846,7.115,0.739,2.355,-27.7,LISTENING
67047.22,2288.135,-2679.004,-6109.672,7.096,0.761,2.405,-27.7,SENSING
67047.22,2288.135,-2679.004,-6109.672,7.096,0.761,2.405,-27.7,LISTENING
67050.0,2307.838,-2676.881,-6102.963,7.089,0.77,2.424,-27.7,SENSING
67050.0,2307.838,-2676.881,-6102.963,7.089,0.77,2.424,-27.7,LISTENING
67050.0,2307.838,-2676.881,-6102.963,7.089,0.77,2.424,-27.7,SENSING
67050.0,2307.838,-2676.881,-6102.963,7.089,0.77,2.424,-27.7,LISTENING
67050.08,2308.404,-2676.819,-6102.769,7.089,0.77,2.425,-27.7,SENSING
67050.08,2308.404,-2676.819,-6102.769,7.089,0.77,2.425,-27.7,MANEUVERING
67050.08,2308.404,-2676.819,-6102.769,7.089,0.77,2.425,-27.7,LISTENING
67056.15,2351.353,-2672.099,-6087.931,7.073,0.789,2.467,-21.63,MANEUVERING
67056.15,2351.353,-2672.099,-6087.931,7.073,0.789,2.467,-21.63,SENSING
67056.15,2351.353,-2672.099,-6087.931,7.073,0.789,2.467,-21.63,MANEUVERING
67056.15,2351.353,-2672.099,-6087.931,7.073,0.789,2.467,-21.63,LISTENING
67060.0,2378.544,-2669.047,-6078.388,7.062,0.8,2.493,-17.78,MANEUVERING
67060.0,2378.544,-2669.047,-6078.388,7.062,0.8,2.493,-17.78,SENSING
67060.0,2378.544,-2669.047,-6078.388,7.062,0.8,2.493,-17.78,MANEUVERING
67060.0,2378.544,-2669.047,-6078.388,7.062,0.8,2.493,-17.78,LISTENING
67060.0,2378.544,-2669.047,-6078.388,7.062,0.8,2.493,-17.78,MANEUVERING
67060.0,2378.544,-2669.047,-6078.388,7.062,0.8,2.493,-17.78,SENSING
67060.0,2378.544,-2669.047,-6078.388,7.062,0.8,2.493,-17.78,MANEUVERING
67060.0,2378.544,-2669.047,-6078.388,7.062,0.8,2.493,-17.78,LISTENING
67065.92,2420.275,-2664.267,-6063.514,7.046,0.818,2.534,-11.86,MANEUVERING
67065.92,2420.275,-2664.267,-6063.514,7.046,0.818,2.534,-11.86,SENSING
67065.92,2420.275,-2664.267,-6063.514,7.046,0.818,2.534,-11.86,MANEUVERING
67065.92,2420.275,-2664.267,-6063.514,7.046,0.818,2.534,-11.86,LISTENING
67070.0,2448.98,-2660.911,-6053.122,7.035,0.83,2.562,-7.78,MANEUVERING
67070.0,2448.98,-2660.911,-6053.122,7.035,0.83,2.562,-7.78,SENSING
67070.0,2448.98,-2660.911,-6053.122,7.035,0.83,2.562,-7.78,MANEUVERING
67070.0,2448.98,-2660.911,-6053.122,7.035,0.83,2.562,-7.78,LISTENING
67087.28,2570.033,-2646.142,-6007.844,6.986,0.883,2.681,9.5,MANEUVERING
67087.28,2570.033,-2646.142,-6007.844,6.986,0.883,2.681,9.5,SENSING
67087.28,2570.033,-2646.142,-6007.844,6.986,0.883,2.681,9.5,MANEUVERING
67087.28,2570.033,-2646.142,-6007.844,6.986,0.883,2.681,9.5,LISTENING
67090.0,2589.01,-2643.735,-6000.53,6.978,0.891,2.699,12.22,MANEUVERING
67090.0,2589.01,-2643.735,-6000.53,6.978,0.891,2.699,12.22,SENSING
67090.0,2589.01,-2643.735,-6000.53,6.978,0.891,2.699,12.22,MANEUVERING
67090.0,2589.01,-2643.735,-6000.53,6.978,0.891,2.699,12.22,LISTENING
67090.0,2589.01,-2643.735,-6000.53,6.978,0.891,2.699,12.22,MANEUVERING
67090.0,2589.01,-2643.735,-6000.53,6.978,0.891,2.699,12.22,SENSING
67090.0,2589.01,-2643.735,-6000.53,6.978,0.891,2.699,12.22,MANEUVERING
67090.0,2589.01,-2643.735,-6000.53,6.978,0.891,2.699,12.22,LISTENING
67096.13,2631.696,-2638.231,-5983.864,6.959,0.909,2.741,18.35,MANEUVERING
67096.13,2631.696,-2638.231,-5983.864,6.959,0.909,2.741,18.35,SENSING
67096.13,2631.696,-2638.231,-5983.864,6.959,0.909,2.741,18.35,MANEUVERING
67096.13,2631.696,-2638.231,-5983.864,6.959,0.909,2.741,18.35,LISTENING
67100.0,2658.587,-2634.698,-5973.21,6.948,0.921,2.767,22.22,MANEUVERING
67100.0,2658.587,-2634.698,-5973.21,6.948,0.921,2.767,22.22,SENSING
67100.0,2658.587,-2634.698,-5973.21,6.948,0.921,2.767,22.22,MANEUVERING
67100.0,2658.587,-2634.698,-5973.21,6.948,0.921,2.767,22.22,LISTENING
67106.37,2702.751,-2628.785,-5955.453,6.928,0.94,2.811,28.59,MANEUVERING
67106.37,2702.751,-2628.785,-5955.453,6.928,0.94,2.811,28.59,SENSING
67106.37,2702.751,-2628.785,-5955.453,6.928,0.94,2.811,28.59,MANEUVERING
67106.37,2702.751,-2628.785,-5955.453,6.928,0.94,2.811,28.59,LISTENING
67110.0,2727.863,-2625.361,-5945.211,6.917,0.951,2.835,32.22,MANEUVERING
67110.0,2727.863,-2625.361,-5945.211,6.917,0.951,2.835,32.22,SENSING
67110.0,2727.863,-2625.361,-5945.211,6.917,0.951,2.835,32.22,MEASURING
67110.0,2727.863,-2625.361,-5945.211,6.917,0.951,2.835,32.22,SENSING
67110.0,2727.863,-2625.361,-5945.211,6.917,0.951,2.835,32.22,LISTENING
67115.2,2763.764,-2620.388,-5930.384,6.901,0.966,2.87,32.22,SENSING
67115.2,2763.764,-2620.388,-5930.384,6.901,0.966,2.87,32.22,LISTENING
67120.0,2796.829,-2615.727,-5916.536,6.886,0.98,2.903,32.22,SENSING
67120.0,2796.829,-2615.727,-5916.536,6.886,0.98,2.903,32.22,LISTENING
67120.0,2796.829,-2615.727,-5916.536,6.886,0.98,2.903,32.22,SENSING
67120.0,2796.829,-2615.727,-5916.536,6.886,0.98,2.903,32.22,LISTENING
67130.0,2865.476,-2605.796,-5887.188,6.854,1.01,2.97,32.22,SENSING
67130.0,2865.476,-2605.796,-5887.188,6.854,1.01,2.97,32.22,LISTENING
67137.31,2915.451,-2598.349,-5865.31,6.829,1.032,3.019,32.22,SENSING
67137.31,2915.451,-2598.349,-5865.31,6.829,1.032,3.019,32.22,LISTENING
67140.0,2933.797,-2595.569,-5857.17,6.821,1.04,3.037,32.22,SENSING
67140.0,2933.797,-2595.569,-5857.17,6.821,1.04,3.037,32.22,LISTENING
67140.0,2933.797,-2595.569,-5857.17,6.821,1.04,3.037,32.22,SENSING
67140.0,2933.797,-2595.569,-5857.17,6.821,1.04,3.037,32.22,MESSAGING
67140.0,2933.797,-2595.569,-5857.17,6.821,1.04,3.037,32.22,SENSING
67140.0,2933.797,-2595.569,-5857.17,6.821,1.04,3.037,32.22,LISTENING
67140.0,2933.797,-2595.569,-5857.17,6.821,1.04,3.037,32.22,SENSING
67140.0,2933.797,-2595.569,-5857.17,6.821,1.04,3.037,32.22,LISTENING
67140.0,2933.797,-2595.569,-5857.17,6.821,1.04,3.037,32.22,SENSING
67140.0,2933.797,-2595.569,-5857.17,6.821,1.04,3.037,32.22,LISTENING
67145.86,2973.679,-2589.439,-5839.269,6.801,1.057,3.076,32.22,SENSING
67145.86,2973.679,-2589.439,-5839.269,6.801,1.057,3.076,32.22,LISTENING
67150.0,3001.785,-2585.047,-5826.485,6.787,1.069,3.103,32.22,SENSING
67150.0,3001.785,-2585.047,-5826.485,6.787,1.069,3.103,32.22,LISTENING
67150.0,3001.785,-2585.047,-5826.485,6.787,1.069,3.103,32.22,SENSING
67150.0,3001.785,-2585.047,-5826.485,6.787,1.069,3.103,32.22,LISTENING
67160.7,3074.154,-2573.464,-5792.918,6.75,1.1,3.174,32.22,SENSING
67160.7,3074.154,-2573.464,-5792.918,6.75,1.1,3.174,32.22,LISTENING
67170.0,3136.728,-2563.125,-5763.129,6.717,1.128,3.235,32.22,SENSING
67170.0,3136.728,-2563.125,-5763.129,6.717,1.128,3.235,32.22,LISTENING
67170.0,3136.728,-2563.125,-5763.129,6.717,1.128,3.235,32.22,SENSING
67170.0,3136.728,-2563.125,-5763.129,6.717,1.128,3.235,32.22,LISTENING
67178.78,3195.52,-2553.132,-5734.485,6.685,1.153,3.293,32.22,SENSING
67178.78,3195.52,-2553.132,-5734.485,6.685,1.153,3.293,32.22,LISTENING
67190.0,3270.242,-2540.037,-5697.147,6.644,1.186,3.366,32.22,SENSING
67190.0,3270.242,-2540.037,-5697.147,6.644,1.186,3.366,32.22,LISTENING
67194.39,3299.351,-2534.815,-5682.315,6.627,1.198,3.394,32.22,SENSING
67194.39,3299.351,-2534.815,-5682.315,6.627,1.198,3.394,32.22,LISTENING
67200.0,3336.444,-2528.06,-5663.18,6.606,1.215,3.431,32.22,SENSING
67200.0,3336.444,-2528.06,-5663.18,6.606,1.215,3.431,32.22,LISTENING
67200.13,3337.302,-2527.902,-5662.734,6.606,1.215,3.432,32.22,SENSING
67200.13,3337.302,-2527.902,-5662.734,6.606,1.215,3.432,32.22,LISTENING
67210.0,3402.266,-2515.795,-5628.568,6.568,1.243,3.495,32.22,SENSING
67210.0,3402.266,-2515.795,-5628.568,6.568,1.243,3.495,32.22,LISTENING
67217.76,3453.077,-2506.08,-5601.266,6.537,1.266,3.545,32.22,SENSING
67217.76,3453.077,-2506.08,-5601.266,6.537,1.266,3.545,32.22,LISTENING
67218.62,3458.693,-2504.993,-5598.217,6.534,1.268,3.55,32.22,SENSING
67218.62,3458.693,-2504.993,-5598.217,6.534,1.268,3.55,32.22,LISTENING
67230.0,3532.738,-2490.408,-5557.421,6.489,1.3,3.623,32.22,SENSING
67230.0,3532.738,-2490.408,-5557.421,6.489,1.3,3.623,32.22,LISTENING
67230.0,3532.738,-2490.408,-5557.421,6.489,1.3,3.623,32.22,SENSING
67230.0,3532.738,-2490.408,-5557.421,6.489,1.3,3.623,32.22,LISTENING
67236.76,3576.476,-2481.57,-5532.798,6.461,1.32,3.666,32.22,SENSING
67236.76,3576.476,-2481.57,-5532.798,6.461,1.32,3.666,32.22,LISTENING
67240.0,3597.374,-2477.288,-5520.895,6.448,1.329,3.686,32.22,SENSING
67240.0,3597.374,-2477.288,-5520.895,6.448,1.329,3.686,32.22,LISTENING
67246.81,3641.156,-2468.192,-5495.659,6.42,1.348,3.729,32.22,SENSING
67246.81,3641.156,-2468.192,-5495.659,6.42,1.348,3.729,32.22,LISTENING
67250.0,3661.599,-2463.887,-5483.738,6.406,1.357,3.749,32.22,SENSING
67250.0,3661.599,-2463.887,-5483.738,6.406,1.357,3.749,32.22,LISTENING
67250.0,3661.599,-2463.887,-5483.738,6.406,1.357,3.749,32.22,SENSING
67250.0,3661.599,-2463.887,-5483.738,6.406,1.357,3.749,32.22,LISTENING
67270.0,3788.788,-2436.243,-5407.551,6.321,1.413,3.873,32.22,SENSING
67270.0,3788.788,-2436.243,-5407.551,6.321,1.413,3.873,32.22,LISTENING
67276.56,3830.132,-2426.934,-5382.022,6.293,1.431,3.914,32.22,SENSING
67276.56,3830.132,-2426.934,-5382.022,6.293,1.431,3.914,32.22,LISTENING
67280.0,3851.737,-2422.004,-5368.529,6.278,1.441,3.935,32.22,SENSING
67280.0,3851.737,-2422.004,-5368.529,6.278,1.441,3.935,32.22,LISTENING
67280.0,3851.737,-2422.004,-5368.529,6.278,1.441,3.935,32.22,SENSING
67280.0,3851.737,-2422.004,-5368.529,6.278,1.441,3.935,32.22,LISTENING
67290.0,3914.247,-2407.49,-5328.893,6.233,1.468,3.996,32.22,SENSING
67290.0,3914.247,-2407.49,-5328.893,6.233,1.468,3.996,32.22,LISTENING
67306.03,4013.513,-2383.65,-5264.088,6.161,1.512,4.093,32.22,SENSING
67306.03,4013.513,-2383.65,-5264.088,6.161,1.512,4.093,32.22,LISTENING
67310.0,4037.916,-2377.638,-5247.799,6.142,1.523,4.117,32.22,SENSING
67310.0,4037.916,-2377.638,-5247.799,6.142,1.523,4.117,32.22,LISTENING
67325.63,4133.282,-2353.553,-5182.752,6.069,1.565,4.21,32.22,SENSING
67325.63,4133.282,-2353.553,-5182.752,6.069,1.565,4.21,32.22,LISTENING
67330.0,4159.74,-2346.702,-5164.305,6.048,1.577,4.236,32.22,SENSING
67330.0,4159.74,-2346.702,-5164.305,6.048,1.577,4.236,32.22,LISTENING
67350.0,4279.661,-2314.694,-5078.448,5.952,1.63,4.354,32.22,SENSING
67350.0,4279.661,-2314.694,-5078.448,5.952,1.63,4.354,32.22,LISTENING
67366.48,4377.007,-2287.525,-5005.953,5.87,1.673,4.449,32.22,SENSING
67366.48,4377.007,-2287.525,-5005.953,5.87,1.673,4.449,32.22,LISTENING
67380.0,4455.853,-2264.705,-4945.315,5.802,1.709,4.526,32.22,SENSING
67380.0,4455.853,-2264.705,-4945.315,5.802,1.709,4.526,32.22,LISTENING
67425.25,4712.866,-2184.917,-4734.907,5.564,1.824,4.777,32.22,SENSING
67425.25,4712.866,-2184.917,-4734.907,5.564,1.824,4.777,32.22,LISTENING
67470.0,4956.164,-2100.977,-4515.891,5.316,1.934,5.015,32.22,SENSING
67470.0,4956.164,-2100.977,-4515.891,5.316,1.934,5.015,32.22,LISTENING
67493.65,5080.181,-2054.658,-4395.918,5.179,1.99,5.136,32.22,SENSING
67493.65,5080.181,-2054.658,-4395.918,5.179,1.99,5.136,32.22,LISTENING
67497.6,5100.579,-2046.793,-4375.603,5.156,2.0,5.156,32.22,SENSING
67497.6,5100.579,-2046.793,-4375.603,5.156,2.0,5.156,32.22,LISTENING
67510.0,5164.016,-2021.865,-4311.322,5.083,2.029,5.217,32.22,SENSING
67510.0,5164.016,-2021.865,-4311.322,5.083,2.029,5.217,32.22,LISTENING
67540.0,5313.7,-1960.089,-4152.675,4.902,2.097,5.363,32.22,SENSING
67540.0,5313.7,-1960.089,-4152.675,4.902,2.097,5.363,32.22,LISTENING
67550.44,5364.509,-1938.114,-4096.45,4.838,2.121,5.413,32.22,SENSING
67550.44,5364.509,-1938.114,-4096.45,4.838,2.121,5.413,32.22,LISTENING
67560.0,5410.446,-1917.778,-4044.514,4.779,2.142,5.458,32.22,SENSING
67560.0,5410.446,-1917.778,-4044.514,4.779,2.142,5.458,32.22,LISTENING
67568.57,5451.143,-1899.377,-3997.594,4.725,2.161,5.497,32.22,SENSING
67568.57,5451.143,-1899.377,-3997.594,4.725,2.161,5.497,32.22,LISTENING
67600.0,5596.43,-1830.535,-3822.66,4.526,2.228,5.639,32.22,SENSING
67600.0,5596.43,-1830.535,-3822.66,4.526,2.228,5.639,32.22,LISTENING
67610.0,5641.33,-1808.192,-3766.08,4.461,2.249,5.683,32.22,SENSING
67610.0,5641.33,-1808.192,-3766.08,4.461,2.249,5.683,32.22,LISTENING
67617.05,5672.595,-1792.316,-3725.931,4.415,2.264,5.713,32.22,SENSING
67617.05,5672.595,-1792.316,-3725.931,4.415,2.264,5.713,32.22,LISTENING
67620.0,5685.581,-1785.642,-3709.068,4.396,2.27,5.726,32.22,SENSING
67620.0,5685.581,-1785.642,-3709.068,4.396,2.27,5.726,32.22,LISTENING
67628.68,5723.461,-1765.902,-3659.234,4.339,2.287,5.763,32.22,SENSING
67628.68,5723.461,-1765.902,-3659.234,4.339,2.287,5.763,32.22,LISTENING
67640.0,5772.115,-1739.929,-3593.767,4.264,2.31,5.81,32.22,SENSING
67640.0,5772.115,-1739.929,-3593.767,4.264,2.31,5.81,32.22,LISTENING
67648.66,5808.761,-1719.886,-3543.326,4.206,2.327,5.845,32.22,SENSING
67648.66,5808.761,-1719.886,-3543.326,4.206,2.327,5.845,32.22,LISTENING
67660.0,5855.99,-1693.416,-3476.812,4.13,2.35,5.891,32.22,SENSING
67660.0,5855.99,-1693.416,-3476.812,4.13,2.35,5.891,32.22,LISTENING
67693.27,5989.522,-1614.328,-3278.733,3.903,2.413,6.021,32.22,SENSING
67693.27,5989.522,-1614.328,-3278.733,3.903,2.413,6.021,32.22,LISTENING
67700.0,6015.61,-1598.076,-3238.147,3.856,2.426,6.046,32.22,SENSING
67700.0,6015.61,-1598.076,-3238.147,3.856,2.426,6.046,32.22,LISTENING
68062.55,6926.869,-622.86,-859.619,1.109,2.896,6.916,32.22,SENSING
68062.55,6926.869,-622.86,-859.619,1.109,2.896,6.916,32.22,LISTENING
68070.0,6934.904,-601.302,-808.097,1.05,2.902,6.923,32.22,SENSING
68070.0,6934.904,-601.302,-808.097,1.05,2.902,6.923,32.22,LISTENING
68200.07,7003.122,-219.944,96.856,-0.001,2.963,6.976,32.22,SENSING
68200.07,7003.122,-219.944,96.856,-0.001,2.963,6.976,32.22,LISTENING
68250.0,6992.948,-72.0,444.705,-0.406,2.972,6.961,32.22,SENSING
68250.0,6992.948,-72.0,444.705,-0.406,2.972,6.961,32.22,LISTENING
68850.71,5358.332,1603.756,4250.315,-4.844,2.423,5.275,32.22,SENSING
68850.71,5358.332,1603.756,4250.315,-4.844,2.423,5.275,32.22,MANEUVERING
68850.71,5358.332,1603.756,4250.315,-4.844,2.423,5.275,32.22,LISTENING
68876.44,5231.757,1665.381,4384.347,-5.001,2.375,5.148,6.49,MANEUVERING
68876.44,5231.757,1665.381,4384.347,-5.001,2.375,5.148,6.49,SENSING
68876.44,5231.757,1665.381,4384.347,-5.001,2.375,5.148,6.49,MANEUVERING
68876.44,5231.757,1665.381,4384.347,-5.001,2.375,5.148,6.49,LISTENING
68910.0,5060.706,1743.855,4554.144,-5.199,2.309,4.975,-27.07,MANEUVERING
68910.0,5060.706,1743.855,4554.144,-5.199,2.309,4.975,-27.07,SENSING
68910.0,5060.706,1743.855,4554.144,-5.199,2.309,4.975,-27.07,MEASURING
68910.0,5060.706,1743.855,4554.144,-5.199,2.309,4.975,-27.07,SENSING
68910.0,5060.706,1743.855,4554.144,-5.199,2.309,4.975,-27.07,LISTENING
68916.54,5026.604,1758.89,4586.555,-5.237,2.296,4.941,-27.07,SENSING
68916.54,5026.604,1758.89,4586.555,-5.237,2.296,4.941,-27.07,MANEUVERING
68916.54,5026.604,1758.89,4586.555,-5.237,2.296,4.941,-27.07,LISTENING
68920.0,5008.463,1766.809,4603.611,-5.257,2.289,4.923,-23.61,MANEUVERING
68920.0,5008.463,1766.809,4603.611,-5.257,2.289,4.923,-23.61,SENSING
68920.0,5008.463,1766.809,4603.611,-5.257,2.289,4.923,-23.61,MEASURING
68920.0,5008.463,1766.809,4603.611,-5.257,2.289,4.923,-23.61,SENSING
68920.0,5008.463,1766.809,4603.611,-5.257,2.289,4.923,-23.61,LISTENING
68929.36,4959.044,1788.11,4649.434,-5.31,2.27,4.873,-23.61,SENSING
68929.36,4959.044,1788.11,4649.434,-5.31,2.27,4.873,-23.61,MANEUVERING
68929.36,4959.044,1788.11,4649.434,-5.31,2.27,4.873,-23.61,LISTENING
68940.0,4902.261,1812.107,4700.956,-5.37,2.248,4.816,-12.97,MANEUVERING
68940.0,4902.261,1812.107,4700.956,-5.37,2.248,4.816,-12.97,SENSING
68940.0,4902.261,1812.107,4700.956,-5.37,2.248,4.816,-12.97,MEASURING
68940.0,4902.261,1812.107,4700.956,-5.37,2.248,4.816,-12.97,SENSING
68940.0,4902.261,1812.107,4700.956,-5.37,2.248,4.816,-12.97,LISTENING
68950.0,4848.315,1834.447,4748.823,-5.426,2.227,4.762,-12.97,SENSING
68950.0,4848.315,1834.447,4748.823,-5.426,2.227,4.762,-12.97,LISTENING
68966.99,4755.389,1871.92,4828.898,-5.52,2.191,4.669,-12.97,SENSING
68966.99,4755.389,1871.92,4828.898,-5.52,2.191,4.669,-12.97,LISTENING
68974.96,4711.255,1889.286,4865.913,-5.563,2.174,4.624,-12.97,SENSING
68974.96,4711.255,1889.286,4865.913,-5.563,2.174,4.624,-12.97,MANEUVERING
68974.96,4711.255,1889.286,4865.913,-5.563,2.174,4.624,-12.97,LISTENING
68980.0,4683.168,1900.198,4889.137,-5.59,2.163,4.596,-18.01,MANEUVERING
68980.0,4683.168,1900.198,4889.137,-5.59,2.163,4.596,-18.01,SENSING
68980.0,4683.168,1900.198,4889.137,-5.59,2.163,4.596,-18.01,MEASURING
68980.0,4683.168,1900.198,4889.137,-5.59,2.163,4.596,-18.01,SENSING
68980.0,4683.168,1900.198,4889.137,-5.59,2.163,4.596,-18.01,LISTENING
69012.41,4499.339,1969.034,5035.057,-5.761,2.091,4.412,-18.01,SENSING
69012.41,4499.339,1969.034,5035.057,-5.761,2.091,4.412,-18.01,MANEUVERING
69012.41,4499.339,1969.034,5035.057,-5.761,2.091,4.412,-18.01,LISTENING
69020.0,4455.499,1984.817,5068.361,-5.799,2.074,4.368,-25.6,MANEUVERING
69020.0,4455.499,1984.817,5068.361,-5.799,2.074,4.368,-25.6,SENSING
69020.0,4455.499,1984.817,5068.361,-5.799,2.074,4.368,-25.6,MEASURING
69020.0,4455.499,1984.817,5068.361,-5.799,2.074,4.368,-25.6,SENSING
69020.0,4455.499,1984.817,5068.361,-5.799,2.074,4.368,-25.6,LISTENING
69027.44,4412.24,2000.161,5100.683,-5.837,2.057,4.325,-25.6,SENSING
69027.44,4412.24,2000.161,5100.683,-5.837,2.057,4.325,-25.6,MANEUVERING
69027.44,4412.24,2000.161,5100.683,-5.837,2.057,4.325,-25.6,LISTENING
69030.0,4397.291,2005.411,5111.73,-5.85,2.052,4.31,-23.04,MANEUVERING
69030.0,4397.291,2005.411,5111.73,-5.85,2.052,4.31,-23.04,SENSING
69030.0,4397.291,2005.411,5111.73,-5.85,2.052,4.31,-23.04,MEASURING
69030.0,4397.291,2005.411,5111.73,-5.85,2.052,4.31,-23.04,SENSING
69030.0,4397.291,2005.411,5111.73,-5.85,2.052,4.31,-23.04,LISTENING
69138.98,3731.836,2214.55,5545.474,-6.357,1.789,3.646,-23.04,SENSING
69138.98,3731.836,2214.55,5545.474,-6.357,1.789,3.646,-23.04,MANEUVERING
69138.98,3731.836,2214.55,5545.474,-6.357,1.789,3.646,-23.04,LISTENING
69150.0,3661.577,2234.077,5585.243,-6.403,1.761,3.576,-12.02,MANEUVERING
69150.0,3661.577,2234.077,5585.243,-6.403,1.761,3.576,-12.02,SENSING
69150.0,3661.577,2234.077,5585.243,-6.403,1.761,3.576,-12.02,MEASURING
69150.0,3661.577,2234.077,5585.243,-6.403,1.761,3.576,-12.02,SENSING
69150.0,3661.577,2234.077,5585.243,-6.403,1.761,3.576,-12.02,LISTENING
69210.54,3266.826,2335.78,5789.789,-6.642,1.603,3.183,-12.02,SENSING
69210.54,3266.826,2335.78,5789.789,-6.642,1.603,3.183,-12.02,MANEUVERING
69210.54,3266.826,2335.78,5789.789,-6.642,1.603,3.183,-12.02,LISTENING
69230.0,3136.963,2366.427,5850.447,-6.713,1.551,3.054,-31.48,MANEUVERING
69230.0,3136.963,2366.427,5850.447,-6.713,1.551,3.054,-31.48,SENSING
69230.0,3136.963,2366.427,5850.447,-6.713,1.551,3.054,-31.48,MEASURING
69230.0,3136.963,2366.427,5850.447,-6.713,1.551,3.054,-31.48,SENSING
69230.0,3136.963,2366.427,5850.447,-6.713,1.551,3.054,-31.48,LISTENING
69245.38,3033.369,2389.93,5896.605,-6.767,1.51,2.951,-31.48,SENSING
69245.38,3033.369,2389.93,5896.605,-6.767,1.51,2.951,-31.48,MANEUVERING
69245.38,3033.369,2389.93,5896.605,-6.767,1.51,2.951,-31.48,LISTENING
69260.0,2934.137,2411.678,5939.013,-6.817,1.47,2.853,-16.86,MANEUVERING
69260.0,2934.137,2411.678,5939.013,-6.817,1.47,2.853,-16.86,SENSING
69260.0,2934.137,2411.678,5939.013,-6.817,1.47,2.853,-16.86,MEASURING
69260.0,2934.137,2411.678,5939.013,-6.817,1.47,2.853,-16.86,SENSING
69260.0,2934.137,2411.678,5939.013,-6.817,1.47,2.853,-16.86,LISTENING
69273.16,2844.205,2430.754,5975.951,-6.86,1.434,2.764,-16.86,SENSING
69273.16,2844.205,2430.754,5975.951,-6.86,1.434,2.764,-16.86,MANEUVERING
69273.16,2844.205,2430.754,5975.951,-6.86,1.434,2.764,-16.86,LISTENING
69280.0,2797.241,2440.48,5994.687,-6.882,1.415,2.717,-23.7,MANEUVERING
69280.0,2797.241,2440.48,5994.687,-6.882,1.415,2.717,-23.7,SENSING
69280.0,2797.241,2440.48,5994.687,-6.882,1.415,2.717,-23.7,MEASURING
69280.0,2797.241,2440.48,5994.687,-6.882,1.415,2.717,-23.7,SENSING
69280.0,2797.241,2440.48,5994.687,-6.882,1.415,2.717,-23.7,LISTENING
69285.81,2757.231,2448.641,6010.35,-6.9,1.399,2.678,-23.7,SENSING
69285.81,2757.231,2448.641,6010.35,-6.9,1.399,2.678,-23.7,MANEUVERING
69285.81,2757.231,2448.641,6010.35,-6.9,1.399,2.678,-23.7,LISTENING
69290.0,2728.312,2454.468,6021.504,-6.913,1.387,2.649,-19.51,MANEUVERING
69290.0,2728.312,2454.468,6021.504,-6.913,1.387,2.649,-19.51,SENSING
69290.0,2728.312,2454.468,6021.504,-6.913,1.387,2.649,-19.51,MEASURING
69290.0,2728.312,2454.468,6021.504,-6.913,1.387,2.649,-19.51,SENSING
69290.0,2728.312,2454.468,6021.504,-6.913,1.387,2.649,-19.51,LISTENING
69293.68,2702.868,2459.545,6031.2,-6.925,1.377,2.624,-19.51,SENSING
69293.68,2702.868,2459.545,6031.2,-6.925,1.377,2.624,-19.51,LISTENING
69312.61,2571.335,2485.066,6079.612,-6.981,1.324,2.494,-19.51,SENSING
69312.61,2571.335,2485.066,6079.612,-6.981,1.324,2.494,-19.51,MANEUVERING
69312.61,2571.335,2485.066,6079.612,-6.981,1.324,2.494,-19.51,LISTENING
69320.0,2519.7,2494.756,6097.841,-7.003,1.303,2.442,-12.12,MANEUVERING
69320.0,2519.7,2494.756,6097.841,-7.003,1.303,2.442,-12.12,SENSING
69320.0,2519.7,2494.756,6097.841,-7.003,1.303,2.442,-12.12,MEASURING
69320.0,2519.7,2494.756,6097.841,-7.003,1.303,2.442,-12.12,SENSING
69320.0,2519.7,2494.756,6097.841,-7.003,1.303,2.442,-12.12,LISTENING
69330.0,2449.58,2507.623,6121.907,-7.031,1.275,2.373,-12.12,SENSING
69330.0,2449.58,2507.623,6121.907,-7.031,1.275,2.373,-12.12,LISTENING
69340.0,2379.183,2520.206,6145.279,-7.058,1.246,2.304,-12.12,SENSING
69340.0,2379.183,2520.206,6145.279,-7.058,1.246,2.304,-12.12,LISTENING
69340.0,2379.183,2520.206,6145.279,-7.058,1.246,2.304,-12.12,SENSING
69340.0,2379.183,2520.206,6145.279,-7.058,1.246,2.304,-12.12,LISTENING
69357.81,2253.144,2541.911,6185.176,-7.105,1.195,2.179,-12.12,SENSING
69357.81,2253.144,2541.911,6185.176,-7.105,1.195,2.179,-12.12,LISTENING
69370.0,2166.407,2556.241,6211.203,-7.136,1.16,2.093,-12.12,SENSING
69370.0,2166.407,2556.241,6211.203,-7.136,1.16,2.093,-12.12,LISTENING
69372.51,2148.501,2559.139,6216.432,-7.142,1.153,2.076,-12.12,SENSING
69372.51,2148.501,2559.139,6216.432,-7.142,1.153,2.076,-12.12,MANEUVERING
69372.51,2148.501,2559.139,6216.432,-7.142,1.153,2.076,-12.12,LISTENING
69380.0,2094.98,2567.677,6231.773,-7.16,1.131,2.023,-4.63,MANEUVERING
69380.0,2094.98,2567.677,6231.773,-7.16,1.131,2.023,-4.63,SENSING
69380.0,2094.98,2567.677,6231.773,-7.16,1.131,2.023,-4.63,MEASURING
69380.0,2094.98,2567.677,6231.773,-7.16,1.131,2.023,-4.63,SENSING
69380.0,2094.98,2567.677,6231.773,-7.16,1.131,2.023,-4.63,LISTENING
69381.59,2083.601,2569.468,6234.979,-7.164,1.126,2.012,-4.63,SENSING
69381.59,2083.601,2569.468,6234.979,-7.164,1.126,2.012,-4.63,LISTENING
69386.22,2050.432,2574.643,6244.212,-7.174,1.113,1.979,-4.63,SENSING
69386.22,2050.432,2574.643,6244.212,-7.174,1.113,1.979,-4.63,MANEUVERING
69386.22,2050.432,2574.643,6244.212,-7.174,1.113,1.979,-4.63,LISTENING
69390.0,2023.315,2578.822,6251.638,-7.183,1.102,1.952,-8.41,MANEUVERING
69390.0,2023.315,2578.822,6251.638,-7.183,1.102,1.952,-8.41,SENSING
69390.0,2023.315,2578.822,6251.638,-7.183,1.102,1.952,-8.41,MEASURING
69390.0,2023.315,2578.822,6251.638,-7.183,1.102,1.952,-8.41,SENSING
69390.0,2023.315,2578.822,6251.638,-7.183,1.102,1.952,-8.41,LISTENING
69397.34,1970.568,2586.818,6265.769,-7.2,1.08,1.9,-8.41,SENSING
69397.34,1970.568,2586.818,6265.769,-7.2,1.08,1.9,-8.41,MANEUVERING
69397.34,1970.568,2586.818,6265.769,-7.2,1.08,1.9,-8.41,LISTENING
69400.0,1951.422,2589.677,6270.795,-7.206,1.072,1.881,-11.07,MANEUVERING
69400.0,1951.422,2589.677,6270.795,-7.206,1.072,1.881,-11.07,SENSING
69400.0,1951.422,2589.677,6270.795,-7.206,1.072,1.881,-11.07,MEASURING
69400.0,1951.422,2589.677,6270.795,-7.206,1.072,1.881,-11.07,SENSING
69400.0,1951.422,2589.677,6270.795,-7.206,1.072,1.881,-11.07,LISTENING
69405.0,1915.393,2594.995,6280.108,-7.217,1.058,1.846,-11.07,SENSING
69405.0,1915.393,2594.995,6280.108,-7.217,1.058,1.846,-11.07,LISTENING
69410.0,1879.309,2600.239,6289.242,-7.227,1.043,1.81,-11.07,SENSING
69410.0,1879.309,2600.239,6289.242,-7.227,1.043,1.81,-11.07,MEASURING
69410.0,1879.309,2600.239,6289.242,-7.227,1.043,1.81,-11.07,SENSING
69410.0,1879.309,2600.239,6289.242,-7.227,1.043,1.81,-11.07,LISTENING
69415.01,1843.099,2605.42,6298.217,-7.238,1.028,1.774,-11.07,SENSING
69415.01,1843.099,2605.42,6298.217,-7.238,1.028,1.774,-11.07,MANEUVERING
69415.01,1843.099,2605.42,6298.217,-7.238,1.028,1.774,-11.07,LISTENING
69420.0,1806.982,2610.508,6306.978,-7.248,1.014,1.739,-6.08,MANEUVERING
69420.0,1806.982,2610.508,6306.978,-7.248,1.014,1.739,-6.08,SENSING
69420.0,1806.982,2610.508,6306.978,-7.248,1.014,1.739,-6.08,MEASURING
69420.0,1806.982,2610.508,6306.978,-7.248,1.014,1.739,-6.08,SENSING
69420.0,1806.982,2610.508,6306.978,-7.248,1.014,1.739,-6.08,LISTENING
69430.0,1734.452,2620.482,6324.001,-7.268,0.984,1.667,-6.08,SENSING
69430.0,1734.452,2620.482,6324.001,-7.268,0.984,1.667,-6.08,MEASURING
69430.0,1734.452,2620.482,6324.001,-7.268,0.984,1.667,-6.08,SENSING
69430.0,1734.452,2620.482,6324.001,-7.268,0.984,1.667,-6.08,LISTENING
69440.0,1661.725,2630.161,6340.308,-7.287,0.954,1.596,-6.08,SENSING
69440.0,1661.725,2630.161,6340.308,-7.287,0.954,1.596,-6.08,MEASURING
69440.0,1661.725,2630.161,6340.308,-7.287,0.954,1.596,-6.08,SENSING
69440.0,1661.725,2630.161,6340.308,-7.287,0.954,1.596,-6.08,LISTENING
69460.0,1515.717,2648.628,6370.771,-7.323,0.895,1.452,-6.08,SENSING
69460.0,1515.717,2648.628,6370.771,-7.323,0.895,1.452,-6.08,MEASURING
69460.0,1515.717,2648.628,6370.771,-7.323,0.895,1.452,-6.08,SENSING
69460.0,1515.717,2648.628,6370.771,-7.323,0.895,1.452,-6.08,LISTENING
69470.0,1442.452,2657.414,6384.924,-7.34,0.865,1.38,-6.08,SENSING
69470.0,1442.452,2657.414,6384.924,-7.34,0.865,1.38,-6.08,MEASURING
69470.0,1442.452,2657.414,6384.924,-7.34,0.865,1.38,-6.08,SENSING
69470.0,1442.452,2657.414,6384.924,-7.34,0.865,1.38,-6.08,LISTENING
69480.0,1369.025,2665.901,6398.355,-7.356,0.835,1.308,-6.08,SENSING
69480.0,1369.025,2665.901,6398.355,-7.356,0.835,1.308,-6.08,MEASURING
69480.0,1369.025,2665.901,6398.355,-7.356,0.835,1.308,-6.08,SENSING
69480.0,1369.025,2665.901,6398.355,-7.356,0.835,1.308,-6.08,LISTENING
69487.22,1315.913,2671.842,6407.604,-7.367,0.813,1.256,-6.08,SENSING
69487.22,1315.913,2671.842,6407.604,-7.367,0.813,1.256,-6.08,MANEUVERING
69487.22,1315.913,2671.842,6407.604,-7.367,0.813,1.256,-6.08,LISTENING
69490.0,1295.443,2674.088,6411.065,-7.371,0.805,1.235,-8.86,MANEUVERING
69490.0,1295.443,2674.088,6411.065,-7.371,0.805,1.235,-8.86,SENSING
69490.0,1295.443,2674.088,6411.065,-7.371,0.805,1.235,-8.86,MEASURING
69490.0,1295.443,2674.088,6411.065,-7.371,0.805,1.235,-8.86,SENSING
69490.0,1295.443,2674.088,6411.065,-7.371,0.805,1.235,-8.86,LISTENING
69500.0,1221.714,2681.974,6423.051,-7.385,0.775,1.163,-8.86,SENSING
69500.0,1221.714,2681.974,6423.051,-7.385,0.775,1.163,-8.86,LISTENING
69510.16,1146.665,2689.677,6434.486,-7.399,0.744,1.089,-8.86,SENSING
69510.16,1146.665,2689.677,6434.486,-7.399,0.744,1.089,-8.86,LISTENING
69520.0,1073.853,2696.84,6444.847,-7.411,0.714,1.018,-8.86,SENSING
69520.0,1073.853,2696.84,6444.847,-7.411,0.714,1.018,-8.86,LISTENING
69588.71,562.603,2738.637,6497.545,-7.474,0.504,0.516,-8.86,SENSING
69588.71,562.603,2738.637,6497.545,-7.474,0.504,0.516,-8.86,LISTENING
69620.0,328.63,2752.874,6510.117,-7.49,0.407,0.287,-8.86,SENSING
69620.0,328.63,2752.874,6510.117,-7.49,0.407,0.287,-8.86,LISTENING
69630.0,253.766,2756.788,6512.624,-7.493,0.376,0.214,-8.86,SENSING
69630.0,253.766,2756.788,6512.624,-7.493,0.376,0.214,-8.86,LISTENING
69660.95,21.919,2766.941,6515.748,-7.498,0.28,-0.012,-8.86,SENSING
69660.95,21.919,2766.941,6515.748,-7.498,0.28,-0.012,-8.86,MANEUVERING
69660.95,21.919,2766.941,6515.748,-7.498,0.28,-0.012,-8.86,LISTENING
69676.48,-94.441,2770.918,6514.676,-7.497,0.232,-0.126,6.67,MANEUVERING
69676.48,-94.441,2770.918,6514.676,-7.497,0.232,-0.126,6.67,SENSING
69676.48,-94.441,2770.918,6514.676,-7.497,0.232,-0.126,6.67,MANEUVERING
69676.48,-94.441,2770.918,6514.676,-7.497,0.232,-0.126,6.67,LISTENING
69680.0,-120.813,2771.716,6514.187,-7.497,0.221,-0.152,10.19,MANEUVERING
69680.0,-120.813,2771.716,6514.187,-7.497,0.221,-0.152,10.19,SENSING
69680.0,-120.813,2771.716,6514.187,-7.497,0.221,-0.152,10.19,MEASURING
69680.0,-120.813,2771.716,6514.187,-7.497,0.221,-0.152,10.19,SENSING
69680.0,-120.813,2771.716,6514.187,-7.497,0.221,-0.152,10.19,LISTENING
69689.46,-191.677,2773.669,6512.427,-7.495,0.192,-0.221,10.19,SENSING
69689.46,-191.677,2773.669,6512.427,-7.495,0.192,-0.221,10.19,MANEUVERING
69689.46,-191.677,2773.669,6512.427,-7.495,0.192,-0.221,10.19,LISTENING
69690.0,-195.721,2773.772,6512.307,-7.495,0.19,-0.225,9.65,MANEUVERING
69690.0,-195.721,2773.772,6512.307,-7.495,0.19,-0.225,9.65,SENSING
69690.0,-195.721,2773.772,6512.307,-7.495,0.19,-0.225,9.65,MANEUVERING
69690.0,-195.721,2773.772,6512.307,-7.495,0.19,-0.225,9.65,LISTENING
69696.88,-247.247,2775.006,6510.588,-7.494,0.169,-0.275,2.77,MANEUVERING
69696.88,-247.247,2775.006,6510.588,-7.494,0.169,-0.275,2.77,SENSING
69696.88,-247.247,2775.006,6510.588,-7.494,0.169,-0.275,2.77,MANEUVERING
69696.88,-247.247,2775.006,6510.588,-7.494,0.169,-0.275,2.77,LISTENING
69700.0,-270.608,2775.517,6509.695,-7.493,0.159,-0.298,-0.35,MANEUVERING
69700.0,-270.608,2775.517,6509.695,-7.493,0.159,-0.298,-0.35,SENSING
69700.0,-270.608,2775.517,6509.695,-7.493,0.159,-0.298,-0.35,MANEUVERING
69700.0,-270.608,2775.517,6509.695,-7.493,0.159,-0.298,-0.35,LISTENING
69710.0,-345.465,2776.953,6506.354,-7.489,0.128,-0.371,-10.35,MANEUVERING
69710.0,-345.465,2776.953,6506.354,-7.489,0.128,-0.371,-10.35,SENSING
69710.0,-345.465,2776.953,6506.354,-7.489,0.128,-0.371,-10.35,MEASURING
69710.0,-345.465,2776.953,6506.354,-7.489,0.128,-0.371,-10.35,SENSING
69710.0,-345.465,2776.953,6506.354,-7.489,0.128,-0.371,-10.35,LISTENING
69716.16,-391.557,2777.683,6503.933,-7.487,0.109,-0.416,-10.35,SENSING
69716.16,-391.557,2777.683,6503.933,-7.487,0.109,-0.416,-10.35,MANEUVERING
69716.16,-391.557,2777.683,6503.933,-7.487,0.109,-0.416,-10.35,LISTENING
69730.0,-495.053,2778.893,6497.485,-7.48,0.066,-0.517,3.49,MANEUVERING
69730.0,-495.053,2778.893,6497.485,-7.48,0.066,-0.517,3.49,SENSING
69730.0,-495.053,2778.893,6497.485,-7.48,0.066,-0.517,3.49,MEASURING
69730.0,-495.053,2778.893,6497.485,-7.48,0.066,-0.517,3.49,SENSING
69730.0,-495.053,2778.893,6497.485,-7.48,0.066,-0.517,3.49,LISTENING
69736.42,-543.027,2779.252,6494.021,-7.476,0.046,-0.563,3.49,SENSING
69736.42,-543.027,2779.252,6494.021,-7.476,0.046,-0.563,3.49,MANEUVERING
69736.42,-543.027,2779.252,6494.021,-7.476,0.046,-0.563,3.49,LISTENING
69740.92,-576.639,2779.427,6491.414,-7.473,0.032,-0.596,-1.01,MANEUVERING
69740.92,-576.639,2779.427,6491.414,-7.473,0.032,-0.596,-1.01,SENSING
69740.92,-576.639,2779.427,6491.414,-7.473,0.032,-0.596,-1.01,MANEUVERING
69740.92,-576.639,2779.427,6491.414,-7.473,0.032,-0.596,-1.01,LISTENING
69750.0,-644.419,2779.59,6485.706,-7.467,0.004,-0.662,-10.09,MANEUVERING
69750.0,-644.419,2779.59,6485.706,-7.467,0.004,-0.662,-10.09,SENSING
69750.0,-644.419,2779.59,6485.706,-7.467,0.004,-0.662,-10.09,MANEUVERING
69750.0,-644.419,2779.59,6485.706,-7.467,0.004,-0.662,-10.09,LISTENING
69750.0,-644.419,2779.59,6485.706,-7.467,0.004,-0.662,-10.09,MANEUVERING
69750.0,-644.419,2779.59,6485.706,-7.467,0.004,-0.662,-10.09,SENSING
69750.0,-644.419,2779.59,6485.706,-7.467,0.004,-0.662,-10.09,MESSAGING
69750.0,-644.419,2779.59,6485.706,-7.467,0.004,-0.662,-10.09,SENSING
69750.0,-644.419,2779.59,6485.706,-7.467,0.004,-0.662,-10.09,MANEUVERING
69750.0,-644.419,2779.59,6485.706,-7.467,0.004,-0.662,-10.09,LISTENING
69750.0,-644.419,2779.59,6485.706,-7.467,0.004,-0.662,-10.09,MANEUVERING
69750.0,-644.419,2779.59,6485.706,-7.467,0.004,-0.662,-10.09,SENSING
69750.0,-644.419,2779.59,6485.706,-7.467,0.004,-0.662,-10.09,MANEUVERING
69750.0,-644.419,2779.59,6485.706,-7.467,0.004,-0.662,-10.09,LISTENING
69750.0,-644.419,2779.59,6485.706,-7.467,0.004,-0.662,-10.09,MANEUVERING
69750.0,-644.419,2779.59,6485.706,-7.467,0.004,-0.662,-10.09,SENSING
69750.0,-644.419,2779.59,6485.706,-7.467,0.004,-0.662,-10.09,MANEUVERING
69750.0,-644.419,2779.59,6485.706,-7.467,0.004,-0.662,-10.09,LISTENING
69755.65,-686.566,2779.563,6481.851,-7.463,-0.014,-0.703,-15.74,MANEUVERING
69755.65,-686.566,2779.563,6481.851,-7.463,-0.014,-0.703,-15.74,SENSING
69755.65,-686.566,2779.563,6481.851,-7.463,-0.014,-0.703,-15.74,MANEUVERING
69755.65,-686.566,2779.563,6481.851,-7.463,-0.014,-0.703,-15.74,LISTENING
69760.0,-718.998,2779.474,6478.726,-7.459,-0.028,-0.735,-20.09,MANEUVERING
69760.0,-718.998,2779.474,6478.726,-7.459,-0.028,-0.735,-20.09,SENSING
69760.0,-718.998,2779.474,6478.726,-7.459,-0.028,-0.735,-20.09,MANEUVERING
69760.0,-718.998,2779.474,6478.726,-7.459,-0.028,-0.735,-20.09,LISTENING
69766.67,-768.698,2779.224,6473.668,-7.454,-0.048,-0.783,-26.76,MANEUVERING
69766.67,-768.698,2779.224,6473.668,-7.454,-0.048,-0.783,-26.76,SENSING
69766.67,-768.698,2779.224,6473.668,-7.454,-0.048,-0.783,-26.76,MANEUVERING
69766.67,-768.698,2779.224,6473.668,-7.454,-0.048,-0.783,-26.76,LISTENING
69770.0,-793.497,2779.047,6471.022,-7.451,-0.059,-0.807,-30.09,MANEUVERING
69770.0,-793.497,2779.047,6471.022,-7.451,-0.059,-0.807,-30.09,SENSING
69770.0,-793.497,2779.047,6471.022,-7.451,-0.059,-0.807,-30.09,MEASURING
69770.0,-793.497,2779.047,6471.022,-7.451,-0.059,-0.807,-30.09,SENSING
69770.0,-793.497,2779.047,6471.022,-7.451,-0.059,-0.807,-30.09,LISTENING
69775.72,-836.071,2778.664,6466.29,-7.446,-0.076,-0.848,-30.09,SENSING
69775.72,-836.071,2778.664,6466.29,-7.446,-0.076,-0.848,-30.09,LISTENING
69780.0,-867.907,2778.31,6462.594,-7.442,-0.09,-0.879,-30.09,SENSING
69780.0,-867.907,2778.31,6462.594,-7.442,-0.09,-0.879,-30.09,MEASURING
69780.0,-867.907,2778.31,6462.594,-7.442,-0.09,-0.879,-30.09,SENSING
69780.0,-867.907,2778.31,6462.594,-7.442,-0.09,-0.879,-30.09,LISTENING
69786.31,-914.81,2777.686,6456.904,-7.435,-0.109,-0.925,-30.09,SENSING
69786.31,-914.81,2777.686,6456.904,-7.435,-0.109,-0.925,-30.09,LISTENING
69790.0,-942.22,2777.264,6453.443,-7.431,-0.121,-0.952,-30.09,SENSING
69790.0,-942.22,2777.264,6453.443,-7.431,-0.121,-0.952,-30.09,LISTENING
69800.0,-1016.427,2775.907,6443.571,-7.421,-0.152,-1.024,-30.09,SENSING
69800.0,-1016.427,2775.907,6443.571,-7.421,-0.152,-1.024,-30.09,LISTENING
69806.7,-1066.083,2774.825,6436.553,-7.413,-0.173,-1.072,-30.09,SENSING
69806.7,-1066.083,2774.825,6436.553,-7.413,-0.173,-1.072,-30.09,MANEUVERING
69806.7,-1066.083,2774.825,6436.553,-7.413,-0.173,-1.072,-30.09,LISTENING
69810.0,-1090.521,2774.242,6432.978,-7.409,-0.183,-1.096,-26.79,MANEUVERING
69810.0,-1090.521,2774.242,6432.978,-7.409,-0.183,-1.096,-26.79,SENSING
69810.0,-1090.521,2774.242,6432.978,-7.409,-0.183,-1.096,-26.79,MANEUVERING
69810.0,-1090.521,2774.242,6432.978,-7.409,-0.183,-1.096,-26.79,LISTENING
69820.0,-1164.493,2772.267,6421.667,-7.396,-0.214,-1.168,-16.79,MANEUVERING
69820.0,-1164.493,2772.267,6421.667,-7.396,-0.214,-1.168,-16.79,SENSING
69820.0,-1164.493,2772.267,6421.667,-7.396,-0.214,-1.168,-16.79,MANEUVERING
69820.0,-1164.493,2772.267,6421.667,-7.396,-0.214,-1.168,-16.79,LISTENING
69830.0,-1238.335,2769.983,6409.639,-7.383,-0.245,-1.239,-6.79,MANEUVERING
69830.0,-1238.335,2769.983,6409.639,-7.383,-0.245,-1.239,-6.79,SENSING
69830.0,-1238.335,2769.983,6409.639,-7.383,-0.245,-1.239,-6.79,MEASURING
69830.0,-1238.335,2769.983,6409.639,-7.383,-0.245,-1.239,-6.79,SENSING
69830.0,-1238.335,2769.983,6409.639,-7.383,-0.245,-1.239,-6.79,LISTENING
69837.46,-1293.332,2768.078,6400.2,-7.372,-0.268,-1.293,-6.79,SENSING
69837.46,-1293.332,2768.078,6400.2,-7.372,-0.268,-1.293,-6.79,LISTENING
69840.0,-1312.039,2767.391,6396.895,-7.369,-0.275,-1.311,-6.79,SENSING
69840.0,-1312.039,2767.391,6396.895,-7.369,-0.275,-1.311,-6.79,LISTENING
69841.01,-1319.475,2767.112,6395.568,-7.367,-0.279,-1.318,-6.79,SENSING
69841.01,-1319.475,2767.112,6395.568,-7.367,-0.279,-1.318,-6.79,MANEUVERING
69841.01,-1319.475,2767.112,6395.568,-7.367,-0.279,-1.318,-6.79,LISTENING
69850.0,-1385.597,2764.491,6383.437,-7.353,-0.306,-1.382,2.2,MANEUVERING
69850.0,-1385.597,2764.491,6383.437,-7.353,-0.306,-1.382,2.2,SENSING
69850.0,-1385.597,2764.491,6383.437,-7.353,-0.306,-1.382,2.2,MANEUVERING
69850.0,-1385.597,2764.491,6383.437,-7.353,-0.306,-1.382,2.2,LISTENING
69860.0,-1459.0,2761.283,6369.267,-7.338,-0.337,-1.453,12.2,MANEUVERING
69860.0,-1459.0,2761.283,6369.267,-7.338,-0.337,-1.453,12.2,SENSING
69860.0,-1459.0,2761.283,6369.267,-7.338,-0.337,-1.453,12.2,MANEUVERING
69860.0,-1459.0,2761.283,6369.267,-7.338,-0.337,-1.453,12.2,LISTENING
69870.0,-1532.24,2757.767,6354.386,-7.321,-0.368,-1.524,22.2,MANEUVERING
69870.0,-1532.24,2757.767,6354.386,-7.321,-0.368,-1.524,22.2,SENSING
69870.0,-1532.24,2757.767,6354.386,-7.321,-0.368,-1.524,22.2,MANEUVERING
69870.0,-1532.24,2757.767,6354.386,-7.321,-0.368,-1.524,22.2,LISTENING
69874.96,-1568.504,2755.91,6346.742,-7.312,-0.383,-1.559,27.16,MANEUVERING
69874.96,-1568.504,2755.91,6346.742,-7.312,-0.383,-1.559,27.16,SENSING
69874.96,-1568.504,2755.91,6346.742,-7.312,-0.383,-1.559,27.16,MANEUVERING
69874.96,-1568.504,2755.91,6346.742,-7.312,-0.383,-1.559,27.16,LISTENING
69880.0,-1605.309,2753.946,6338.797,-7.303,-0.399,-1.595,32.2,MANEUVERING
69880.0,-1605.309,2753.946,6338.797,-7.303,-0.399,-1.595,32.2,SENSING
69880.0,-1605.309,2753.946,6338.797,-7.303,-0.399,-1.595,32.2,MEASURING
69880.0,-1605.309,2753.946,6338.797,-7.303,-0.399,-1.595,32.2,SENSING
69880.0,-1605.309,2753.946,6338.797,-7.303,-0.399,-1.595,32.2,LISTENING
69890.0,-1678.2,2749.818,6322.501,-7.285,-0.429,-1.666,32.2,SENSING
69890.0,-1678.2,2749.818,6322.501,-7.285,-0.429,-1.666,32.2,MEASURING
69890.0,-1678.2,2749.818,6322.501,-7.285,-0.429,-1.666,32.2,SENSING
69890.0,-1678.2,2749.818,6322.501,-7.285,-0.429,-1.666,32.2,LISTENING
69963.09,-2204.767,2710.404,6182.139,-7.127,-0.651,-2.175,32.2,SENSING
69963.09,-2204.767,2710.404,6182.139,-7.127,-0.651,-2.175,32.2,LISTENING
69998.92,-2458.309,2685.199,6099.858,-7.034,-0.759,-2.42,32.2,SENSING
69998.92,-2458.309,2685.199,6099.858,-7.034,-0.759,-2.42,32.2,MANEUVERING
69998.92,-2458.309,2685.199,6099.858,-7.034,-0.759,-2.42,32.2,LISTENING
70000.0,-2465.898,2684.38,6097.242,-7.031,-0.762,-2.427,31.12,MANEUVERING
70000.0,-2465.898,2684.38,6097.242,-7.031,-0.762,-2.427,31.12,SENSING
70000.0,-2465.898,2684.38,6097.242,-7.031,-0.762,-2.427,31.12,MANEUVERING
70000.0,-2465.898,2684.38,6097.242,-7.031,-0.762,-2.427,31.12,LISTENING
70000.0,-2465.898,2684.38,6097.242,-7.031,-0.762,-2.427,31.12,MANEUVERING
70000.0,-2465.898,2684.38,6097.242,-7.031,-0.762,-2.427,31.12,SENSING
70000.0,-2465.898,2684.38,6097.242,-7.031,-0.762,-2.427,31.12,MESSAGING
70000.0,-2465.898,2684.38,6097.242,-7.031,-0.762,-2.427,31.12,MESSAGING
70000.0,-2465.898,2684.38,6097.242,-7.031,-0.762,-2.427,31.12,SENSING
70000.0,-2465.898,2684.38,6097.242,-7.031,-0.762,-2.427,31.12,MANEUVERING
70000.0,-2465.898,2684.38,6097.242,-7.031,-0.762,-2.427,31.12,LISTENING
70000.0,-2465.898,2684.38,6097.242,-7.031,-0.762,-2.427,31.12,MANEUVERING
70000.0,-2465.898,2684.38,6097.242,-7.031,-0.762,-2.427,31.12,SENSING
70000.0,-2465.898,2684.38,6097.242,-7.031,-0.762,-2.427,31.12,MESSAGING
70000.0,-2465.898,2684.38,6097.242,-7.031,-0.762,-2.427,31.12,MESSAGING
70000.0,-2465.898,2684.38,6097.242,-7.031,-0.762,-2.427,31.12,SENSING
70000.0,-2465.898,2684.38,6097.242,-7.031,-0.762,-2.427,31.12,MANEUVERING
70000.0,-2465.898,2684.38,6097.242,-7.031,-0.762,-2.427,31.12,LISTENING
70000.0,-2465.898,2684.38,6097.242,-7.031,-0.762,-2.427,31.12,MANEUVERING
70000.0,-2465.898,2684.38,6097.242,-7.031,-0.762,-2.427,31.12,SENSING
70000.0,-2465.898,2684.38,6097.242,-7.031,-0.762,-2.427,31.12,MANEUVERING
70000.0,-2465.898,2684.38,6097.242,-7.031,-0.762,-2.427,31.12,LISTENING
70000.0,-2465.898,2684.38,6097.242,-7.031,-0.762,-2.427,31.12,MANEUVERING
70000.0,-2465.898,2684.38,6097.242,-7.031,-0.762,-2.427,31.12,SENSING
70000.0,-2465.898,2684.38,6097.242,-7.031,-0.762,-2.427,31.12,MANEUVERING
70000.0,-2465.898,2684.38,6097.242,-7.031,-0.762,-2.427,31.12,LISTENING
70010.0,-2536.021,2676.63,6072.646,-7.003,-0.792,-2.495,21.12,MANEUVERING
70010.0,-2536.021,2676.63,6072.646,-7.003,-0.792,-2.495,21.12,SENSING
70010.0,-2536.021,2676.63,6072.646,-7.003,-0.792,-2.495,21.12,MANEUVERING
70010.0,-2536.021,2676.63,6072.646,-7.003,-0.792,-2.495,21.12,LISTENING
70014.44,-2567.065,2673.094,6061.51,-6.991,-0.805,-2.525,16.68,MANEUVERING
70014.44,-2567.065,2673.094,6061.51,-6.991,-0.805,-2.525,16.68,SENSING
70014.44,-2567.065,2673.094,6061.51,-6.991,-0.805,-2.525,16.68,MANEUVERING
70014.44,-2567.065,2673.094,6061.51,-6.991,-0.805,-2.525,16.68,LISTENING
70020.0,-2605.862,2668.583,6047.376,-6.975,-0.821,-2.562,11.12,MANEUVERING
70020.0,-2605.862,2668.583,6047.376,-6.975,-0.821,-2.562,11.12,SENSING
70020.0,-2605.862,2668.583,6047.376,-6.975,-0.821,-2.562,11.12,MANEUVERING
70020.0,-2605.862,2668.583,6047.376,-6.975,-0.821,-2.562,11.12,LISTENING
70025.71,-2645.611,2663.856,6032.646,-6.958,-0.838,-2.6,5.41,MANEUVERING
70025.71,-2645.611,2663.856,6032.646,-6.958,-0.838,-2.6,5.41,SENSING
70025.71,-2645.611,2663.856,6032.646,-6.958,-0.838,-2.6,5.41,MANEUVERING
70025.71,-2645.611,2663.856,6032.646,-6.958,-0.838,-2.6,5.41,LISTENING
70030.0,-2675.413,2660.241,6021.435,-6.945,-0.851,-2.629,1.12,MANEUVERING
70030.0,-2675.413,2660.241,6021.435,-6.945,-0.851,-2.629,1.12,SENSING
70030.0,-2675.413,2660.241,6021.435,-6.945,-0.851,-2.629,1.12,MEASURING
70030.0,-2675.413,2660.241,6021.435,-6.945,-0.851,-2.629,1.12,SENSING
70030.0,-2675.413,2660.241,6021.435,-6.945,-0.851,-2.629,1.12,LISTENING
70036.31,-2719.148,2654.826,6004.722,-6.927,-0.869,-2.671,1.12,SENSING
70036.31,-2719.148,2654.826,6004.722,-6.927,-0.869,-2.671,1.12,MANEUVERING
70036.31,-2719.148,2654.826,6004.722,-6.927,-0.869,-2.671,1.12,LISTENING
70040.0,-2744.668,2651.605,5994.826,-6.915,-0.88,-2.696,-2.57,MANEUVERING
70040.0,-2744.668,2651.605,5994.826,-6.915,-0.88,-2.696,-2.57,SENSING
70040.0,-2744.668,2651.605,5994.826,-6.915,-0.88,-2.696,-2.57,MANEUVERING
70040.0,-2744.668,2651.605,5994.826,-6.915,-0.88,-2.696,-2.57,LISTENING
70050.0,-2813.618,2642.675,5967.551,-6.885,-0.91,-2.762,-12.57,MANEUVERING
70050.0,-2813.618,2642.675,5967.551,-6.885,-0.91,-2.762,-12.57,SENSING
70050.0,-2813.618,2642.675,5967.551,-6.885,-0.91,-2.762,-12.57,MEASURING
70050.0,-2813.618,2642.675,5967.551,-6.885,-0.91,-2.762,-12.57,SENSING
70050.0,-2813.618,2642.675,5967.551,-6.885,-0.91,-2.762,-12.57,LISTENING
70050.0,-2813.618,2642.675,5967.551,-6.885,-0.91,-2.762,-12.57,SENSING
70050.0,-2813.618,2642.675,5967.551,-6.885,-0.91,-2.762,-12.57,MESSAGING
70050.0,-2813.618,2642.675,5967.551,-6.885,-0.91,-2.762,-12.57,SENSING
70050.0,-2813.618,2642.675,5967.551,-6.885,-0.91,-2.762,-12.57,LISTENING
70050.0,-2813.618,2642.675,5967.551,-6.885,-0.91,-2.762,-12.57,SENSING
70050.0,-2813.618,2642.675,5967.551,-6.885,-0.91,-2.762,-12.57,LISTENING
70050.0,-2813.618,2642.675,5967.551,-6.885,-0.91,-2.762,-12.57,SENSING
70050.0,-2813.618,2642.675,5967.551,-6.885,-0.91,-2.762,-12.57,LISTENING
70050.0,-2813.618,2642.675,5967.551,-6.885,-0.91,-2.762,-12.57,SENSING
70050.0,-2813.618,2642.675,5967.551,-6.885,-0.91,-2.762,-12.57,LISTENING
70056.23,-2856.417,2636.964,5950.224,-6.865,-0.928,-2.803,-12.57,SENSING
70056.23,-2856.417,2636.964,5950.224,-6.865,-0.928,-2.803,-12.57,LISTENING
70060.0,-2882.256,2633.453,5939.615,-6.853,-0.939,-2.828,-12.57,SENSING
70060.0,-2882.256,2633.453,5939.615,-6.853,-0.939,-2.828,-12.57,LISTENING
70070.0,-2950.575,2623.939,5911.02,-6.821,-0.968,-2.894,-12.57,SENSING
70070.0,-2950.575,2623.939,5911.02,-6.821,-0.968,-2.894,-12.57,LISTENING
70070.0,-2950.575,2623.939,5911.02,-6.821,-0.968,-2.894,-12.57,SENSING
70070.0,-2950.575,2623.939,5911.02,-6.821,-0.968,-2.894,-12.57,MESSAGING
70070.0,-2950.575,2623.939,5911.02,-6.821,-0.968,-2.894,-12.57,SENSING
70070.0,-2950.575,2623.939,5911.02,-6.821,-0.968,-2.894,-12.57,LISTENING
70070.0,-2950.575,2623.939,5911.02,-6.821,-0.968,-2.894,-12.57,SENSING
70070.0,-2950.575,2623.939,5911.02,-6.821,-0.968,-2.894,-12.57,LISTENING
70070.0,-2950.575,2623.939,5911.02,-6.821,-0.968,-2.894,-12.57,SENSING
70070.0,-2950.575,2623.939,5911.02,-6.821,-0.968,-2.894,-12.57,LISTENING
70074.76,-2982.98,2619.309,5897.178,-6.805,-0.982,-2.925,-12.57,SENSING
70074.76,-2982.98,2619.309,5897.178,-6.805,-0.982,-2.925,-12.57,LISTENING
70080.0,-3018.567,2614.135,5881.769,-6.788,-0.997,-2.959,-12.57,SENSING
70080.0,-3018.567,2614.135,5881.769,-6.788,-0.997,-2.959,-12.57,LISTENING
70085.71,-3057.241,2608.408,5864.775,-6.768,-1.014,-2.996,-12.57,SENSING
70085.71,-3057.241,2608.408,5864.775,-6.768,-1.014,-2.996,-12.57,LISTENING
70090.0,-3086.224,2604.043,5851.867,-6.754,-1.026,-3.024,-12.57,SENSING
70090.0,-3086.224,2604.043,5851.867,-6.754,-1.026,-3.024,-12.57,LISTENING
70096.6,-3130.691,2597.224,5831.776,-6.731,-1.045,-3.067,-12.57,SENSING
70096.6,-3130.691,2597.224,5831.776,-6.731,-1.045,-3.067,-12.57,MANEUVERING
70096.6,-3130.691,2597.224,5831.776,-6.731,-1.045,-3.067,-12.57,LISTENING
70097.35,-3135.735,2596.441,5829.475,-6.728,-1.047,-3.072,-13.32,MANEUVERING
70097.35,-3135.735,2596.441,5829.475,-6.728,-1.047,-3.072,-13.32,SENSING
70097.35,-3135.735,2596.441,5829.475,-6.728,-1.047,-3.072,-13.32,MANEUVERING
70097.35,-3135.735,2596.441,5829.475,-6.728,-1.047,-3.072,-13.32,LISTENING
70100.0,-3153.54,2593.662,5821.316,-6.719,-1.055,-3.089,-15.97,MANEUVERING
70100.0,-3153.54,2593.662,5821.316,-6.719,-1.055,-3.089,-15.97,SENSING
70100.0,-3153.54,2593.662,5821.316,-6.719,-1.055,-3.089,-15.97,MANEUVERING
70100.0,-3153.54,2593.662,5821.316,-6.719,-1.055,-3.089,-15.97,LISTENING
70100.0,-3153.54,2593.662,5821.316,-6.719,-1.055,-3.089,-15.97,MANEUVERING
70100.0,-3153.54,2593.662,5821.316,-6.719,-1.055,-3.089,-15.97,SENSING
70100.0,-3153.54,2593.662,5821.316,-6.719,-1.055,-3.089,-15.97,MESSAGING
70100.0,-3153.54,2593.662,5821.316,-6.719,-1.055,-3.089,-15.97,MESSAGING
70100.0,-3153.54,2593.662,5821.316,-6.719,-1.055,-3.089,-15.97,SENSING
70100.0,-3153.54,2593.662,5821.316,-6.719,-1.055,-3.089,-15.97,MANEUVERING
70100.0,-3153.54,2593.662,5821.316,-6.719,-1.055,-3.089,-15.97,LISTENING
70100.0,-3153.54,2593.662,5821.316,-6.719,-1.055,-3.089,-15.97,MANEUVERING
70100.0,-3153.54,2593.662,5821.316,-6.719,-1.055,-3.089,-15.97,SENSING
70100.0,-3153.54,2593.662,5821.316,-6.719,-1.055,-3.089,-15.97,MANEUVERING
70100.0,-3153.54,2593.662,5821.316,-6.719,-1.055,-3.089,-15.97,LISTENING
70100.0,-3153.54,2593.662,5821.316,-6.719,-1.055,-3.089,-15.97,MANEUVERING
70100.0,-3153.54,2593.662,5821.316,-6.719,-1.055,-3.089,-15.97,SENSING
70100.0,-3153.54,2593.662,5821.316,-6.719,-1.055,-3.089,-15.97,MANEUVERING
70100.0,-3153.54,2593.662,5821.316,-6.719,-1.055,-3.089,-15.97,LISTENING
70100.0,-3153.54,2593.662,5821.316,-6.719,-1.055,-3.089,-15.97,MANEUVERING
70100.0,-3153.54,2593.662,5821.316,-6.719,-1.055,-3.089,-15.97,SENSING
70100.0,-3153.54,2593.662,5821.316,-6.719,-1.055,-3.089,-15.97,MESSAGING
70100.0,-3153.54,2593.662,5821.316,-6.719,-1.055,-3.089,-15.97,MESSAGING
70100.0,-3153.54,2593.662,5821.316,-6.719,-1.055,-3.089,-15.97,SENSING
70100.0,-3153.54,2593.662,5821.316,-6.719,-1.055,-3.089,-15.97,MANEUVERING
70100.0,-3153.54,2593.662,5821.316,-6.719,-1.055,-3.089,-15.97,LISTENING
70100.0,-3153.54,2593.662,5821.316,-6.719,-1.055,-3.089,-15.97,MANEUVERING
70100.0,-3153.54,2593.662,5821.316,-6.719,-1.055,-3.089,-15.97,SENSING
70100.0,-3153.54,2593.662,5821.316,-6.719,-1.055,-3.089,-15.97,MANEUVERING
70100.0,-3153.54,2593.662,5821.316,-6.719,-1.055,-3.089,-15.97,LISTENING
70100.0,-3153.54,2593.662,5821.316,-6.719,-1.055,-3.089,-15.97,MANEUVERING
70100.0,-3153.54,2593.662,5821.316,-6.719,-1.055,-3.089,-15.97,SENSING
70100.0,-3153.54,2593.662,5821.316,-6.719,-1.055,-3.089,-15.97,MANEUVERING
70100.0,-3153.54,2593.662,5821.316,-6.719,-1.055,-3.089,-15.97,LISTENING
70100.0,-3153.54,2593.662,5821.316,-6.719,-1.055,-3.089,-15.97,MANEUVERING
70100.0,-3153.54,2593.662,5821.316,-6.719,-1.055,-3.089,-15.97,SENSING
70100.0,-3153.54,2593.662,5821.316,-6.719,-1.055,-3.089,-15.97,MANEUVERING
70100.0,-3153.54,2593.662,5821.316,-6.719,-1.055,-3.089,-15.97,LISTENING
70100.0,-3153.54,2593.662,5821.316,-6.719,-1.055,-3.089,-15.97,MANEUVERING
70100.0,-3153.54,2593.662,5821.316,-6.719,-1.055,-3.089,-15.97,SENSING
70100.0,-3153.54,2593.662,5821.316,-6.719,-1.055,-3.089,-15.97,MANEUVERING
70100.0,-3153.54,2593.662,5821.316,-6.719,-1.055,-3.089,-15.97,LISTENING
70110.0,-3220.506,2582.995,5790.121,-6.684,-1.083,-3.153,-25.97,MANEUVERING
70110.0,-3220.506,2582.995,5790.121,-6.684,-1.083,-3.153,-25.97,SENSING
70110.0,-3220.506,2582.995,5790.121,-6.684,-1.083,-3.153,-25.97,MEASURING
70110.0,-3220.506,2582.995,5790.121,-6.684,-1.083,-3.153,-25.97,SENSING
70110.0,-3220.506,2582.995,5790.121,-6.684,-1.083,-3.153,-25.97,LISTENING
70114.58,-3251.058,2578.014,5775.62,-6.667,-1.096,-3.183,-25.97,SENSING
70114.58,-3251.058,2578.014,5775.62,-6.667,-1.096,-3.183,-25.97,LISTENING
70120.0,-3287.116,2572.043,5758.285,-6.648,-1.112,-3.217,-25.97,SENSING
70120.0,-3287.116,2572.043,5758.285,-6.648,-1.112,-3.217,-25.97,LISTENING
70126.0,-3326.908,2565.335,5738.877,-6.626,-1.129,-3.255,-25.97,SENSING
70126.0,-3326.908,2565.335,5738.877,-6.626,-1.129,-3.255,-25.97,LISTENING
70127.31,-3335.578,2563.857,5734.609,-6.621,-1.133,-3.264,-25.97,SENSING
70127.31,-3335.578,2563.857,5734.609,-6.621,-1.133,-3.264,-25.97,LISTENING
70130.0,-3353.362,2560.807,5725.811,-6.611,-1.14,-3.281,-25.97,SENSING
70130.0,-3353.362,2560.807,5725.811,-6.611,-1.14,-3.281,-25.97,LISTENING
70140.0,-3419.238,2549.288,5692.703,-6.574,-1.168,-3.344,-25.97,SENSING
70140.0,-3419.238,2549.288,5692.703,-6.574,-1.168,-3.344,-25.97,LISTENING
70150.0,-3484.734,2537.487,5658.966,-6.535,-1.197,-3.407,-25.97,SENSING
70150.0,-3484.734,2537.487,5658.966,-6.535,-1.197,-3.407,-25.97,LISTENING
70157.16,-3531.394,2528.866,5634.425,-6.508,-1.217,-3.452,-25.97,SENSING
70157.16,-3531.394,2528.866,5634.425,-6.508,-1.217,-3.452,-25.97,LISTENING
70160.0,-3549.846,2525.407,5624.603,-6.496,-1.225,-3.469,-25.97,SENSING
70160.0,-3549.846,2525.407,5624.603,-6.496,-1.225,-3.469,-25.97,LISTENING
70165.41,-3584.909,2518.756,5605.753,-6.475,-1.24,-3.503,-25.97,SENSING
70165.41,-3584.909,2518.756,5605.753,-6.475,-1.24,-3.503,-25.97,LISTENING
70170.0,-3614.566,2513.048,5589.618,-6.457,-1.252,-3.531,-25.97,SENSING
70170.0,-3614.566,2513.048,5589.618,-6.457,-1.252,-3.531,-25.97,LISTENING
70176.34,-3655.391,2505.069,5567.117,-6.431,-1.27,-3.57,-25.97,SENSING
70176.34,-3655.391,2505.069,5567.117,-6.431,-1.27,-3.57,-25.97,LISTENING
70180.0,-3678.885,2500.413,5554.015,-6.416,-1.28,-3.593,-25.97,SENSING
70180.0,-3678.885,2500.413,5554.015,-6.416,-1.28,-3.593,-25.97,LISTENING
70180.0,-3678.885,2500.413,5554.015,-6.416,-1.28,-3.593,-25.97,SENSING
70180.0,-3678.885,2500.413,5554.015,-6.416,-1.28,-3.593,-25.97,LISTENING
70180.0,-3678.885,2500.413,5554.015,-6.416,-1.28,-3.593,-25.97,SENSING
70180.0,-3678.885,2500.413,5554.015,-6.416,-1.28,-3.593,-25.97,MESSAGING
70180.0,-3678.885,2500.413,5554.015,-6.416,-1.28,-3.593,-25.97,MESSAGING
70180.0,-3678.885,2500.413,5554.015,-6.416,-1.28,-3.593,-25.97,MESSAGING
70180.0,-3678.885,2500.413,5554.015,-6.416,-1.28,-3.593,-25.97,SENSING
70180.0,-3678.885,2500.413,5554.015,-6.416,-1.28,-3.593,-25.97,LISTENING
70180.0,-3678.885,2500.413,5554.015,-6.416,-1.28,-3.593,-25.97,SENSING
70180.0,-3678.885,2500.413,5554.015,-6.416,-1.28,-3.593,-25.97,LISTENING
70186.64,-3721.37,2491.87,5530.035,-6.389,-1.298,-3.634,-25.97,SENSING
70186.64,-3721.37,2491.87,5530.035,-6.389,-1.298,-3.634,-25.97,MANEUVERING
70186.64,-3721.37,2491.87,5530.035,-6.389,-1.298,-3.634,-25.97,LISTENING
70190.0,-3742.799,2487.501,5517.798,-6.375,-1.308,-3.654,-22.61,MANEUVERING
70190.0,-3742.799,2487.501,5517.798,-6.375,-1.308,-3.654,-22.61,SENSING
70190.0,-3742.799,2487.501,5517.798,-6.375,-1.308,-3.654,-22.61,MANEUVERING
70190.0,-3742.799,2487.501,5517.798,-6.375,-1.308,-3.654,-22.61,LISTENING
70200.0,-3806.299,2474.315,5480.971,-6.334,-1.335,-3.715,-12.61,MANEUVERING
70200.0,-3806.299,2474.315,5480.971,-6.334,-1.335,-3.715,-12.61,SENSING
70200.0,-3806.299,2474.315,5480.971,-6.334,-1.335,-3.715,-12.61,MANEUVERING
70200.0,-3806.299,2474.315,5480.971,-6.334,-1.335,-3.715,-12.61,LISTENING
70210.0,-3869.378,2460.857,5443.539,-6.291,-1.362,-3.775,-2.61,MANEUVERING
70210.0,-3869.378,2460.857,5443.539,-6.291,-1.362,-3.775,-2.61,SENSING
70210.0,-3869.378,2460.857,5443.539,-6.291,-1.362,-3.775,-2.61,MANEUVERING
70210.0,-3869.378,2460.857,5443.539,-6.291,-1.362,-3.775,-2.61,LISTENING
70220.0,-3932.031,2447.128,5405.506,-6.248,-1.389,-3.835,7.39,MANEUVERING
70220.0,-3932.031,2447.128,5405.506,-6.248,-1.389,-3.835,7.39,SENSING
70220.0,-3932.031,2447.128,5405.506,-6.248,-1.389,-3.835,7.39,MEASURING
70220.0,-3932.031,2447.128,5405.506,-6.248,-1.389,-3.835,7.39,SENSING
70220.0,-3932.031,2447.128,5405.506,-6.248,-1.389,-3.835,7.39,LISTENING
70233.39,-4015.242,2428.323,5353.646,-6.189,-1.425,-3.915,7.39,SENSING
70233.39,-4015.242,2428.323,5353.646,-6.189,-1.425,-3.915,7.39,MANEUVERING
70233.39,-4015.242,2428.323,5353.646,-6.189,-1.425,-3.915,7.39,LISTENING
70235.57,-4028.715,2425.215,5345.102,-6.18,-1.431,-3.928,9.57,MANEUVERING
70235.57,-4028.715,2425.215,5345.102,-6.18,-1.431,-3.928,9.57,SENSING
70235.57,-4028.715,2425.215,5345.102,-6.18,-1.431,-3.928,9.57,MANEUVERING
70235.57,-4028.715,2425.215,5345.102,-6.18,-1.431,-3.928,9.57,LISTENING
70240.0,-4056.028,2418.862,5327.654,-6.16,-1.443,-3.954,14.0,MANEUVERING
70240.0,-4056.028,2418.862,5327.654,-6.16,-1.443,-3.954,14.0,SENSING
70240.0,-4056.028,2418.862,5327.654,-6.16,-1.443,-3.954,14.0,MEASURING
70240.0,-4056.028,2418.862,5327.654,-6.16,-1.443,-3.954,14.0,SENSING
70240.0,-4056.028,2418.862,5327.654,-6.16,-1.443,-3.954,14.0,LISTENING
70262.97,-4196.227,2385.086,5235.341,-6.055,-1.504,-4.088,14.0,SENSING
70262.97,-4196.227,2385.086,5235.341,-6.055,-1.504,-4.088,14.0,LISTENING
70270.0,-4238.65,2374.472,5206.478,-6.023,-1.522,-4.128,14.0,SENSING
70270.0,-4238.65,2374.472,5206.478,-6.023,-1.522,-4.128,14.0,LISTENING
70290.0,-4358.074,2343.569,5122.816,-5.928,-1.574,-4.242,14.0,SENSING
70290.0,-4358.074,2343.569,5122.816,-5.928,-1.574,-4.242,14.0,LISTENING
70330.95,-4596.547,2277.097,4944.515,-5.726,-1.678,-4.469,14.0,SENSING
70330.95,-4596.547,2277.097,4944.515,-5.726,-1.678,-4.469,14.0,MANEUVERING
70330.95,-4596.547,2277.097,4944.515,-5.726,-1.678,-4.469,14.0,LISTENING
70350.0,-4704.62,2244.737,4858.437,-5.628,-1.726,-4.572,-5.05,MANEUVERING
70350.0,-4704.62,2244.737,4858.437,-5.628,-1.726,-4.572,-5.05,SENSING
70350.0,-4704.62,2244.737,4858.437,-5.628,-1.726,-4.572,-5.05,MEASURING
70350.0,-4704.62,2244.737,4858.437,-5.628,-1.726,-4.572,-5.05,SENSING
70350.0,-4704.62,2244.737,4858.437,-5.628,-1.726,-4.572,-5.05,LISTENING
70356.95,-4743.582,2232.708,4826.549,-5.592,-1.743,-4.609,-5.05,SENSING
70356.95,-4743.582,2232.708,4826.549,-5.592,-1.743,-4.609,-5.05,MANEUVERING
70356.95,-4743.582,2232.708,4826.549,-5.592,-1.743,-4.609,-5.05,LISTENING
70380.0,-4870.989,2191.969,4718.962,-5.47,-1.799,-4.73,18.0,MANEUVERING
70380.0,-4870.989,2191.969,4718.962,-5.47,-1.799,-4.73,18.0,SENSING
70380.0,-4870.989,2191.969,4718.962,-5.47,-1.799,-4.73,18.0,MEASURING
70380.0,-4870.989,2191.969,4718.962,-5.47,-1.799,-4.73,18.0,SENSING
70380.0,-4870.989,2191.969,4718.962,-5.47,-1.799,-4.73,18.0,LISTENING
70387.3,-4910.749,2178.799,4684.311,-5.431,-1.816,-4.768,18.0,SENSING
70387.3,-4910.749,2178.799,4684.311,-5.431,-1.816,-4.768,18.0,MANEUVERING
70387.3,-4910.749,2178.799,4684.311,-5.431,-1.816,-4.768,18.0,LISTENING
70390.0,-4925.382,2173.896,4671.425,-5.416,-1.823,-4.782,15.3,MANEUVERING
70390.0,-4925.382,2173.896,4671.425,-5.416,-1.823,-4.782,15.3,SENSING
70390.0,-4925.382,2173.896,4671.425,-5.416,-1.823,-4.782,15.3,MEASURING
70390.0,-4925.382,2173.896,4671.425,-5.416,-1.823,-4.782,15.3,SENSING
70390.0,-4925.382,2173.896,4671.425,-5.416,-1.823,-4.782,15.3,LISTENING
70400.0,-4979.234,2155.585,4623.375,-5.362,-1.847,-4.833,15.3,SENSING
70400.0,-4979.234,2155.585,4623.375,-5.362,-1.847,-4.833,15.3,MEASURING
70400.0,-4979.234,2155.585,4623.375,-5.362,-1.847,-4.833,15.3,SENSING
70400.0,-4979.234,2155.585,4623.375,-5.362,-1.847,-4.833,15.3,LISTENING
70400.0,-4979.234,2155.585,4623.375,-5.362,-1.847,-4.833,15.3,SENSING
70400.0,-4979.234,2155.585,4623.375,-5.362,-1.847,-4.833,15.3,MESSAGING
70400.0,-4979.234,2155.585,4623.375,-5.362,-1.847,-4.833,15.3,SENSING
70400.0,-4979.234,2155.585,4623.375,-5.362,-1.847,-4.833,15.3,LISTENING
70400.0,-4979.234,2155.585,4623.375,-5.362,-1.847,-4.833,15.3,SENSING
70400.0,-4979.234,2155.585,4623.375,-5.362,-1.847,-4.833,15.3,LISTENING
70400.0,-4979.234,2155.585,4623.375,-5.362,-1.847,-4.833,15.3,SENSING
70400.0,-4979.234,2155.585,4623.375,-5.362,-1.847,-4.833,15.3,LISTENING
70400.0,-4979.234,2155.585,4623.375,-5.362,-1.847,-4.833,15.3,SENSING
70400.0,-4979.234,2155.585,4623.375,-5.362,-1.847,-4.833,15.3,LISTENING
70420.0,-5085.291,2118.255,4525.755,-5.251,-1.894,-4.934,15.3,SENSING
70420.0,-5085.291,2118.255,4525.755,-5.251,-1.894,-4.934,15.3,MEASURING
70420.0,-5085.291,2118.255,4525.755,-5.251,-1.894,-4.934,15.3,SENSING
70420.0,-5085.291,2118.255,4525.755,-5.251,-1.894,-4.934,15.3,LISTENING
70463.69,-5309.14,2033.501,4305.647,-5.002,-1.993,-5.146,15.3,SENSING
70463.69,-5309.14,2033.501,4305.647,-5.002,-1.993,-5.146,15.3,MANEUVERING
70463.69,-5309.14,2033.501,4305.647,-5.002,-1.993,-5.146,15.3,LISTENING
70470.0,-5340.562,2020.905,4273.101,-4.965,-2.007,-5.175,21.61,MANEUVERING
70470.0,-5340.562,2020.905,4273.101,-4.965,-2.007,-5.175,21.61,SENSING
70470.0,-5340.562,2020.905,4273.101,-4.965,-2.007,-5.175,21.61,MEASURING
70470.0,-5340.562,2020.905,4273.101,-4.965,-2.007,-5.175,21.61,SENSING
70470.0,-5340.562,2020.905,4273.101,-4.965,-2.007,-5.175,21.61,LISTENING
70490.0,-5438.606,1980.401,4168.716,-4.846,-2.051,-5.268,21.61,SENSING
70490.0,-5438.606,1980.401,4168.716,-4.846,-2.051,-5.268,21.61,MEASURING
70490.0,-5438.606,1980.401,4168.716,-4.846,-2.051,-5.268,21.61,SENSING
70490.0,-5438.606,1980.401,4168.716,-4.846,-2.051,-5.268,21.61,LISTENING
70499.63,-5484.966,1960.588,4117.799,-4.789,-2.072,-5.312,21.61,SENSING
70499.63,-5484.966,1960.588,4117.799,-4.789,-2.072,-5.312,21.61,LISTENING
70500.0,-5486.736,1959.822,4115.835,-4.787,-2.073,-5.314,21.61,SENSING
70500.0,-5486.736,1959.822,4115.835,-4.787,-2.073,-5.314,21.61,MEASURING
70500.0,-5486.736,1959.822,4115.835,-4.787,-2.073,-5.314,21.61,SENSING
70500.0,-5486.736,1959.822,4115.835,-4.787,-2.073,-5.314,21.61,LISTENING
70520.0,-5581.186,1918.024,4008.723,-4.665,-2.115,-5.403,21.61,SENSING
70520.0,-5581.186,1918.024,4008.723,-4.665,-2.115,-5.403,21.61,LISTENING
70520.0,-5581.186,1918.024,4008.723,-4.665,-2.115,-5.403,21.61,SENSING
70520.0,-5581.186,1918.024,4008.723,-4.665,-2.115,-5.403,21.61,LISTENING
70533.24,-5642.368,1889.891,3936.845,-4.584,-2.143,-5.46,21.61,SENSING
70533.24,-5642.368,1889.891,3936.845,-4.584,-2.143,-5.46,21.61,LISTENING
70540.0,-5673.189,1875.387,3899.854,-4.542,-2.157,-5.489,21.61,SENSING
70540.0,-5673.189,1875.387,3899.854,-4.542,-2.157,-5.489,21.61,LISTENING
70550.0,-5718.26,1853.76,3844.775,-4.479,-2.177,-5.532,21.61,SENSING
70550.0,-5718.26,1853.76,3844.775,-4.479,-2.177,-5.532,21.61,LISTENING
70556.56,-5747.487,1839.462,3808.414,-4.438,-2.19,-5.559,21.61,SENSING
70556.56,-5747.487,1839.462,3808.414,-4.438,-2.19,-5.559,21.61,LISTENING
70558.44,-5755.813,1835.349,3797.96,-4.426,-2.194,-5.567,21.61,SENSING
70558.44,-5755.813,1835.349,3797.96,-4.426,-2.194,-5.567,21.61,LISTENING
70560.0,-5762.705,1831.93,3789.274,-4.416,-2.197,-5.574,21.61,SENSING
70560.0,-5762.705,1831.93,3789.274,-4.416,-2.197,-5.574,21.61,LISTENING
70560.0,-5762.705,1831.93,3789.274,-4.416,-2.197,-5.574,21.61,SENSING
70560.0,-5762.705,1831.93,3789.274,-4.416,-2.197,-5.574,21.61,LISTENING
70580.0,-5849.697,1787.671,3677.034,-4.289,-2.237,-5.656,21.61,SENSING
70580.0,-5849.697,1787.671,3677.034,-4.289,-2.237,-5.656,21.61,LISTENING
70600.49,-5936.163,1741.519,3560.374,-4.157,-2.277,-5.737,21.61,SENSING
70600.49,-5936.163,1741.519,3560.374,-4.157,-2.277,-5.737,21.61,LISTENING
70610.0,-5975.369,1719.825,3505.669,-4.095,-2.295,-5.774,21.61,SENSING
70610.0,-5975.369,1719.825,3505.669,-4.095,-2.295,-5.774,21.61,LISTENING
70620.0,-6015.958,1696.83,3447.771,-4.029,-2.313,-5.812,21.61,SENSING
70620.0,-6015.958,1696.83,3447.771,-4.029,-2.313,-5.812,21.61,LISTENING
70620.0,-6015.958,1696.83,3447.771,-4.029,-2.313,-5.812,21.61,SENSING
70620.0,-6015.958,1696.83,3447.771,-4.029,-2.313,-5.812,21.61,LISTENING
70647.15,-6122.825,1633.473,3288.693,-3.849,-2.363,-5.912,21.61,SENSING
70647.15,-6122.825,1633.473,3288.693,-3.849,-2.363,-5.912,21.61,LISTENING
70650.0,-6133.758,1626.745,3271.839,-3.83,-2.368,-5.922,21.61,SENSING
70650.0,-6133.758,1626.745,3271.839,-3.83,-2.368,-5.922,21.61,LISTENING
70650.0,-6133.758,1626.745,3271.839,-3.83,-2.368,-5.922,21.61,SENSING
70650.0,-6133.758,1626.745,3271.839,-3.83,-2.368,-5.922,21.61,LISTENING
70656.4,-6158.111,1611.585,3233.883,-3.786,-2.379,-5.945,21.61,SENSING
70656.4,-6158.111,1611.585,3233.883,-3.786,-2.379,-5.945,21.61,LISTENING
70670.0,-6208.944,1579.13,3152.75,-3.694,-2.403,-5.992,21.61,SENSING
70670.0,-6208.944,1579.13,3152.75,-3.694,-2.403,-5.992,21.61,LISTENING
70677.02,-6234.692,1562.252,3110.62,-3.647,-2.415,-6.017,21.61,SENSING
70677.02,-6234.692,1562.252,3110.62,-3.647,-2.415,-6.017,21.61,LISTENING
70680.0,-6245.521,1555.062,3092.685,-3.626,-2.42,-6.027,21.61,SENSING
70680.0,-6245.521,1555.062,3092.685,-3.626,-2.42,-6.027,21.61,LISTENING
70714.79,-6367.428,1470.026,2881.127,-3.386,-2.477,-6.14,21.61,SENSING
70714.79,-6367.428,1470.026,2881.127,-3.386,-2.477,-6.14,21.61,LISTENING
70714.84,-6367.597,1469.903,2880.82,-3.386,-2.478,-6.14,21.61,SENSING
70714.84,-6367.597,1469.903,2880.82,-3.386,-2.478,-6.14,21.61,LISTENING
70730.0,-6418.088,1432.233,2787.42,-3.28,-2.502,-6.187,21.61,SENSING
70730.0,-6418.088,1432.233,2787.42,-3.28,-2.502,-6.187,21.61,LISTENING
70735.48,-6435.944,1418.527,2753.485,-3.242,-2.51,-6.204,21.61,SENSING
70735.48,-6435.944,1418.527,2753.485,-3.242,-2.51,-6.204,21.61,LISTENING
70740.0,-6450.512,1407.188,2725.426,-3.21,-2.517,-6.218,21.61,SENSING
70740.0,-6450.512,1407.188,2725.426,-3.21,-2.517,-6.218,21.61,LISTENING
70740.0,-6450.512,1407.188,2725.426,-3.21,-2.517,-6.218,21.61,SENSING
70740.0,-6450.512,1407.188,2725.426,-3.21,-2.517,-6.218,21.61,LISTENING
70746.47,-6471.116,1390.901,2685.157,-3.164,-2.527,-6.237,21.61,SENSING
70746.47,-6471.116,1390.901,2685.157,-3.164,-2.527,-6.237,21.61,LISTENING
70750.0,-6482.232,1381.989,2663.135,-3.139,-2.532,-6.247,21.61,SENSING
70750.0,-6482.232,1381.989,2663.135,-3.139,-2.532,-6.247,21.61,LISTENING
70750.0,-6482.232,1381.989,2663.135,-3.139,-2.532,-6.247,21.61,SENSING
70750.0,-6482.232,1381.989,2663.135,-3.139,-2.532,-6.247,21.61,MESSAGING
70750.0,-6482.232,1381.989,2663.135,-3.139,-2.532,-6.247,21.61,SENSING
70750.0,-6482.232,1381.989,2663.135,-3.139,-2.532,-6.247,21.61,LISTENING
70750.0,-6482.232,1381.989,2663.135,-3.139,-2.532,-6.247,21.61,SENSING
70750.0,-6482.232,1381.989,2663.135,-3.139,-2.532,-6.247,21.61,LISTENING
70750.0,-6482.232,1381.989,2663.135,-3.139,-2.532,-6.247,21.61,SENSING
70750.0,-6482.232,1381.989,2663.135,-3.139,-2.532,-6.247,21.61,LISTENING
70750.0,-6482.232,1381.989,2663.135,-3.139,-2.532,-6.247,21.61,SENSING
70750.0,-6482.232,1381.989,2663.135,-3.139,-2.532,-6.247,21.61,LISTENING
70750.0,-6482.232,1381.989,2663.135,-3.139,-2.532,-6.247,21.61,SENSING
70750.0,-6482.232,1381.989,2663.135,-3.139,-2.532,-6.247,21.61,MESSAGING
70750.0,-6482.232,1381.989,2663.135,-3.139,-2.532,-6.247,21.61,SENSING
70750.0,-6482.232,1381.989,2663.135,-3.139,-2.532,-6.247,21.61,LISTENING
70750.0,-6482.232,1381.989,2663.135,-3.139,-2.532,-6.247,21.61,SENSING
70750.0,-6482.232,1381.989,2663.135,-3.139,-2.532,-6.247,21.61,LISTENING
70750.0,-6482.232,1381.989,2663.135,-3.139,-2.532,-6.247,21.61,SENSING
70750.0,-6482.232,1381.989,2663.135,-3.139,-2.532,-6.247,21.61,MESSAGING
70750.0,-6482.232,1381.989,2663.135,-3.139,-2.532,-6.247,21.61,SENSING
70750.0,-6482.232,1381.989,2663.135,-3.139,-2.532,-6.247,21.61,LISTENING
70750.0,-6482.232,1381.989,2663.135,-3.139,-2.532,-6.247,21.61,SENSING
70750.0,-6482.232,1381.989,2663.135,-3.139,-2.532,-6.247,21.61,LISTENING
70750.0,-6482.232,1381.989,2663.135,-3.139,-2.532,-6.247,21.61,SENSING
70750.0,-6482.232,1381.989,2663.135,-3.139,-2.532,-6.247,21.61,LISTENING
70750.0,-6482.232,1381.989,2663.135,-3.139,-2.532,-6.247,21.61,SENSING
70750.0,-6482.232,1381.989,2663.135,-3.139,-2.532,-6.247,21.61,LISTENING
70750.0,-6482.232,1381.989,2663.135,-3.139,-2.532,-6.247,21.61,SENSING
70750.0,-6482.232,1381.989,2663.135,-3.139,-2.532,-6.247,21.61,MESSAGING
70750.0,-6482.232,1381.989,2663.135,-3.139,-2.532,-6.247,21.61,SENSING
70750.0,-6482.232,1381.989,2663.135,-3.139,-2.532,-6.247,21.61,LISTENING
70750.0,-6482.232,1381.989,2663.135,-3.139,-2.532,-6.247,21.61,SENSING
70750.0,-6482.232,1381.989,2663.135,-3.139,-2.532,-6.247,21.61,LISTENING
70750.0,-6482.232,1381.989,2663.135,-3.139,-2.532,-6.247,21.61,SENSING
70750.0,-6482.232,1381.989,2663.135,-3.139,-2.532,-6.247,21.61,LISTENING
70750.0,-6482.232,1381.989,2663.135,-3.139,-2.532,-6.247,21.61,SENSING
70750.0,-6482.232,1381.989,2663.135,-3.139,-2.532,-6.247,21.61,LISTENING
70750.0,-6482.232,1381.989,2663.135,-3.139,-2.532,-6.247,21.61,SENSING
70750.0,-6482.232,1381.989,2663.135,-3.139,-2.532,-6.247,21.61,LISTENING
70766.71,-6533.654,1339.547,2558.4,-3.02,-2.557,-6.295,21.61,SENSING
70766.71,-6533.654,1339.547,2558.4,-3.02,-2.557,-6.295,21.61,LISTENING
70780.0,-6573.13,1305.5,2474.542,-2.925,-2.576,-6.331,21.61,SENSING
70780.0,-6573.13,1305.5,2474.542,-2.925,-2.576,-6.331,21.61,LISTENING
70785.68,-6589.616,1290.872,2438.555,-2.884,-2.584,-6.347,21.61,SENSING
70785.68,-6589.616,1290.872,2438.555,-2.884,-2.584,-6.347,21.61,LISTENING
70790.0,-6601.999,1279.716,2411.127,-2.853,-2.59,-6.358,21.61,SENSING
70790.0,-6601.999,1279.716,2411.127,-2.853,-2.59,-6.358,21.61,LISTENING
70790.0,-6601.999,1279.716,2411.127,-2.853,-2.59,-6.358,21.61,SENSING
70790.0,-6601.999,1279.716,2411.127,-2.853,-2.59,-6.358,21.61,LISTENING
70851.94,-6764.64,1117.01,2012.744,-2.401,-2.671,-6.508,21.61,SENSING
70851.94,-6764.64,1117.01,2012.744,-2.401,-2.671,-6.508,21.61,LISTENING
70860.0,-6783.735,1095.48,1960.248,-2.341,-2.681,-6.525,21.61,SENSING
70860.0,-6783.735,1095.48,1960.248,-2.341,-2.681,-6.525,21.61,LISTENING
70860.0,-6783.735,1095.48,1960.248,-2.341,-2.681,-6.525,21.61,SENSING
70860.0,-6783.735,1095.48,1960.248,-2.341,-2.681,-6.525,21.61,LISTENING
70867.94,-6802.076,1074.194,1908.398,-2.282,-2.691,-6.542,21.61,SENSING
70867.94,-6802.076,1074.194,1908.398,-2.282,-2.691,-6.542,21.61,LISTENING
70870.55,-6808.003,1067.181,1891.326,-2.263,-2.694,-6.547,21.61,SENSING
70870.55,-6808.003,1067.181,1891.326,-2.263,-2.694,-6.547,21.61,LISTENING
70880.0,-6829.039,1041.724,1829.394,-2.193,-2.704,-6.567,21.61,SENSING
70880.0,-6829.039,1041.724,1829.394,-2.193,-2.704,-6.567,21.61,LISTENING
70880.0,-6829.039,1041.724,1829.394,-2.193,-2.704,-6.567,21.61,SENSING
70880.0,-6829.039,1041.724,1829.394,-2.193,-2.704,-6.567,21.61,LISTENING
70885.53,-6841.041,1026.779,1793.069,-2.151,-2.711,-6.577,21.61,SENSING
70885.53,-6841.041,1026.779,1793.069,-2.151,-2.711,-6.577,21.61,LISTENING
70890.0,-6850.575,1014.674,1763.664,-2.118,-2.716,-6.586,21.61,SENSING
70890.0,-6850.575,1014.674,1763.664,-2.118,-2.716,-6.586,21.61,LISTENING
70950.27,-6964.476,849.412,1363.69,-1.664,-2.777,-6.689,21.61,SENSING
70950.27,-6964.476,849.412,1363.69,-1.664,-2.777,-6.689,21.61,LISTENING
71000.0,-7037.716,710.494,1029.527,-1.284,-2.819,-6.754,21.61,SENSING
71000.0,-7037.716,710.494,1029.527,-1.284,-2.819,-6.754,21.61,LISTENING
71000.0,-7037.716,710.494,1029.527,-1.284,-2.819,-6.754,21.61,SENSING
71000.0,-7037.716,710.494,1029.527,-1.284,-2.819,-6.754,21.61,LISTENING
71032.49,-7075.333,618.679,809.653,-1.034,-2.843,-6.787,21.61,SENSING
71032.49,-7075.333,618.679,809.653,-1.034,-2.843,-6.787,21.61,LISTENING
71040.0,-7082.871,597.351,758.688,-0.976,-2.848,-6.793,21.61,SENSING
71040.0,-7082.871,597.351,758.688,-0.976,-2.848,-6.793,21.61,LISTENING
71050.0,-7092.233,568.895,690.753,-0.898,-2.854,-6.801,21.61,SENSING
71050.0,-7092.233,568.895,690.753,-0.898,-2.854,-6.801,21.61,LISTENING
71053.9,-7095.675,557.781,664.237,-0.868,-2.856,-6.804,21.61,SENSING
71053.9,-7095.675,557.781,664.237,-0.868,-2.856,-6.804,21.61,LISTENING
71060.0,-7100.823,540.378,622.742,-0.821,-2.86,-6.808,21.61,SENSING
71060.0,-7100.823,540.378,622.742,-0.821,-2.86,-6.808,21.61,LISTENING
71090.47,-7122.221,453.134,415.128,-0.585,-2.877,-6.825,21.61,SENSING
71090.47,-7122.221,453.134,415.128,-0.585,-2.877,-6.825,21.61,LISTENING
71110.0,-7132.149,396.968,281.821,-0.433,-2.886,-6.833,21.61,SENSING
71110.0,-7132.149,396.968,281.821,-0.433,-2.886,-6.833,21.61,LISTENING
71110.0,-7132.149,396.968,281.821,-0.433,-2.886,-6.833,21.61,SENSING
71110.0,-7132.149,396.968,281.821,-0.433,-2.886,-6.833,21.61,LISTENING
71110.0,-7132.149,396.968,281.821,-0.433,-2.886,-6.833,21.61,SENSING
71110.0,-7132.149,396.968,281.821,-0.433,-2.886,-6.833,21.61,MESSAGING
71110.0,-7132.149,396.968,281.821,-0.433,-2.886,-6.833,21.61,SENSING
71110.0,-7132.149,396.968,281.821,-0.433,-2.886,-6.833,21.61,LISTENING
71110.0,-7132.149,396.968,281.821,-0.433,-2.886,-6.833,21.61,SENSING
71110.0,-7132.149,396.968,281.821,-0.433,-2.886,-6.833,21.61,LISTENING
71110.0,-7132.149,396.968,281.821,-0.433,-2.886,-6.833,21.61,SENSING
71110.0,-7132.149,396.968,281.821,-0.433,-2.886,-6.833,21.61,MESSAGING
71110.0,-7132.149,396.968,281.821,-0.433,-2.886,-6.833,21.61,SENSING
71110.0,-7132.149,396.968,281.821,-0.433,-2.886,-6.833,21.61,LISTENING
71110.0,-7132.149,396.968,281.821,-0.433,-2.886,-6.833,21.61,SENSING
71110.0,-7132.149,396.968,281.821,-0.433,-2.886,-6.833,21.61,LISTENING
71110.0,-7132.149,396.968,281.821,-0.433,-2.886,-6.833,21.61,SENSING
71110.0,-7132.149,396.968,281.821,-0.433,-2.886,-6.833,21.61,LISTENING
71115.36,-7134.356,381.524,245.213,-0.391,-2.888,-6.834,21.61,SENSING
71115.36,-7134.356,381.524,245.213,-0.391,-2.888,-6.834,21.61,MANEUVERING
71115.36,-7134.356,381.524,245.213,-0.391,-2.888,-6.834,21.61,LISTENING
71160.0,-7144.054,252.479,-59.867,-0.044,-2.903,-6.839,-23.03,MANEUVERING
71160.0,-7144.054,252.479,-59.867,-0.044,-2.903,-6.839,-23.03,SENSING
71160.0,-7144.054,252.479,-59.867,-0.044,-2.903,-6.839,-23.03,MEASURING
71160.0,-7144.054,252.479,-59.867,-0.044,-2.903,-6.839,-23.03,SENSING
71160.0,-7144.054,252.479,-59.867,-0.044,-2.903,-6.839,-23.03,LISTENING
71161.79,-7144.119,247.291,-72.102,-0.03,-2.904,-6.839,-23.03,SENSING
71161.79,-7144.119,247.291,-72.102,-0.03,-2.904,-6.839,-23.03,LISTENING
71173.36,-7143.941,213.738,-151.177,0.06,-2.907,-6.837,-23.03,SENSING
71173.36,-7143.941,213.738,-151.177,0.06,-2.907,-6.837,-23.03,LISTENING
71190.0,-7141.858,165.429,-264.862,0.19,-2.91,-6.833,-23.03,SENSING
71190.0,-7141.858,165.429,-264.862,0.19,-2.91,-6.833,-23.03,LISTENING
71190.0,-7141.858,165.429,-264.862,0.19,-2.91,-6.833,-23.03,SENSING
71190.0,-7141.858,165.429,-264.862,0.19,-2.91,-6.833,-23.03,LISTENING
71210.0,-7136.504,107.301,-401.393,0.346,-2.913,-6.826,-23.03,SENSING
71210.0,-7136.504,107.301,-401.393,0.346,-2.913,-6.826,-23.03,LISTENING
71226.61,-7129.693,58.989,-514.652,0.475,-2.915,-6.818,-23.03,SENSING
71226.61,-7129.693,58.989,-514.652,0.475,-2.915,-6.818,-23.03,LISTENING
71250.0,-7116.469,-9.071,-673.871,0.656,-2.915,-6.803,-23.03,SENSING
71250.0,-7116.469,-9.071,-673.871,0.656,-2.915,-6.803,-23.03,LISTENING
71260.0,-7109.52,-38.169,-741.825,0.734,-2.915,-6.795,-23.03,SENSING
71260.0,-7109.52,-38.169,-741.825,0.734,-2.915,-6.795,-23.03,LISTENING
71260.55,-7109.115,-39.77,-745.56,0.738,-2.915,-6.795,-23.03,SENSING
71260.55,-7109.115,-39.77,-745.56,0.738,-2.915,-6.795,-23.03,MANEUVERING
71260.55,-7109.115,-39.77,-745.56,0.738,-2.915,-6.795,-23.03,LISTENING
71262.81,-7107.427,-46.346,-760.906,0.756,-2.915,-6.793,-20.77,MANEUVERING
71262.81,-7107.427,-46.346,-760.906,0.756,-2.915,-6.793,-20.77,SENSING
71262.81,-7107.427,-46.346,-760.906,0.756,-2.915,-6.793,-20.77,MANEUVERING
71262.81,-7107.427,-46.346,-760.906,0.756,-2.915,-6.793,-20.77,LISTENING
71270.0,-7101.796,-67.264,-809.699,0.812,-2.915,-6.787,-13.58,MANEUVERING
71270.0,-7101.796,-67.264,-809.699,0.812,-2.915,-6.787,-13.58,SENSING
71270.0,-7101.796,-67.264,-809.699,0.812,-2.915,-6.787,-13.58,MEASURING
71270.0,-7101.796,-67.264,-809.699,0.812,-2.915,-6.787,-13.58,SENSING
71270.0,-7101.796,-67.264,-809.699,0.812,-2.915,-6.787,-13.58,LISTENING
71279.27,-7093.945,-94.228,-872.539,0.883,-2.914,-6.778,-13.58,SENSING
71279.27,-7093.945,-94.228,-872.539,0.883,-2.914,-6.778,-13.58,LISTENING
71300.0,-7073.985,-154.491,-1012.76,1.043,-2.911,-6.757,-13.58,SENSING
71300.0,-7073.985,-154.491,-1012.76,1.043,-2.911,-6.757,-13.58,LISTENING
71310.0,-7063.171,-183.538,-1080.236,1.121,-2.909,-6.745,-13.58,SENSING
71310.0,-7063.171,-183.538,-1080.236,1.121,-2.909,-6.745,-13.58,LISTENING
71491.98,-6733.448,-705.503,-2280.286,2.495,-2.821,-6.41,-13.58,SENSING
71491.98,-6733.448,-705.503,-2280.286,2.495,-2.821,-6.41,-13.58,MANEUVERING
71491.98,-6733.448,-705.503,-2280.286,2.495,-2.821,-6.41,-13.58,LISTENING
71500.0,-6713.216,-728.058,-2331.591,2.554,-2.814,-6.39,-5.56,MANEUVERING
71500.0,-6713.216,-728.058,-2331.591,2.554,-2.814,-6.39,-5.56,SENSING
71500.0,-6713.216,-728.058,-2331.591,2.554,-2.814,-6.39,-5.56,MEASURING
71500.0,-6713.216,-728.058,-2331.591,2.554,-2.814,-6.39,-5.56,SENSING
71500.0,-6713.216,-728.058,-2331.591,2.554,-2.814,-6.39,-5.56,LISTENING
71520.0,-6660.711,-784.081,-2458.811,2.7,-2.798,-6.338,-5.56,SENSING
71520.0,-6660.711,-784.081,-2458.811,2.7,-2.798,-6.338,-5.56,MEASURING
71520.0,-6660.711,-784.081,-2458.811,2.7,-2.798,-6.338,-5.56,SENSING
71520.0,-6660.711,-784.081,-2458.811,2.7,-2.798,-6.338,-5.56,LISTENING
71577.07,-6494.974,-941.982,-2815.739,3.11,-2.744,-6.173,-5.56,SENSING
71577.07,-6494.974,-941.982,-2815.739,3.11,-2.744,-6.173,-5.56,MANEUVERING
71577.07,-6494.974,-941.982,-2815.739,3.11,-2.744,-6.173,-5.56,LISTENING
71580.0,-6485.836,-950.004,-2833.804,3.131,-2.741,-6.164,-8.49,MANEUVERING
71580.0,-6485.836,-950.004,-2833.804,3.131,-2.741,-6.164,-8.49,SENSING
71580.0,-6485.836,-950.004,-2833.804,3.131,-2.741,-6.164,-8.49,MEASURING
71580.0,-6485.836,-950.004,-2833.804,3.131,-2.741,-6.164,-8.49,SENSING
71580.0,-6485.836,-950.004,-2833.804,3.131,-2.741,-6.164,-8.49,LISTENING
71597.51,-6429.961,-997.752,-2941.203,3.255,-2.722,-6.109,-8.49,SENSING
71597.51,-6429.961,-997.752,-2941.203,3.255,-2.722,-6.109,-8.49,MANEUVERING
71597.51,-6429.961,-997.752,-2941.203,3.255,-2.722,-6.109,-8.49,LISTENING
71620.0,-6355.036,-1058.589,-3077.695,3.412,-2.697,-6.035,14.0,MANEUVERING
71620.0,-6355.036,-1058.589,-3077.695,3.412,-2.697,-6.035,14.0,SENSING
71620.0,-6355.036,-1058.589,-3077.695,3.412,-2.697,-6.035,14.0,MEASURING
71620.0,-6355.036,-1058.589,-3077.695,3.412,-2.697,-6.035,14.0,SENSING
71620.0,-6355.036,-1058.589,-3077.695,3.412,-2.697,-6.035,14.0,LISTENING
71647.13,-6259.979,-1131.197,-3240.075,3.6,-2.665,-5.941,14.0,SENSING
71647.13,-6259.979,-1131.197,-3240.075,3.6,-2.665,-5.941,14.0,MANEUVERING
71647.13,-6259.979,-1131.197,-3240.075,3.6,-2.665,-5.941,14.0,LISTENING
71650.0,-6249.627,-1138.826,-3257.102,3.619,-2.661,-5.931,16.87,MANEUVERING
71650.0,-6249.627,-1138.826,-3257.102,3.619,-2.661,-5.931,16.87,SENSING
71650.0,-6249.627,-1138.826,-3257.102,3.619,-2.661,-5.931,16.87,MEASURING
71650.0,-6249.627,-1138.826,-3257.102,3.619,-2.661,-5.931,16.87,SENSING
71650.0,-6249.627,-1138.826,-3257.102,3.619,-2.661,-5.931,16.87,LISTENING
71664.5,-6196.468,-1177.212,-3342.676,3.718,-2.643,-5.878,16.87,SENSING
71664.5,-6196.468,-1177.212,-3342.676,3.718,-2.643,-5.878,16.87,MANEUVERING
71664.5,-6196.468,-1177.212,-3342.676,3.718,-2.643,-5.878,16.87,LISTENING
71670.0,-6175.93,-1191.701,-3374.935,3.755,-2.636,-5.858,11.37,MANEUVERING
71670.0,-6175.93,-1191.701,-3374.935,3.755,-2.636,-5.858,11.37,SENSING
71670.0,-6175.93,-1191.701,-3374.935,3.755,-2.636,-5.858,11.37,MEASURING
71670.0,-6175.93,-1191.701,-3374.935,3.755,-2.636,-5.858,11.37,SENSING
71670.0,-6175.93,-1191.701,-3374.935,3.755,-2.636,-5.858,11.37,LISTENING
71681.6,-6131.945,-1222.132,-3442.604,3.833,-2.62,-5.815,11.37,SENSING
71681.6,-6131.945,-1222.132,-3442.604,3.833,-2.62,-5.815,11.37,MANEUVERING
71681.6,-6131.945,-1222.132,-3442.604,3.833,-2.62,-5.815,11.37,LISTENING
71710.0,-6020.458,-1295.868,-3606.116,4.023,-2.581,-5.705,-17.03,MANEUVERING
71710.0,-6020.458,-1295.868,-3606.116,4.023,-2.581,-5.705,-17.03,SENSING
71710.0,-6020.458,-1295.868,-3606.116,4.023,-2.581,-5.705,-17.03,MEASURING
71710.0,-6020.458,-1295.868,-3606.116,4.023,-2.581,-5.705,-17.03,SENSING
71710.0,-6020.458,-1295.868,-3606.116,4.023,-2.581,-5.705,-17.03,LISTENING
71720.19,-5979.155,-1322.05,-3664.015,4.09,-2.567,-5.665,-17.03,SENSING
71720.19,-5979.155,-1322.05,-3664.015,4.09,-2.567,-5.665,-17.03,MANEUVERING
71720.19,-5979.155,-1322.05,-3664.015,4.09,-2.567,-5.665,-17.03,LISTENING
71730.0,-5938.75,-1347.113,-3719.361,4.154,-2.552,-5.625,-26.84,MANEUVERING
71730.0,-5938.75,-1347.113,-3719.361,4.154,-2.552,-5.625,-26.84,SENSING
71730.0,-5938.75,-1347.113,-3719.361,4.154,-2.552,-5.625,-26.84,MEASURING
71730.0,-5938.75,-1347.113,-3719.361,4.154,-2.552,-5.625,-26.84,SENSING
71730.0,-5938.75,-1347.113,-3719.361,4.154,-2.552,-5.625,-26.84,LISTENING
71736.12,-5913.225,-1362.678,-3753.691,4.193,-2.543,-5.6,-26.84,SENSING
71736.12,-5913.225,-1362.678,-3753.691,4.193,-2.543,-5.6,-26.84,MANEUVERING
71736.12,-5913.225,-1362.678,-3753.691,4.193,-2.543,-5.6,-26.84,LISTENING
71740.0,-5896.917,-1372.517,-3775.376,4.219,-2.537,-5.584,-30.72,MANEUVERING
71740.0,-5896.917,-1372.517,-3775.376,4.219,-2.537,-5.584,-30.72,SENSING
71740.0,-5896.917,-1372.517,-3775.376,4.219,-2.537,-5.584,-30.72,MEASURING
71740.0,-5896.917,-1372.517,-3775.376,4.219,-2.537,-5.584,-30.72,SENSING
71740.0,-5896.917,-1372.517,-3775.376,4.219,-2.537,-5.584,-30.72,LISTENING
71760.0,-5811.319,-1422.871,-3886.157,4.347,-2.507,-5.5,-30.72,SENSING
71760.0,-5811.319,-1422.871,-3886.157,4.347,-2.507,-5.5,-30.72,MEASURING
71760.0,-5811.319,-1422.871,-3886.157,4.347,-2.507,-5.5,-30.72,SENSING
71760.0,-5811.319,-1422.871,-3886.157,4.347,-2.507,-5.5,-30.72,LISTENING
71985.17,-4681.275,-1941.804,-5004.724,5.652,-2.089,-4.394,-30.72,SENSING
71985.17,-4681.275,-1941.804,-5004.724,5.652,-2.089,-4.394,-30.72,MANEUVERING
71985.17,-4681.275,-1941.804,-5004.724,5.652,-2.089,-4.394,-30.72,LISTENING
72040.0,-4364.028,-2052.865,-5237.079,5.925,-1.968,-4.084,24.11,MANEUVERING
72040.0,-4364.028,-2052.865,-5237.079,5.925,-1.968,-4.084,24.11,SENSING
72040.0,-4364.028,-2052.865,-5237.079,5.925,-1.968,-4.084,24.11,MEASURING
72040.0,-4364.028,-2052.865,-5237.079,5.925,-1.968,-4.084,24.11,SENSING
72040.0,-4364.028,-2052.865,-5237.079,5.925,-1.968,-4.084,24.11,LISTENING
72045.61,-4330.735,-2063.852,-5259.886,5.952,-1.955,-4.051,24.11,SENSING
72045.61,-4330.735,-2063.852,-5259.886,5.952,-1.955,-4.051,24.11,MANEUVERING
72045.61,-4330.735,-2063.852,-5259.886,5.952,-1.955,-4.051,24.11,LISTENING
72050.0,-4304.577,-2072.4,-5277.606,5.973,-1.945,-4.026,19.72,MANEUVERING
72050.0,-4304.577,-2072.4,-5277.606,5.973,-1.945,-4.026,19.72,SENSING
72050.0,-4304.577,-2072.4,-5277.606,5.973,-1.945,-4.026,19.72,MEASURING
72050.0,-4304.577,-2072.4,-5277.606,5.973,-1.945,-4.026,19.72,SENSING
72050.0,-4304.577,-2072.4,-5277.606,5.973,-1.945,-4.026,19.72,LISTENING
72147.17,-3703.161,-2250.015,-5640.405,6.404,-1.713,-3.439,19.72,SENSING
72147.17,-3703.161,-2250.015,-5640.405,6.404,-1.713,-3.439,19.72,LISTENING
72170.0,-3556.016,-2288.413,-5717.235,6.495,-1.656,-3.295,19.72,SENSING
72170.0,-3556.016,-2288.413,-5717.235,6.495,-1.656,-3.295,19.72,LISTENING
72170.0,-3556.016,-2288.413,-5717.235,6.495,-1.656,-3.295,19.72,SENSING
72170.0,-3556.016,-2288.413,-5717.235,6.495,-1.656,-3.295,19.72,LISTENING
72190.0,-3425.423,-2320.97,-5781.831,6.573,-1.605,-3.168,19.72,SENSING
72190.0,-3425.423,-2320.97,-5781.831,6.573,-1.605,-3.168,19.72,LISTENING
72237.07,-3112.187,-2393.519,-5923.696,6.743,-1.482,-2.862,19.72,SENSING
72237.07,-3112.187,-2393.519,-5923.696,6.743,-1.482,-2.862,19.72,LISTENING
72280.0,-2819.816,-2454.577,-6040.399,6.885,-1.367,-2.577,19.72,SENSING
72280.0,-2819.816,-2454.577,-6040.399,6.885,-1.367,-2.577,19.72,LISTENING
72280.0,-2819.816,-2454.577,-6040.399,6.885,-1.367,-2.577,19.72,SENSING
72280.0,-2819.816,-2454.577,-6040.399,6.885,-1.367,-2.577,19.72,LISTENING
72309.33,-2616.713,-2493.419,-6113.037,6.973,-1.286,-2.379,19.72,SENSING
72309.33,-2616.713,-2493.419,-6113.037,6.973,-1.286,-2.379,19.72,LISTENING
72318.47,-2552.9,-2505.039,-6134.481,7.0,-1.261,-2.316,19.72,SENSING
72318.47,-2552.9,-2505.039,-6134.481,7.0,-1.261,-2.316,19.72,LISTENING
72330.0,-2472.064,-2519.366,-6160.72,7.032,-1.229,-2.237,19.72,SENSING
72330.0,-2472.064,-2519.366,-6160.72,7.032,-1.229,-2.237,19.72,LISTENING
72330.0,-2472.064,-2519.366,-6160.72,7.032,-1.229,-2.237,19.72,SENSING
72330.0,-2472.064,-2519.366,-6160.72,7.032,-1.229,-2.237,19.72,LISTENING
72340.0,-2401.659,-2531.491,-6182.739,7.059,-1.2,-2.169,19.72,SENSING
72340.0,-2401.659,-2531.491,-6182.739,7.059,-1.2,-2.169,19.72,LISTENING
72357.06,-2280.934,-2551.527,-6218.714,7.104,-1.152,-2.051,19.72,SENSING
72357.06,-2280.934,-2551.527,-6218.714,7.104,-1.152,-2.051,19.72,LISTENING
72360.0,-2260.054,-2554.897,-6224.711,7.111,-1.144,-2.031,19.72,SENSING
72360.0,-2260.054,-2554.897,-6224.711,7.111,-1.144,-2.031,19.72,LISTENING
72365.55,-2220.578,-2561.192,-6235.868,7.125,-1.128,-1.992,19.72,SENSING
72365.55,-2220.578,-2561.192,-6235.868,7.125,-1.128,-1.992,19.72,LISTENING
72370.0,-2188.87,-2566.176,-6244.659,7.136,-1.115,-1.961,19.72,SENSING
72370.0,-2188.87,-2566.176,-6244.659,7.136,-1.115,-1.961,19.72,LISTENING
72375.1,-2152.472,-2571.818,-6254.564,7.148,-1.101,-1.926,19.72,SENSING
72375.1,-2152.472,-2571.818,-6254.564,7.148,-1.101,-1.926,19.72,LISTENING
72380.0,-2117.443,-2577.169,-6263.911,7.16,-1.087,-1.891,19.72,SENSING
72380.0,-2117.443,-2577.169,-6263.911,7.16,-1.087,-1.891,19.72,LISTENING
72380.0,-2117.443,-2577.169,-6263.911,7.16,-1.087,-1.891,19.72,SENSING
72380.0,-2117.443,-2577.169,-6263.911,7.16,-1.087,-1.891,19.72,MESSAGING
72380.0,-2117.443,-2577.169,-6263.911,7.16,-1.087,-1.891,19.72,MESSAGING
72380.0,-2117.443,-2577.169,-6263.911,7.16,-1.087,-1.891,19.72,SENSING
72380.0,-2117.443,-2577.169,-6263.911,7.16,-1.087,-1.891,19.72,LISTENING
72380.0,-2117.443,-2577.169,-6263.911,7.16,-1.087,-1.891,19.72,SENSING
72380.0,-2117.443,-2577.169,-6263.911,7.16,-1.087,-1.891,19.72,LISTENING
72380.0,-2117.443,-2577.169,-6263.911,7.16,-1.087,-1.891,19.72,SENSING
72380.0,-2117.443,-2577.169,-6263.911,7.16,-1.087,-1.891,19.72,MESSAGING
72380.0,-2117.443,-2577.169,-6263.911,7.16,-1.087,-1.891,19.72,SENSING
72380.0,-2117.443,-2577.169,-6263.911,7.16,-1.087,-1.891,19.72,MESSAGING
72380.0,-2117.443,-2577.169,-6263.911,7.16,-1.087,-1.891,19.72,SENSING
72380.0,-2117.443,-2577.169,-6263.911,7.16,-1.087,-1.891,19.72,LISTENING
72380.0,-2117.443,-2577.169,-6263.911,7.16,-1.087,-1.891,19.72,SENSING
72380.0,-2117.443,-2577.169,-6263.911,7.16,-1.087,-1.891,19.72,LISTENING
72386.69,-2069.526,-2584.364,-6276.401,7.175,-1.068,-1.845,19.72,SENSING
72386.69,-2069.526,-2584.364,-6276.401,7.175,-1.068,-1.845,19.72,LISTENING
72387.45,-2064.076,-2585.173,-6277.8,7.177,-1.065,-1.839,19.72,SENSING
72387.45,-2064.076,-2585.173,-6277.8,7.177,-1.065,-1.839,19.72,LISTENING
72390.0,-2045.78,-2587.876,-6282.465,7.183,-1.058,-1.821,19.72,SENSING
72390.0,-2045.78,-2587.876,-6282.465,7.183,-1.058,-1.821,19.72,LISTENING
72390.0,-2045.78,-2587.876,-6282.465,7.183,-1.058,-1.821,19.72,SENSING
72390.0,-2045.78,-2587.876,-6282.465,7.183,-1.058,-1.821,19.72,LISTENING
72395.35,-2007.346,-2593.486,-6292.104,7.195,-1.043,-1.784,19.72,SENSING
72395.35,-2007.346,-2593.486,-6292.104,7.195,-1.043,-1.784,19.72,LISTENING
72420.0,-1829.455,-2618.266,-6333.918,7.248,-0.971,-1.61,19.72,SENSING
72420.0,-1829.455,-2618.266,-6333.918,7.248,-0.971,-1.61,19.72,LISTENING
72428.08,-1770.869,-2626.004,-6346.691,7.264,-0.947,-1.553,19.72,SENSING
72428.08,-1770.869,-2626.004,-6346.691,7.264,-0.947,-1.553,19.72,LISTENING
72440.0,-1684.206,-2637.072,-6364.69,7.287,-0.912,-1.468,19.72,SENSING
72440.0,-1684.206,-2637.072,-6364.69,7.287,-0.912,-1.468,19.72,LISTENING
72449.53,-1614.726,-2645.62,-6378.355,7.305,-0.884,-1.401,19.72,SENSING
72449.53,-1614.726,-2645.62,-6378.355,7.305,-0.884,-1.401,19.72,LISTENING
72452.06,-1596.253,-2647.844,-6381.874,7.309,-0.877,-1.383,19.72,SENSING
72452.06,-1596.253,-2647.844,-6381.874,7.309,-0.877,-1.383,19.72,LISTENING
72460.0,-1538.204,-2654.703,-6392.621,7.323,-0.853,-1.326,19.72,SENSING
72460.0,-1538.204,-2654.703,-6392.621,7.323,-0.853,-1.326,19.72,LISTENING
72470.8,-1459.074,-2663.733,-6406.518,7.341,-0.821,-1.249,19.72,SENSING
72470.8,-1459.074,-2663.733,-6406.518,7.341,-0.821,-1.249,19.72,LISTENING
72480.0,-1391.517,-2671.152,-6417.697,7.356,-0.794,-1.183,19.72,SENSING
72480.0,-1391.517,-2671.152,-6417.697,7.356,-0.794,-1.183,19.72,LISTENING
72490.0,-1317.935,-2678.93,-6429.159,7.371,-0.764,-1.111,19.72,SENSING
72490.0,-1317.935,-2678.93,-6429.159,7.371,-0.764,-1.111,19.72,LISTENING
72490.0,-1317.935,-2678.93,-6429.159,7.371,-0.764,-1.111,19.72,SENSING
72490.0,-1317.935,-2678.93,-6429.159,7.371,-0.764,-1.111,19.72,LISTENING
72491.35,-1307.991,-2679.957,-6430.652,7.373,-0.76,-1.101,19.72,SENSING
72491.35,-1307.991,-2679.957,-6430.652,7.373,-0.76,-1.101,19.72,LISTENING
72500.0,-1244.207,-2686.41,-6439.903,7.385,-0.734,-1.039,19.72,SENSING
72500.0,-1244.207,-2686.41,-6439.903,7.385,-0.734,-1.039,19.72,LISTENING
72520.0,-1096.341,-2700.469,-6459.229,7.411,-0.674,-0.895,19.72,SENSING
72520.0,-1096.341,-2700.469,-6459.229,7.411,-0.674,-0.895,19.72,LISTENING
72520.0,-1096.341,-2700.469,-6459.229,7.411,-0.674,-0.895,19.72,SENSING
72520.0,-1096.341,-2700.469,-6459.229,7.411,-0.674,-0.895,19.72,MESSAGING
72520.0,-1096.341,-2700.469,-6459.229,7.411,-0.674,-0.895,19.72,MESSAGING
72520.0,-1096.341,-2700.469,-6459.229,7.411,-0.674,-0.895,19.72,SENSING
72520.0,-1096.341,-2700.469,-6459.229,7.411,-0.674,-0.895,19.72,LISTENING
72520.0,-1096.341,-2700.469,-6459.229,7.411,-0.674,-0.895,19.72,SENSING
72520.0,-1096.341,-2700.469,-6459.229,7.411,-0.674,-0.895,19.72,MESSAGING
72520.0,-1096.341,-2700.469,-6459.229,7.411,-0.674,-0.895,19.72,MESSAGING
72520.0,-1096.341,-2700.469,-6459.229,7.411,-0.674,-0.895,19.72,SENSING
72520.0,-1096.341,-2700.469,-6459.229,7.411,-0.674,-0.895,19.72,LISTENING
72520.0,-1096.341,-2700.469,-6459.229,7.411,-0.674,-0.895,19.72,SENSING
72520.0,-1096.341,-2700.469,-6459.229,7.411,-0.674,-0.895,19.72,LISTENING
72527.28,-1042.393,-2705.288,-6465.546,7.42,-0.652,-0.842,19.72,SENSING
72527.28,-1042.393,-2705.288,-6465.546,7.42,-0.652,-0.842,19.72,LISTENING
72530.0,-1022.22,-2707.047,-6467.808,7.423,-0.644,-0.822,19.72,SENSING
72530.0,-1022.22,-2707.047,-6467.808,7.423,-0.644,-0.822,19.72,LISTENING
72540.0,-947.985,-2713.323,-6475.664,7.434,-0.613,-0.75,19.72,SENSING
72540.0,-947.985,-2713.323,-6475.664,7.434,-0.613,-0.75,19.72,LISTENING
72544.03,-918.038,-2715.767,-6478.625,7.438,-0.601,-0.72,19.72,SENSING
72544.03,-918.038,-2715.767,-6478.625,7.438,-0.601,-0.72,19.72,LISTENING
72550.0,-873.643,-2719.296,-6482.794,7.444,-0.583,-0.677,19.72,SENSING
72550.0,-873.643,-2719.296,-6482.794,7.444,-0.583,-0.677,19.72,LISTENING
72556.61,-824.45,-2723.078,-6487.109,7.451,-0.563,-0.629,19.72,SENSING
72556.61,-824.45,-2723.078,-6487.109,7.451,-0.563,-0.629,19.72,LISTENING
72560.0,-799.204,-2724.966,-6489.199,7.454,-0.552,-0.604,19.72,SENSING
72560.0,-799.204,-2724.966,-6489.199,7.454,-0.552,-0.604,19.72,LISTENING
72569.19,-730.716,-2729.907,-6494.443,7.462,-0.524,-0.538,19.72,SENSING
72569.19,-730.716,-2729.907,-6494.443,7.462,-0.524,-0.538,19.72,LISTENING
72570.0,-724.676,-2730.33,-6494.876,7.462,-0.522,-0.532,19.72,SENSING
72570.0,-724.676,-2730.33,-6494.876,7.462,-0.522,-0.532,19.72,LISTENING
72580.0,-650.066,-2735.39,-6499.825,7.47,-0.491,-0.459,19.72,SENSING
72580.0,-650.066,-2735.39,-6499.825,7.47,-0.491,-0.459,19.72,LISTENING
72610.0,-425.833,-2748.731,-6510.298,7.488,-0.399,-0.24,19.72,SENSING
72610.0,-425.833,-2748.731,-6510.298,7.488,-0.399,-0.24,19.72,LISTENING
72610.0,-425.833,-2748.731,-6510.298,7.488,-0.399,-0.24,19.72,SENSING
72610.0,-425.833,-2748.731,-6510.298,7.488,-0.399,-0.24,19.72,LISTENING
72617.09,-372.768,-2751.48,-6511.813,7.491,-0.377,-0.188,19.72,SENSING
72617.09,-372.768,-2751.48,-6511.813,7.491,-0.377,-0.188,19.72,LISTENING
72620.0,-350.982,-2752.563,-6512.329,7.493,-0.368,-0.167,19.72,SENSING
72620.0,-350.982,-2752.563,-6512.329,7.493,-0.368,-0.167,19.72,LISTENING
72620.0,-350.982,-2752.563,-6512.329,7.493,-0.368,-0.167,19.72,SENSING
72620.0,-350.982,-2752.563,-6512.329,7.493,-0.368,-0.167,19.72,LISTENING
72632.69,-255.94,-2756.983,-6513.853,7.497,-0.329,-0.074,19.72,SENSING
72632.69,-255.94,-2756.983,-6513.853,7.497,-0.329,-0.074,19.72,LISTENING
72660.0,-51.268,-2764.807,-6513.138,7.502,-0.244,0.126,19.72,SENSING
72660.0,-51.268,-2764.807,-6513.138,7.502,-0.244,0.126,19.72,LISTENING
72660.0,-51.268,-2764.807,-6513.138,7.502,-0.244,0.126,19.72,SENSING
72660.0,-51.268,-2764.807,-6513.138,7.502,-0.244,0.126,19.72,LISTENING
72670.0,23.695,-2767.094,-6511.51,7.502,-0.213,0.199,19.72,SENSING
72670.0,23.695,-2767.094,-6511.51,7.502,-0.213,0.199,19.72,LISTENING
72675.04,61.477,-2768.129,-6510.412,7.502,-0.198,0.236,19.72,SENSING
72675.04,61.477,-2768.129,-6510.412,7.502,-0.198,0.236,19.72,LISTENING
72680.0,98.656,-2769.07,-6509.151,7.501,-0.182,0.273,19.72,SENSING
72680.0,98.656,-2769.07,-6509.151,7.501,-0.182,0.273,19.72,LISTENING
72680.0,98.656,-2769.07,-6509.151,7.501,-0.182,0.273,19.72,SENSING
72680.0,98.656,-2769.07,-6509.151,7.501,-0.182,0.273,19.72,LISTENING
72686.16,144.828,-2770.134,-6507.333,7.5,-0.163,0.318,19.72,SENSING
72686.16,144.828,-2770.134,-6507.333,7.5,-0.163,0.318,19.72,LISTENING
72690.0,173.607,-2770.737,-6506.059,7.5,-0.151,0.346,19.72,SENSING
72690.0,173.607,-2770.737,-6506.059,7.5,-0.151,0.346,19.72,LISTENING
72690.0,173.607,-2770.737,-6506.059,7.5,-0.151,0.346,19.72,SENSING
72690.0,173.607,-2770.737,-6506.059,7.5,-0.151,0.346,19.72,LISTENING
72718.01,383.41,-2773.748,-6493.503,7.491,-0.064,0.551,19.72,SENSING
72718.01,383.41,-2773.748,-6493.503,7.491,-0.064,0.551,19.72,LISTENING
72730.0,473.127,-2774.29,-6486.375,7.485,-0.026,0.639,19.72,SENSING
72730.0,473.127,-2774.29,-6486.375,7.485,-0.026,0.639,19.72,LISTENING
72730.0,473.127,-2774.29,-6486.375,7.485,-0.026,0.639,19.72,SENSING
72730.0,473.127,-2774.29,-6486.375,7.485,-0.026,0.639,19.72,LISTENING
72743.02,570.463,-2774.371,-6477.445,7.477,0.014,0.734,19.72,SENSING
72743.02,570.463,-2774.371,-6477.445,7.477,0.014,0.734,19.72,LISTENING
72745.66,590.186,-2774.323,-6475.483,7.476,0.023,0.753,19.72,SENSING
72745.66,590.186,-2774.323,-6475.483,7.476,0.023,0.753,19.72,LISTENING
72750.0,622.601,-2774.197,-6472.148,7.473,0.036,0.785,19.72,SENSING
72750.0,622.601,-2774.197,-6472.148,7.473,0.036,0.785,19.72,LISTENING
72760.0,697.236,-2773.683,-6463.94,7.465,0.067,0.858,19.72,SENSING
72760.0,697.236,-2773.683,-6463.94,7.465,0.067,0.858,19.72,LISTENING
72760.0,697.236,-2773.683,-6463.94,7.465,0.067,0.858,19.72,SENSING
72760.0,697.236,-2773.683,-6463.94,7.465,0.067,0.858,19.72,LISTENING
72760.0,697.236,-2773.683,-6463.94,7.465,0.067,0.858,19.72,SENSING
72760.0,697.236,-2773.683,-6463.94,7.465,0.067,0.858,19.72,MESSAGING
72760.0,697.236,-2773.683,-6463.94,7.465,0.067,0.858,19.72,SENSING
72760.0,697.236,-2773.683,-6463.94,7.465,0.067,0.858,19.72,LISTENING
72760.0,697.236,-2773.683,-6463.94,7.465,0.067,0.858,19.72,SENSING
72760.0,697.236,-2773.683,-6463.94,7.465,0.067,0.858,19.72,MESSAGING
72760.0,697.236,-2773.683,-6463.94,7.465,0.067,0.858,19.72,SENSING
72760.0,697.236,-2773.683,-6463.94,7.465,0.067,0.858,19.72,LISTENING
72760.0,697.236,-2773.683,-6463.94,7.465,0.067,0.858,19.72,SENSING
72760.0,697.236,-2773.683,-6463.94,7.465,0.067,0.858,19.72,LISTENING
72765.94,741.534,-2773.23,-6458.719,7.46,0.086,0.901,19.72,SENSING
72765.94,741.534,-2773.23,-6458.719,7.46,0.086,0.901,19.72,LISTENING
72766.55,746.081,-2773.177,-6458.168,7.46,0.088,0.905,19.72,SENSING
72766.55,746.081,-2773.177,-6458.168,7.46,0.088,0.905,19.72,LISTENING
72770.0,771.794,-2772.857,-6455.002,7.457,0.099,0.931,19.72,SENSING
72770.0,771.794,-2772.857,-6455.002,7.457,0.099,0.931,19.72,LISTENING
72770.0,771.794,-2772.857,-6455.002,7.457,0.099,0.931,19.72,SENSING
72770.0,771.794,-2772.857,-6455.002,7.457,0.099,0.931,19.72,LISTENING
72794.07,950.88,-2769.589,-6430.507,7.433,0.174,1.106,19.72,SENSING
72794.07,950.88,-2769.589,-6430.507,7.433,0.174,1.106,19.72,LISTENING
72795.75,963.358,-2769.294,-6428.64,7.432,0.179,1.118,19.72,SENSING
72795.75,963.358,-2769.294,-6428.64,7.432,0.179,1.118,19.72,LISTENING
72800.0,994.91,-2768.507,-6423.826,7.427,0.192,1.149,19.72,SENSING
72800.0,994.91,-2768.507,-6423.826,7.427,0.192,1.149,19.72,LISTENING
72806.11,1040.235,-2767.277,-6416.676,7.42,0.211,1.193,19.72,SENSING
72806.11,1040.235,-2767.277,-6416.676,7.42,0.211,1.193,19.72,LISTENING
72810.0,1069.069,-2766.433,-6411.983,7.415,0.224,1.221,19.72,SENSING
72810.0,1069.069,-2766.433,-6411.983,7.415,0.224,1.221,19.72,LISTENING
72810.0,1069.069,-2766.433,-6411.983,7.415,0.224,1.221,19.72,SENSING
72810.0,1069.069,-2766.433,-6411.983,7.415,0.224,1.221,19.72,LISTENING
72820.0,1143.107,-2764.048,-6399.415,7.403,0.255,1.294,19.72,SENSING
72820.0,1143.107,-2764.048,-6399.415,7.403,0.255,1.294,19.72,LISTENING
72823.82,1171.356,-2763.055,-6394.423,7.398,0.267,1.321,19.72,SENSING
72823.82,1171.356,-2763.055,-6394.423,7.398,0.267,1.321,19.72,LISTENING
72830.0,1217.016,-2761.352,-6386.124,7.389,0.286,1.366,19.72,SENSING
72830.0,1217.016,-2761.352,-6386.124,7.389,0.286,1.366,19.72,LISTENING
72830.0,1217.016,-2761.352,-6386.124,7.389,0.286,1.366,19.72,SENSING
72830.0,1217.016,-2761.352,-6386.124,7.389,0.286,1.366,19.72,LISTENING
72831.45,1227.721,-2760.935,-6384.137,7.387,0.291,1.376,19.72,SENSING
72831.45,1227.721,-2760.935,-6384.137,7.387,0.291,1.376,19.72,LISTENING
72835.75,1259.452,-2759.66,-6378.155,7.381,0.304,1.407,19.72,SENSING
72835.75,1259.452,-2759.66,-6378.155,7.381,0.304,1.407,19.72,LISTENING
72840.0,1290.787,-2758.344,-6372.111,7.375,0.317,1.438,19.72,SENSING
72840.0,1290.787,-2758.344,-6372.111,7.375,0.317,1.438,19.72,LISTENING
72840.0,1290.787,-2758.344,-6372.111,7.375,0.317,1.438,19.72,SENSING
72840.0,1290.787,-2758.344,-6372.111,7.375,0.317,1.438,19.72,LISTENING
72846.03,1335.201,-2756.38,-6363.314,7.366,0.336,1.481,19.72,SENSING
72846.03,1335.201,-2756.38,-6363.314,7.366,0.336,1.481,19.72,LISTENING
72850.0,1364.412,-2755.025,-6357.379,7.36,0.348,1.51,19.72,SENSING
72850.0,1364.412,-2755.025,-6357.379,7.36,0.348,1.51,19.72,LISTENING
72850.0,1364.412,-2755.025,-6357.379,7.36,0.348,1.51,19.72,SENSING
72850.0,1364.412,-2755.025,-6357.379,7.36,0.348,1.51,19.72,LISTENING
72855.57,1405.355,-2753.042,-6348.861,7.352,0.366,1.55,19.72,SENSING
72855.57,1405.355,-2753.042,-6348.861,7.352,0.366,1.55,19.72,LISTENING
72860.0,1437.884,-2751.396,-6341.927,7.344,0.379,1.582,19.72,SENSING
72860.0,1437.884,-2751.396,-6341.927,7.344,0.379,1.582,19.72,LISTENING
72865.49,1478.151,-2749.271,-6333.139,7.335,0.397,1.621,19.72,SENSING
72865.49,1478.151,-2749.271,-6333.139,7.335,0.397,1.621,19.72,LISTENING
72870.0,1511.192,-2747.456,-6325.758,7.328,0.411,1.654,19.72,SENSING
72870.0,1511.192,-2747.456,-6325.758,7.328,0.411,1.654,19.72,LISTENING
72870.0,1511.192,-2747.456,-6325.758,7.328,0.411,1.654,19.72,SENSING
72870.0,1511.192,-2747.456,-6325.758,7.328,0.411,1.654,19.72,LISTENING
72880.0,1584.33,-2743.206,-6308.874,7.31,0.442,1.725,19.72,SENSING
72880.0,1584.33,-2743.206,-6308.874,7.31,0.442,1.725,19.72,LISTENING
72881.92,1598.352,-2742.354,-6305.55,7.307,0.448,1.739,19.72,SENSING
72881.92,1598.352,-2742.354,-6305.55,7.307,0.448,1.739,19.72,LISTENING
72882.77,1604.558,-2741.974,-6304.07,7.305,0.45,1.745,19.72,SENSING
72882.77,1604.558,-2741.974,-6304.07,7.305,0.45,1.745,19.72,LISTENING
72890.0,1657.289,-2738.646,-6291.275,7.292,0.473,1.796,19.72,SENSING
72890.0,1657.289,-2738.646,-6291.275,7.292,0.473,1.796,19.72,LISTENING
72890.0,1657.289,-2738.646,-6291.275,7.292,0.473,1.796,19.72,SENSING
72890.0,1657.289,-2738.646,-6291.275,7.292,0.473,1.796,19.72,LISTENING
72896.12,1701.847,-2735.703,-6280.153,7.28,0.492,1.84,19.72,SENSING
72896.12,1701.847,-2735.703,-6280.153,7.28,0.492,1.84,19.72,LISTENING
72900.0,1730.06,-2733.777,-6272.964,7.273,0.504,1.868,19.72,SENSING
72900.0,1730.06,-2733.777,-6272.964,7.273,0.504,1.868,19.72,LISTENING
72905.63,1770.944,-2730.9,-6262.342,7.261,0.521,1.908,19.72,SENSING
72905.63,1770.944,-2730.9,-6262.342,7.261,0.521,1.908,19.72,LISTENING
72910.0,1802.634,-2728.599,-6253.943,7.253,0.534,1.939,19.72,SENSING
72910.0,1802.634,-2728.599,-6253.943,7.253,0.534,1.939,19.72,LISTENING
72910.0,1802.634,-2728.599,-6253.943,7.253,0.534,1.939,19.72,SENSING
72910.0,1802.634,-2728.599,-6253.943,7.253,0.534,1.939,19.72,LISTENING
72916.57,1850.206,-2725.03,-6241.06,7.239,0.555,1.985,19.72,SENSING
72916.57,1850.206,-2725.03,-6241.06,7.239,0.555,1.985,19.72,LISTENING
72920.0,1875.006,-2723.113,-6234.213,7.232,0.565,2.009,19.72,SENSING
72920.0,1875.006,-2723.113,-6234.213,7.232,0.565,2.009,19.72,LISTENING
72920.0,1875.006,-2723.113,-6234.213,7.232,0.565,2.009,19.72,SENSING
72920.0,1875.006,-2723.113,-6234.213,7.232,0.565,2.009,19.72,LISTENING
72925.96,1918.038,-2719.697,-6222.118,7.219,0.584,2.051,19.72,SENSING
72925.96,1918.038,-2719.697,-6222.118,7.219,0.584,2.051,19.72,LISTENING
72980.0,2304.483,-2683.755,-6101.076,7.089,0.749,2.429,19.72,SENSING
72980.0,2304.483,-2683.755,-6101.076,7.089,0.749,2.429,19.72,LISTENING
72990.0,2375.194,-2676.127,-6076.448,7.063,0.78,2.499,19.72,SENSING
72990.0,2375.194,-2676.127,-6076.448,7.063,0.78,2.499,19.72,LISTENING
72996.29,2419.535,-2671.174,-6060.603,7.046,0.799,2.542,19.72,SENSING
72996.29,2419.535,-2671.174,-6060.603,7.046,0.799,2.542,19.72,LISTENING
73000.0,2445.636,-2668.197,-6051.13,7.036,0.81,2.567,19.72,SENSING
73000.0,2445.636,-2668.197,-6051.13,7.036,0.81,2.567,19.72,LISTENING
73000.0,2445.636,-2668.197,-6051.13,7.036,0.81,2.567,19.72,SENSING
73000.0,2445.636,-2668.197,-6051.13,7.036,0.81,2.567,19.72,LISTENING
73006.78,2493.239,-2662.648,-6033.574,7.017,0.83,2.614,19.72,SENSING
73006.78,2493.239,-2662.648,-6033.574,7.017,0.83,2.614,19.72,LISTENING
73010.0,2515.801,-2659.964,-6025.125,7.007,0.84,2.636,19.72,SENSING
73010.0,2515.801,-2659.964,-6025.125,7.007,0.84,2.636,19.72,LISTENING
73010.0,2515.801,-2659.964,-6025.125,7.007,0.84,2.636,19.72,SENSING
73010.0,2515.801,-2659.964,-6025.125,7.007,0.84,2.636,19.72,LISTENING
73017.77,2570.122,-2653.359,-6004.446,6.985,0.864,2.689,19.72,SENSING
73017.77,2570.122,-2653.359,-6004.446,6.985,0.864,2.689,19.72,LISTENING
73020.0,2585.68,-2651.43,-5998.435,6.978,0.87,2.704,19.72,SENSING
73020.0,2585.68,-2651.43,-5998.435,6.978,0.87,2.704,19.72,LISTENING
73030.0,2655.265,-2642.595,-5971.064,6.949,0.9,2.773,19.72,SENSING
73030.0,2655.265,-2642.595,-5971.064,6.949,0.9,2.773,19.72,LISTENING
73037.17,2704.972,-2636.076,-5951.02,6.927,0.922,2.821,19.72,SENSING
73037.17,2704.972,-2636.076,-5951.02,6.927,0.922,2.821,19.72,LISTENING
73040.0,2724.548,-2633.46,-5943.013,6.918,0.93,2.84,19.72,SENSING
73040.0,2724.548,-2633.46,-5943.013,6.918,0.93,2.84,19.72,LISTENING
73040.0,2724.548,-2633.46,-5943.013,6.918,0.93,2.84,19.72,SENSING
73040.0,2724.548,-2633.46,-5943.013,6.918,0.93,2.84,19.72,LISTENING
73050.0,2793.521,-2624.027,-5914.287,6.887,0.96,2.908,19.72,SENSING
73050.0,2793.521,-2624.027,-5914.287,6.887,0.96,2.908,19.72,LISTENING
73057.35,2844.014,-2616.903,-5892.744,6.863,0.982,2.957,19.72,SENSING
73057.35,2844.014,-2616.903,-5892.744,6.863,0.982,2.957,19.72,LISTENING
73060.0,2862.177,-2614.296,-5884.888,6.854,0.99,2.975,19.72,SENSING
73060.0,2862.177,-2614.296,-5884.888,6.854,0.99,2.975,19.72,LISTENING
73060.0,2862.177,-2614.296,-5884.888,6.854,0.99,2.975,19.72,SENSING
73060.0,2862.177,-2614.296,-5884.888,6.854,0.99,2.975,19.72,LISTENING
73080.0,2998.504,-2593.944,-5824.085,6.788,1.049,3.108,19.72,SENSING
73080.0,2998.504,-2593.944,-5824.085,6.788,1.049,3.108,19.72,LISTENING
73086.83,3044.75,-2586.724,-5802.711,6.764,1.069,3.154,19.72,SENSING
73086.83,3044.75,-2586.724,-5802.711,6.764,1.069,3.154,19.72,LISTENING
73086.89,3045.155,-2586.66,-5802.522,6.764,1.07,3.154,19.72,SENSING
73086.89,3045.155,-2586.66,-5802.522,6.764,1.07,3.154,19.72,LISTENING
73090.0,3066.159,-2583.326,-5792.686,6.753,1.079,3.174,19.72,SENSING
73090.0,3066.159,-2583.326,-5792.686,6.753,1.079,3.174,19.72,LISTENING
73090.0,3066.159,-2583.326,-5792.686,6.753,1.079,3.174,19.72,SENSING
73090.0,3066.159,-2583.326,-5792.686,6.753,1.079,3.174,19.72,LISTENING
73096.62,3110.755,-2576.136,-5771.538,6.73,1.098,3.218,19.72,SENSING
73096.62,3110.755,-2576.136,-5771.538,6.73,1.098,3.218,19.72,LISTENING
73100.0,3133.465,-2572.415,-5760.629,6.718,1.108,3.24,19.72,SENSING
73100.0,3133.465,-2572.415,-5760.629,6.718,1.108,3.24,19.72,LISTENING
73100.0,3133.465,-2572.415,-5760.629,6.718,1.108,3.24,19.72,SENSING
73100.0,3133.465,-2572.415,-5760.629,6.718,1.108,3.24,19.72,LISTENING
73100.0,3133.465,-2572.415,-5760.629,6.718,1.108,3.24,19.72,SENSING
73100.0,3133.465,-2572.415,-5760.629,6.718,1.108,3.24,19.72,MESSAGING
73100.0,3133.465,-2572.415,-5760.629,6.718,1.108,3.24,19.72,SENSING
73100.0,3133.465,-2572.415,-5760.629,6.718,1.108,3.24,19.72,LISTENING
73100.0,3133.465,-2572.415,-5760.629,6.718,1.108,3.24,19.72,SENSING
73100.0,3133.465,-2572.415,-5760.629,6.718,1.108,3.24,19.72,LISTENING
73100.0,3133.465,-2572.415,-5760.629,6.718,1.108,3.24,19.72,SENSING
73100.0,3133.465,-2572.415,-5760.629,6.718,1.108,3.24,19.72,LISTENING
73106.8,3179.03,-2564.828,-5738.454,6.693,1.128,3.285,19.72,SENSING
73106.8,3179.03,-2564.828,-5738.454,6.693,1.128,3.285,19.72,LISTENING
73110.0,3200.415,-2561.211,-5727.915,6.682,1.137,3.306,19.72,SENSING
73110.0,3200.415,-2561.211,-5727.915,6.682,1.137,3.306,19.72,LISTENING
73110.0,3200.415,-2561.211,-5727.915,6.682,1.137,3.306,19.72,SENSING
73110.0,3200.415,-2561.211,-5727.915,6.682,1.137,3.306,19.72,LISTENING
73120.0,3267.0,-2549.716,-5694.548,6.645,1.166,3.371,19.72,SENSING
73120.0,3267.0,-2549.716,-5694.548,6.645,1.166,3.371,19.72,LISTENING
73126.62,3310.875,-2541.947,-5672.102,6.62,1.186,3.414,19.72,SENSING
73126.62,3310.875,-2541.947,-5672.102,6.62,1.186,3.414,19.72,LISTENING
73130.0,3333.213,-2537.931,-5660.532,6.607,1.195,3.436,19.72,SENSING
73130.0,3333.213,-2537.931,-5660.532,6.607,1.195,3.436,19.72,LISTENING
73130.0,3333.213,-2537.931,-5660.532,6.607,1.195,3.436,19.72,SENSING
73130.0,3333.213,-2537.931,-5660.532,6.607,1.195,3.436,19.72,LISTENING
73134.44,3362.49,-2532.606,-5645.222,6.59,1.208,3.464,19.72,SENSING
73134.44,3362.49,-2532.606,-5645.222,6.59,1.208,3.464,19.72,LISTENING
73140.0,3399.045,-2525.857,-5625.871,6.569,1.224,3.5,19.72,SENSING
73140.0,3399.045,-2525.857,-5625.871,6.569,1.224,3.5,19.72,LISTENING
73146.11,3439.079,-2518.339,-5604.377,6.545,1.242,3.539,19.72,SENSING
73146.11,3439.079,-2518.339,-5604.377,6.545,1.242,3.539,19.72,LISTENING
73150.0,3464.491,-2513.497,-5590.568,6.53,1.253,3.564,19.72,SENSING
73150.0,3464.491,-2513.497,-5590.568,6.53,1.253,3.564,19.72,LISTENING
73150.0,3464.491,-2513.497,-5590.568,6.53,1.253,3.564,19.72,SENSING
73150.0,3464.491,-2513.497,-5590.568,6.53,1.253,3.564,19.72,LISTENING
73157.47,3513.121,-2504.076,-5563.78,6.5,1.274,3.612,19.72,SENSING
73157.47,3513.121,-2504.076,-5563.78,6.5,1.274,3.612,19.72,LISTENING
73160.0,3529.541,-2500.85,-5554.627,6.49,1.282,3.628,19.72,SENSING
73160.0,3529.541,-2500.85,-5554.627,6.49,1.282,3.628,19.72,LISTENING
73160.0,3529.541,-2500.85,-5554.627,6.49,1.282,3.628,19.72,SENSING
73160.0,3529.541,-2500.85,-5554.627,6.49,1.282,3.628,19.72,LISTENING
73166.89,3574.127,-2491.97,-5529.495,6.462,1.301,3.671,19.72,SENSING
73166.89,3574.127,-2491.97,-5529.495,6.462,1.301,3.671,19.72,LISTENING
73168.93,3587.29,-2489.315,-5521.997,6.453,1.307,3.684,19.72,SENSING
73168.93,3587.29,-2489.315,-5521.997,6.453,1.307,3.684,19.72,MANEUVERING
73168.93,3587.29,-2489.315,-5521.997,6.453,1.307,3.684,19.72,LISTENING
73170.0,3594.188,-2487.918,-5518.053,6.449,1.31,3.691,18.65,MANEUVERING
73170.0,3594.188,-2487.918,-5518.053,6.449,1.31,3.691,18.65,SENSING
73170.0,3594.188,-2487.918,-5518.053,6.449,1.31,3.691,18.65,MANEUVERING
73170.0,3594.188,-2487.918,-5518.053,6.449,1.31,3.691,18.65,LISTENING
73180.0,3658.426,-2474.703,-5480.849,6.408,1.338,3.754,8.65,MANEUVERING
73180.0,3658.426,-2474.703,-5480.849,6.408,1.338,3.754,8.65,SENSING
73180.0,3658.426,-2474.703,-5480.849,6.408,1.338,3.754,8.65,MANEUVERING
73180.0,3658.426,-2474.703,-5480.849,6.408,1.338,3.754,8.65,LISTENING
73180.0,3658.426,-2474.703,-5480.849,6.408,1.338,3.754,8.65,MANEUVERING
73180.0,3658.426,-2474.703,-5480.849,6.408,1.338,3.754,8.65,SENSING
73180.0,3658.426,-2474.703,-5480.849,6.408,1.338,3.754,8.65,MESSAGING
73180.0,3658.426,-2474.703,-5480.849,6.408,1.338,3.754,8.65,SENSING
73180.0,3658.426,-2474.703,-5480.849,6.408,1.338,3.754,8.65,MANEUVERING
73180.0,3658.426,-2474.703,-5480.849,6.408,1.338,3.754,8.65,LISTENING
73180.0,3658.426,-2474.703,-5480.849,6.408,1.338,3.754,8.65,MANEUVERING
73180.0,3658.426,-2474.703,-5480.849,6.408,1.338,3.754,8.65,SENSING
73180.0,3658.426,-2474.703,-5480.849,6.408,1.338,3.754,8.65,MESSAGING
73180.0,3658.426,-2474.703,-5480.849,6.408,1.338,3.754,8.65,SENSING
73180.0,3658.426,-2474.703,-5480.849,6.408,1.338,3.754,8.65,MANEUVERING
73180.0,3658.426,-2474.703,-5480.849,6.408,1.338,3.754,8.65,LISTENING
73180.0,3658.426,-2474.703,-5480.849,6.408,1.338,3.754,8.65,MANEUVERING
73180.0,3658.426,-2474.703,-5480.849,6.408,1.338,3.754,8.65,SENSING
73180.0,3658.426,-2474.703,-5480.849,6.408,1.338,3.754,8.65,MESSAGING
73180.0,3658.426,-2474.703,-5480.849,6.408,1.338,3.754,8.65,MESSAGING
73180.0,3658.426,-2474.703,-5480.849,6.408,1.338,3.754,8.65,SENSING
73180.0,3658.426,-2474.703,-5480.849,6.408,1.338,3.754,8.65,MANEUVERING
73180.0,3658.426,-2474.703,-5480.849,6.408,1.338,3.754,8.65,LISTENING
73180.0,3658.426,-2474.703,-5480.849,6.408,1.338,3.754,8.65,MANEUVERING
73180.0,3658.426,-2474.703,-5480.849,6.408,1.338,3.754,8.65,SENSING
73180.0,3658.426,-2474.703,-5480.849,6.408,1.338,3.754,8.65,MANEUVERING
73180.0,3658.426,-2474.703,-5480.849,6.408,1.338,3.754,8.65,LISTENING
73190.0,3722.246,-2461.207,-5443.019,6.365,1.366,3.816,-1.35,MANEUVERING
73190.0,3722.246,-2461.207,-5443.019,6.365,1.366,3.816,-1.35,SENSING
73190.0,3722.246,-2461.207,-5443.019,6.365,1.366,3.816,-1.35,MANEUVERING
73190.0,3722.246,-2461.207,-5443.019,6.365,1.366,3.816,-1.35,LISTENING
73196.99,3766.604,-2451.606,-5416.206,6.336,1.386,3.859,-8.34,MANEUVERING
73196.99,3766.604,-2451.606,-5416.206,6.336,1.386,3.859,-8.34,SENSING
73196.99,3766.604,-2451.606,-5416.206,6.336,1.386,3.859,-8.34,MANEUVERING
73196.99,3766.604,-2451.606,-5416.206,6.336,1.386,3.859,-8.34,LISTENING
73200.0,3785.641,-2447.43,-5404.567,6.323,1.394,3.878,-11.35,MANEUVERING
73200.0,3785.641,-2447.43,-5404.567,6.323,1.394,3.878,-11.35,SENSING
73200.0,3785.641,-2447.43,-5404.567,6.323,1.394,3.878,-11.35,MANEUVERING
73200.0,3785.641,-2447.43,-5404.567,6.323,1.394,3.878,-11.35,LISTENING
73210.0,3848.604,-2433.374,-5365.498,6.279,1.422,3.94,-21.35,MANEUVERING
73210.0,3848.604,-2433.374,-5365.498,6.279,1.422,3.94,-21.35,SENSING
73210.0,3848.604,-2433.374,-5365.498,6.279,1.422,3.94,-21.35,MANEUVERING
73210.0,3848.604,-2433.374,-5365.498,6.279,1.422,3.94,-21.35,LISTENING
73210.0,3848.604,-2433.374,-5365.498,6.279,1.422,3.94,-21.35,MANEUVERING
73210.0,3848.604,-2433.374,-5365.498,6.279,1.422,3.94,-21.35,SENSING
73210.0,3848.604,-2433.374,-5365.498,6.279,1.422,3.94,-21.35,MANEUVERING
73210.0,3848.604,-2433.374,-5365.498,6.279,1.422,3.94,-21.35,LISTENING
73220.0,3911.127,-2419.041,-5325.816,6.235,1.45,4.001,-31.35,MANEUVERING
73220.0,3911.127,-2419.041,-5325.816,6.235,1.45,4.001,-31.35,SENSING
73220.0,3911.127,-2419.041,-5325.816,6.235,1.45,4.001,-31.35,MEASURING
73220.0,3911.127,-2419.041,-5325.816,6.235,1.45,4.001,-31.35,SENSING
73220.0,3911.127,-2419.041,-5325.816,6.235,1.45,4.001,-31.35,LISTENING
73226.19,3949.605,-2410.03,-5300.948,6.207,1.467,4.038,-31.35,SENSING
73226.19,3949.605,-2410.03,-5300.948,6.207,1.467,4.038,-31.35,LISTENING
73227.19,3955.805,-2408.564,-5296.908,6.202,1.47,4.044,-31.35,SENSING
73227.19,3955.805,-2408.564,-5296.908,6.202,1.47,4.044,-31.35,MANEUVERING
73227.19,3955.805,-2408.564,-5296.908,6.202,1.47,4.044,-31.35,LISTENING
73230.0,3973.203,-2404.432,-5285.526,6.19,1.478,4.061,-28.54,MANEUVERING
73230.0,3973.203,-2404.432,-5285.526,6.19,1.478,4.061,-28.54,SENSING
73230.0,3973.203,-2404.432,-5285.526,6.19,1.478,4.061,-28.54,MEASURING
73230.0,3973.203,-2404.432,-5285.526,6.19,1.478,4.061,-28.54,SENSING
73230.0,3973.203,-2404.432,-5285.526,6.19,1.478,4.061,-28.54,LISTENING
73236.84,4015.402,-2394.281,-5257.618,6.158,1.496,4.103,-28.54,SENSING
73236.84,4015.402,-2394.281,-5257.618,6.158,1.496,4.103,-28.54,MANEUVERING
73236.84,4015.402,-2394.281,-5257.618,6.158,1.496,4.103,-28.54,LISTENING
73240.0,4034.826,-2389.548,-5244.631,6.144,1.505,4.122,-31.7,MANEUVERING
73240.0,4034.826,-2389.548,-5244.631,6.144,1.505,4.122,-31.7,SENSING
73240.0,4034.826,-2389.548,-5244.631,6.144,1.505,4.122,-31.7,MEASURING
73240.0,4034.826,-2389.548,-5244.631,6.144,1.505,4.122,-31.7,SENSING
73240.0,4034.826,-2389.548,-5244.631,6.144,1.505,4.122,-31.7,LISTENING
73246.74,4076.099,-2379.363,-5216.729,6.112,1.523,4.162,-31.7,SENSING
73246.74,4076.099,-2379.363,-5216.729,6.112,1.523,4.162,-31.7,LISTENING
73250.0,4095.987,-2374.393,-5203.136,6.097,1.532,4.181,-31.7,SENSING
73250.0,4095.987,-2374.393,-5203.136,6.097,1.532,4.181,-31.7,MEASURING
73250.0,4095.987,-2374.393,-5203.136,6.097,1.532,4.181,-31.7,SENSING
73250.0,4095.987,-2374.393,-5203.136,6.097,1.532,4.181,-31.7,LISTENING
73260.0,4156.679,-2358.966,-5161.046,6.05,1.559,4.241,-31.7,SENSING
73260.0,4156.679,-2358.966,-5161.046,6.05,1.559,4.241,-31.7,MEASURING
73260.0,4156.679,-2358.966,-5161.046,6.05,1.559,4.241,-31.7,SENSING
73260.0,4156.679,-2358.966,-5161.046,6.05,1.559,4.241,-31.7,LISTENING
73267.07,4199.303,-2347.897,-5130.932,6.016,1.578,4.282,-31.7,SENSING
73267.07,4199.303,-2347.897,-5130.932,6.016,1.578,4.282,-31.7,MANEUVERING
73267.07,4199.303,-2347.897,-5130.932,6.016,1.578,4.282,-31.7,LISTENING
73270.0,4216.897,-2343.27,-5118.366,6.002,1.586,4.3,-28.77,MANEUVERING
73270.0,4216.897,-2343.27,-5118.366,6.002,1.586,4.3,-28.77,SENSING
73270.0,4216.897,-2343.27,-5118.366,6.002,1.586,4.3,-28.77,MEASURING
73270.0,4216.897,-2343.27,-5118.366,6.002,1.586,4.3,-28.77,SENSING
73270.0,4216.897,-2343.27,-5118.366,6.002,1.586,4.3,-28.77,LISTENING
73283.98,4300.27,-2320.879,-5057.718,5.934,1.623,4.381,-28.77,SENSING
73283.98,4300.27,-2320.879,-5057.718,5.934,1.623,4.381,-28.77,MANEUVERING
73283.98,4300.27,-2320.879,-5057.718,5.934,1.623,4.381,-28.77,LISTENING
73290.0,4335.877,-2311.077,-5031.253,5.904,1.639,4.416,-22.75,MANEUVERING
73290.0,4335.877,-2311.077,-5031.253,5.904,1.639,4.416,-22.75,SENSING
73290.0,4335.877,-2311.077,-5031.253,5.904,1.639,4.416,-22.75,MEASURING
73290.0,4335.877,-2311.077,-5031.253,5.904,1.639,4.416,-22.75,SENSING
73290.0,4335.877,-2311.077,-5031.253,5.904,1.639,4.416,-22.75,LISTENING
73301.0,4400.474,-2292.92,-4982.356,5.849,1.668,4.479,-22.75,SENSING
73301.0,4400.474,-2292.92,-4982.356,5.849,1.668,4.479,-22.75,LISTENING
73320.0,4510.609,-2260.813,-4896.276,5.752,1.718,4.586,-22.75,SENSING
73320.0,4510.609,-2260.813,-4896.276,5.752,1.718,4.586,-22.75,LISTENING
73320.0,4510.609,-2260.813,-4896.276,5.752,1.718,4.586,-22.75,SENSING
73320.0,4510.609,-2260.813,-4896.276,5.752,1.718,4.586,-22.75,LISTENING
73329.28,4563.727,-2244.791,-4853.494,5.704,1.742,4.638,-22.75,SENSING
73329.28,4563.727,-2244.791,-4853.494,5.704,1.742,4.638,-22.75,LISTENING
73341.38,4632.308,-2223.569,-4796.993,5.64,1.773,4.705,-22.75,SENSING
73341.38,4632.308,-2223.569,-4796.993,5.64,1.773,4.705,-22.75,MANEUVERING
73341.38,4632.308,-2223.569,-4796.993,5.64,1.773,4.705,-22.75,LISTENING
73350.0,4680.692,-2208.224,-4756.25,5.594,1.795,4.753,-31.37,MANEUVERING
73350.0,4680.692,-2208.224,-4756.25,5.594,1.795,4.753,-31.37,SENSING
73350.0,4680.692,-2208.224,-4756.25,5.594,1.795,4.753,-31.37,MEASURING
73350.0,4680.692,-2208.224,-4756.25,5.594,1.795,4.753,-31.37,SENSING
73350.0,4680.692,-2208.224,-4756.25,5.594,1.795,4.753,-31.37,LISTENING
73355.07,4708.964,-2199.11,-4732.097,5.567,1.807,4.78,-31.37,SENSING
73355.07,4708.964,-2199.11,-4732.097,5.567,1.807,4.78,-31.37,MANEUVERING
73355.07,4708.964,-2199.11,-4732.097,5.567,1.807,4.78,-31.37,LISTENING
73355.97,4713.968,-2197.485,-4727.795,5.562,1.81,4.785,-30.47,MANEUVERING
73355.97,4713.968,-2197.485,-4727.795,5.562,1.81,4.785,-30.47,SENSING
73355.97,4713.968,-2197.485,-4727.795,5.562,1.81,4.785,-30.47,MANEUVERING
73355.97,4713.968,-2197.485,-4727.795,5.562,1.81,4.785,-30.47,LISTENING
73380.0,4845.947,-2153.361,-4611.317,5.43,1.87,4.914,-6.44,MANEUVERING
73380.0,4845.947,-2153.361,-4611.317,5.43,1.87,4.914,-6.44,SENSING
73380.0,4845.947,-2153.361,-4611.317,5.43,1.87,4.914,-6.44,MANEUVERING
73380.0,4845.947,-2153.361,-4611.317,5.43,1.87,4.914,-6.44,LISTENING
73380.0,4845.947,-2153.361,-4611.317,5.43,1.87,4.914,-6.44,MANEUVERING
73380.0,4845.947,-2153.361,-4611.317,5.43,1.87,4.914,-6.44,SENSING
73380.0,4845.947,-2153.361,-4611.317,5.43,1.87,4.914,-6.44,MANEUVERING
73380.0,4845.947,-2153.361,-4611.317,5.43,1.87,4.914,-6.44,LISTENING
73390.0,4899.929,-2134.578,-4561.94,5.374,1.894,4.966,3.56,MANEUVERING
73390.0,4899.929,-2134.578,-4561.94,5.374,1.894,4.966,3.56,SENSING
73390.0,4899.929,-2134.578,-4561.94,5.374,1.894,4.966,3.56,MEASURING
73390.0,4899.929,-2134.578,-4561.94,5.374,1.894,4.966,3.56,SENSING
73390.0,4899.929,-2134.578,-4561.94,5.374,1.894,4.966,3.56,LISTENING
73401.48,4961.206,-2112.713,-4504.611,5.309,1.922,5.026,3.56,SENSING
73401.48,4961.206,-2112.713,-4504.611,5.309,1.922,5.026,3.56,MANEUVERING
73401.48,4961.206,-2112.713,-4504.611,5.309,1.922,5.026,3.56,LISTENING
73410.0,5006.2,-2096.28,-4461.622,5.26,1.943,5.07,12.08,MANEUVERING
73410.0,5006.2,-2096.28,-4461.622,5.26,1.943,5.07,12.08,SENSING
73410.0,5006.2,-2096.28,-4461.622,5.26,1.943,5.07,12.08,MEASURING
73410.0,5006.2,-2096.28,-4461.622,5.26,1.943,5.07,12.08,SENSING
73410.0,5006.2,-2096.28,-4461.622,5.26,1.943,5.07,12.08,MESSAGING
73410.0,5006.2,-2096.28,-4461.622,5.26,1.943,5.07,12.08,MESSAGING
73410.0,5006.2,-2096.28,-4461.622,5.26,1.943,5.07,12.08,SENSING
73410.0,5006.2,-2096.28,-4461.622,5.26,1.943,5.07,12.08,MEASURING
73410.0,5006.2,-2096.28,-4461.622,5.26,1.943,5.07,12.08,MESSAGING
73410.0,5006.2,-2096.28,-4461.622,5.26,1.943,5.07,12.08,SENSING
73410.0,5006.2,-2096.28,-4461.622,5.26,1.943,5.07,12.08,MESSAGING
73410.0,5006.2,-2096.28,-4461.622,5.26,1.943,5.07,12.08,SENSING
73410.0,5006.2,-2096.28,-4461.622,5.26,1.943,5.07,12.08,LISTENING
73410.0,5006.2,-2096.28,-4461.622,5.26,1.943,5.07,12.08,SENSING
73410.0,5006.2,-2096.28,-4461.622,5.26,1.943,5.07,12.08,LISTENING
73415.45,5034.762,-2085.677,-4433.928,5.229,1.956,5.098,12.08,SENSING
73415.45,5034.762,-2085.677,-4433.928,5.229,1.956,5.098,12.08,MANEUVERING
73415.45,5034.762,-2085.677,-4433.928,5.229,1.956,5.098,12.08,LISTENING
73430.0,5110.172,-2057.022,-4359.255,5.144,1.99,5.171,-2.47,MANEUVERING
73430.0,5110.172,-2057.022,-4359.255,5.144,1.99,5.171,-2.47,SENSING
73430.0,5110.172,-2057.022,-4359.255,5.144,1.99,5.171,-2.47,MEASURING
73430.0,5110.172,-2057.022,-4359.255,5.144,1.99,5.171,-2.47,SENSING
73430.0,5110.172,-2057.022,-4359.255,5.144,1.99,5.171,-2.47,LISTENING
73435.62,5138.968,-2045.821,-4330.127,5.111,2.004,5.2,-2.47,SENSING
73435.62,5138.968,-2045.821,-4330.127,5.111,2.004,5.2,-2.47,LISTENING
73450.0,5211.798,-2016.822,-4254.885,5.025,2.037,5.27,-2.47,SENSING
73450.0,5211.798,-2016.822,-4254.885,5.025,2.037,5.27,-2.47,LISTENING
73450.0,5211.798,-2016.822,-4254.885,5.025,2.037,5.27,-2.47,SENSING
73450.0,5211.798,-2016.822,-4254.885,5.025,2.037,5.27,-2.47,LISTENING
73453.33,5228.488,-2010.038,-4237.316,5.006,2.045,5.287,-2.47,SENSING
73453.33,5228.488,-2010.038,-4237.316,5.006,2.045,5.287,-2.47,MANEUVERING
73453.33,5228.488,-2010.038,-4237.316,5.006,2.045,5.287,-2.47,LISTENING
73460.0,5261.716,-1996.374,-4201.963,4.965,2.06,5.319,-9.14,MANEUVERING
73460.0,5261.716,-1996.374,-4201.963,4.965,2.06,5.319,-9.14,SENSING
73460.0,5261.716,-1996.374,-4201.963,4.965,2.06,5.319,-9.14,MANEUVERING
73460.0,5261.716,-1996.374,-4201.963,4.965,2.06,5.319,-9.14,LISTENING
73465.32,5288.027,-1985.402,-4173.612,4.933,2.072,5.345,-14.46,MANEUVERING
73465.32,5288.027,-1985.402,-4173.612,4.933,2.072,5.345,-14.46,SENSING
73465.32,5288.027,-1985.402,-4173.612,4.933,2.072,5.345,-14.46,MANEUVERING
73465.32,5288.027,-1985.402,-4173.612,4.933,2.072,5.345,-14.46,LISTENING
73470.0,5311.03,-1975.696,-4148.559,4.905,2.083,5.367,-19.14,MANEUVERING
73470.0,5311.03,-1975.696,-4148.559,4.905,2.083,5.367,-19.14,SENSING
73470.0,5311.03,-1975.696,-4148.559,4.905,2.083,5.367,-19.14,MANEUVERING
73470.0,5311.03,-1975.696,-4148.559,4.905,2.083,5.367,-19.14,LISTENING
73480.0,5359.733,-1954.792,-4094.678,4.843,2.106,5.415,-29.14,MANEUVERING
73480.0,5359.733,-1954.792,-4094.678,4.843,2.106,5.415,-29.14,SENSING
73480.0,5359.733,-1954.792,-4094.678,4.843,2.106,5.415,-29.14,MEASURING
73480.0,5359.733,-1954.792,-4094.678,4.843,2.106,5.415,-29.14,SENSING
73480.0,5359.733,-1954.792,-4094.678,4.843,2.106,5.415,-29.14,LISTENING
73485.03,5383.998,-1944.193,-4067.397,4.812,2.117,5.438,-29.14,SENSING
73485.03,5383.998,-1944.193,-4067.397,4.812,2.117,5.438,-29.14,LISTENING
73486.64,5391.732,-1940.788,-4058.64,4.802,2.12,5.446,-29.14,SENSING
73486.64,5391.732,-1940.788,-4058.64,4.802,2.12,5.446,-29.14,MANEUVERING
73486.64,5391.732,-1940.788,-4058.64,4.802,2.12,5.446,-29.14,LISTENING
73490.0,5407.82,-1933.664,-4040.326,4.781,2.128,5.461,-32.5,MANEUVERING
73490.0,5407.82,-1933.664,-4040.326,4.781,2.128,5.461,-32.5,SENSING
73490.0,5407.82,-1933.664,-4040.326,4.781,2.128,5.461,-32.5,MEASURING
73490.0,5407.82,-1933.664,-4040.326,4.781,2.128,5.461,-32.5,SENSING
73490.0,5407.82,-1933.664,-4040.326,4.781,2.128,5.461,-32.5,LISTENING
73500.0,5455.285,-1912.315,-3985.509,4.719,2.15,5.508,-32.5,SENSING
73500.0,5455.285,-1912.315,-3985.509,4.719,2.15,5.508,-32.5,MEASURING
73500.0,5455.285,-1912.315,-3985.509,4.719,2.15,5.508,-32.5,SENSING
73500.0,5455.285,-1912.315,-3985.509,4.719,2.15,5.508,-32.5,LISTENING
73502.81,5468.51,-1906.276,-3970.023,4.701,2.156,5.52,-32.5,SENSING
73502.81,5468.51,-1906.276,-3970.023,4.701,2.156,5.52,-32.5,LISTENING
73506.78,5487.11,-1897.714,-3948.082,4.676,2.165,5.538,-32.5,SENSING
73506.78,5487.11,-1897.714,-3948.082,4.676,2.165,5.538,-32.5,LISTENING
73510.0,5502.123,-1890.745,-3930.234,4.656,2.172,5.553,-32.5,SENSING
73510.0,5502.123,-1890.745,-3930.234,4.656,2.172,5.553,-32.5,MEASURING
73510.0,5502.123,-1890.745,-3930.234,4.656,2.172,5.553,-32.5,SENSING
73510.0,5502.123,-1890.745,-3930.234,4.656,2.172,5.553,-32.5,LISTENING
73516.86,5533.888,-1875.823,-3892.053,4.612,2.187,5.584,-32.5,SENSING
73516.86,5533.888,-1875.823,-3892.053,4.612,2.187,5.584,-32.5,MANEUVERING
73516.86,5533.888,-1875.823,-3892.053,4.612,2.187,5.584,-32.5,LISTENING
73520.0,5548.329,-1868.959,-3874.507,4.592,2.194,5.598,-29.36,MANEUVERING
73520.0,5548.329,-1868.959,-3874.507,4.592,2.194,5.598,-29.36,SENSING
73520.0,5548.329,-1868.959,-3874.507,4.592,2.194,5.598,-29.36,MEASURING
73520.0,5548.329,-1868.959,-3874.507,4.592,2.194,5.598,-29.36,SENSING
73520.0,5548.329,-1868.959,-3874.507,4.592,2.194,5.598,-29.36,LISTENING
73530.0,5593.896,-1846.958,-3818.333,4.528,2.215,5.642,-29.36,SENSING
73530.0,5593.896,-1846.958,-3818.333,4.528,2.215,5.642,-29.36,MEASURING
73530.0,5593.896,-1846.958,-3818.333,4.528,2.215,5.642,-29.36,SENSING
73530.0,5593.896,-1846.958,-3818.333,4.528,2.215,5.642,-29.36,LISTENING
73531.99,5602.887,-1842.554,-3807.102,4.515,2.219,5.651,-29.36,SENSING
73531.99,5602.887,-1842.554,-3807.102,4.515,2.219,5.651,-29.36,LISTENING
73540.0,5638.819,-1824.745,-3761.721,4.463,2.236,5.686,-29.36,SENSING
73540.0,5638.819,-1824.745,-3761.721,4.463,2.236,5.686,-29.36,MEASURING
73540.0,5638.819,-1824.745,-3761.721,4.463,2.236,5.686,-29.36,SENSING
73540.0,5638.819,-1824.745,-3761.721,4.463,2.236,5.686,-29.36,LISTENING
73543.69,5655.232,-1816.495,-3740.721,4.439,2.244,5.702,-29.36,SENSING
73543.69,5655.232,-1816.495,-3740.721,4.439,2.244,5.702,-29.36,LISTENING
73546.79,5668.953,-1809.543,-3723.034,4.419,2.25,5.715,-29.36,SENSING
73546.79,5668.953,-1809.543,-3723.034,4.419,2.25,5.715,-29.36,LISTENING
73550.0,5683.094,-1802.322,-3704.675,4.398,2.257,5.729,-29.36,SENSING
73550.0,5683.094,-1802.322,-3704.675,4.398,2.257,5.729,-29.36,LISTENING
73559.11,5722.859,-1781.715,-3652.335,4.338,2.276,5.768,-29.36,SENSING
73559.11,5722.859,-1781.715,-3652.335,4.338,2.276,5.768,-29.36,LISTENING
73560.0,5726.714,-1779.693,-3647.203,4.332,2.278,5.771,-29.36,SENSING
73560.0,5726.714,-1779.693,-3647.203,4.332,2.278,5.771,-29.36,LISTENING
73570.0,5769.676,-1756.859,-3589.311,4.266,2.298,5.813,-29.36,SENSING
73570.0,5769.676,-1756.859,-3589.311,4.266,2.298,5.813,-29.36,MEASURING
73570.0,5769.676,-1756.859,-3589.311,4.266,2.298,5.813,-29.36,SENSING
73570.0,5769.676,-1756.859,-3589.311,4.266,2.298,5.813,-29.36,LISTENING
73577.66,5802.135,-1739.231,-3544.685,4.215,2.313,5.844,-29.36,SENSING
73577.66,5802.135,-1739.231,-3544.685,4.215,2.313,5.844,-29.36,LISTENING
73590.0,5853.6,-1710.588,-3472.293,4.132,2.338,5.894,-29.36,SENSING
73590.0,5853.6,-1710.588,-3472.293,4.132,2.338,5.894,-29.36,LISTENING
73590.0,5853.6,-1710.588,-3472.293,4.132,2.338,5.894,-29.36,SENSING
73590.0,5853.6,-1710.588,-3472.293,4.132,2.338,5.894,-29.36,LISTENING
73595.61,5876.659,-1697.466,-3439.18,4.094,2.349,5.917,-29.36,SENSING
73595.61,5876.659,-1697.466,-3439.18,4.094,2.349,5.917,-29.36,LISTENING
73610.29,5935.987,-1662.842,-3351.943,3.994,2.377,5.974,-29.36,SENSING
73610.29,5935.987,-1662.842,-3351.943,3.994,2.377,5.974,-29.36,MANEUVERING
73610.29,5935.987,-1662.842,-3351.943,3.994,2.377,5.974,-29.36,LISTENING
73630.0,6013.322,-1615.707,-3233.511,3.859,2.414,6.049,-9.65,MANEUVERING
73630.0,6013.322,-1615.707,-3233.511,3.859,2.414,6.049,-9.65,SENSING
73630.0,6013.322,-1615.707,-3233.511,3.859,2.414,6.049,-9.65,MEASURING
73630.0,6013.322,-1615.707,-3233.511,3.859,2.414,6.049,-9.65,SENSING
73630.0,6013.322,-1615.707,-3233.511,3.859,2.414,6.049,-9.65,LISTENING
73639.63,6050.13,-1592.414,-3175.116,3.792,2.432,6.085,-9.65,SENSING
73639.63,6050.13,-1592.414,-3175.116,3.792,2.432,6.085,-9.65,LISTENING
73650.0,6089.043,-1567.141,-3111.855,3.719,2.451,6.122,-9.65,SENSING
73650.0,6089.043,-1567.141,-3111.855,3.719,2.451,6.122,-9.65,LISTENING
73777.48,6504.317,-1241.59,-2305.093,2.791,2.658,6.522,-9.65,SENSING
73777.48,6504.317,-1241.59,-2305.093,2.791,2.658,6.522,-9.65,MANEUVERING
73777.48,6504.317,-1241.59,-2305.093,2.791,2.658,6.522,-9.65,LISTENING
73780.0,6511.32,-1234.9,-2288.658,2.772,2.662,6.528,-12.17,MANEUVERING
73780.0,6511.32,-1234.9,-2288.658,2.772,2.662,6.528,-12.17,SENSING
73780.0,6511.32,-1234.9,-2288.658,2.772,2.662,6.528,-12.17,MEASURING
73780.0,6511.32,-1234.9,-2288.658,2.772,2.662,6.528,-12.17,SENSING
73780.0,6511.32,-1234.9,-2288.658,2.772,2.662,6.528,-12.17,LISTENING
73800.0,6565.204,-1181.486,-2157.641,2.621,2.689,6.58,-12.17,SENSING
73800.0,6565.204,-1181.486,-2157.641,2.621,2.689,6.58,-12.17,MEASURING
73800.0,6565.204,-1181.486,-2157.641,2.621,2.689,6.58,-12.17,SENSING
73800.0,6565.204,-1181.486,-2157.641,2.621,2.689,6.58,-12.17,LISTENING
73810.0,6591.01,-1154.574,-2091.754,2.544,2.703,6.604,-12.17,SENSING
73810.0,6591.01,-1154.574,-2091.754,2.544,2.703,6.604,-12.17,MEASURING
73810.0,6591.01,-1154.574,-2091.754,2.544,2.703,6.604,-12.17,SENSING
73810.0,6591.01,-1154.574,-2091.754,2.544,2.703,6.604,-12.17,LISTENING
73814.64,6602.725,-1142.041,-2061.099,2.509,2.709,6.615,-12.17,SENSING
73814.64,6602.725,-1142.041,-2061.099,2.509,2.709,6.615,-12.17,LISTENING
73817.75,6610.486,-1133.625,-2040.525,2.485,2.713,6.623,-12.17,SENSING
73817.75,6610.486,-1133.625,-2040.525,2.485,2.713,6.623,-12.17,LISTENING
73820.0,6616.054,-1127.528,-2025.625,2.468,2.716,6.628,-12.17,SENSING
73820.0,6616.054,-1127.528,-2025.625,2.468,2.716,6.628,-12.17,LISTENING
73820.0,6616.054,-1127.528,-2025.625,2.468,2.716,6.628,-12.17,SENSING
73820.0,6616.054,-1127.528,-2025.625,2.468,2.716,6.628,-12.17,LISTENING
73824.67,6627.488,-1114.853,-1994.662,2.432,2.722,6.639,-12.17,SENSING
73824.67,6627.488,-1114.853,-1994.662,2.432,2.722,6.639,-12.17,MANEUVERING
73824.67,6627.488,-1114.853,-1994.662,2.432,2.722,6.639,-12.17,LISTENING
73830.0,6640.334,-1100.352,-1959.263,2.392,2.729,6.651,-6.84,MANEUVERING
73830.0,6640.334,-1100.352,-1959.263,2.392,2.729,6.651,-6.84,SENSING
73830.0,6640.334,-1100.352,-1959.263,2.392,2.729,6.651,-6.84,MEASURING
73830.0,6640.334,-1100.352,-1959.263,2.392,2.729,6.651,-6.84,SENSING
73830.0,6640.334,-1100.352,-1959.263,2.392,2.729,6.651,-6.84,LISTENING
73836.31,6655.26,-1083.139,-1917.271,2.343,2.737,6.665,-6.84,SENSING
73836.31,6655.26,-1083.139,-1917.271,2.343,2.737,6.665,-6.84,LISTENING
73840.0,6663.847,-1073.049,-1892.673,2.315,2.742,6.673,-6.84,SENSING
73840.0,6663.847,-1073.049,-1892.673,2.315,2.742,6.673,-6.84,LISTENING
73847.33,6680.593,-1052.958,-1843.724,2.258,2.751,6.689,-6.84,SENSING
73847.33,6680.593,-1052.958,-1843.724,2.258,2.751,6.689,-6.84,LISTENING
73850.0,6686.59,-1045.623,-1825.866,2.237,2.754,6.695,-6.84,SENSING
73850.0,6686.59,-1045.623,-1825.866,2.237,2.754,6.695,-6.84,LISTENING
73860.0,6708.56,-1018.076,-1758.847,2.16,2.766,6.716,-6.84,SENSING
73860.0,6708.56,-1018.076,-1758.847,2.16,2.766,6.716,-6.84,LISTENING
73898.17,6785.272,-911.876,-1501.233,1.862,2.808,6.788,-6.84,SENSING
73898.17,6785.272,-911.876,-1501.233,1.862,2.808,6.788,-6.84,MANEUVERING
73898.17,6785.272,-911.876,-1501.233,1.862,2.808,6.788,-6.84,LISTENING
73920.0,6824.016,-850.438,-1352.735,1.69,2.831,6.824,-28.67,MANEUVERING
73920.0,6824.016,-850.438,-1352.735,1.69,2.831,6.824,-28.67,SENSING
73920.0,6824.016,-850.438,-1352.735,1.69,2.831,6.824,-28.67,MEASURING
73920.0,6824.016,-850.438,-1352.735,1.69,2.831,6.824,-28.67,SENSING
73920.0,6824.016,-850.438,-1352.735,1.69,2.831,6.824,-28.67,LISTENING
73962.05,6888.033,-730.804,-1064.662,1.357,2.869,6.882,-28.67,SENSING
73962.05,6888.033,-730.804,-1064.662,1.357,2.869,6.882,-28.67,LISTENING
73970.0,6898.557,-708.011,-1009.936,1.293,2.876,6.892,-28.67,SENSING
73970.0,6898.557,-708.011,-1009.936,1.293,2.876,6.892,-28.67,LISTENING
73980.0,6911.078,-679.267,-940.993,1.213,2.884,6.903,-28.67,SENSING
73980.0,6911.078,-679.267,-940.993,1.213,2.884,6.903,-28.67,LISTENING
73980.09,6911.187,-679.008,-940.372,1.212,2.884,6.903,-28.67,SENSING
73980.09,6911.187,-679.008,-940.372,1.212,2.884,6.903,-28.67,MANEUVERING
73980.09,6911.187,-679.008,-940.372,1.212,2.884,6.903,-28.67,LISTENING
73990.0,6922.8,-650.445,-871.942,1.133,2.891,6.914,-18.76,MANEUVERING
73990.0,6922.8,-650.445,-871.942,1.133,2.891,6.914,-18.76,SENSING
73990.0,6922.8,-650.445,-871.942,1.133,2.891,6.914,-18.76,MANEUVERING
73990.0,6922.8,-650.445,-871.942,1.133,2.891,6.914,-18.76,LISTENING
74015.92,6949.453,-575.396,-692.512,0.925,2.91,6.937,7.16,MANEUVERING
74015.92,6949.453,-575.396,-692.512,0.925,2.91,6.937,7.16,SENSING
74015.92,6949.453,-575.396,-692.512,0.925,2.91,6.937,7.16,MANEUVERING
74015.92,6949.453,-575.396,-692.512,0.925,2.91,6.937,7.16,LISTENING
74020.0,6953.157,-563.54,-664.215,0.892,2.912,6.94,11.24,MANEUVERING
74020.0,6953.157,-563.54,-664.215,0.892,2.912,6.94,11.24,SENSING
74020.0,6953.157,-563.54,-664.215,0.892,2.912,6.94,11.24,MANEUVERING
74020.0,6953.157,-563.54,-664.215,0.892,2.912,6.94,11.24,LISTENING
74020.0,6953.157,-563.54,-664.215,0.892,2.912,6.94,11.24,MANEUVERING
74020.0,6953.157,-563.54,-664.215,0.892,2.912,6.94,11.24,SENSING
74020.0,6953.157,-563.54,-664.215,0.892,2.912,6.94,11.24,MANEUVERING
74020.0,6953.157,-563.54,-664.215,0.892,2.912,6.94,11.24,LISTENING
74040.0,6969.375,-505.272,-525.333,0.731,2.925,6.954,31.24,MANEUVERING
74040.0,6969.375,-505.272,-525.333,0.731,2.925,6.954,31.24,SENSING
74040.0,6969.375,-505.272,-525.333,0.731,2.925,6.954,31.24,MEASURING
74040.0,6969.375,-505.272,-525.333,0.731,2.925,6.954,31.24,SENSING
74040.0,6969.375,-505.272,-525.333,0.731,2.925,6.954,31.24,LISTENING
74050.0,6976.275,-476.049,-455.797,0.65,2.93,6.96,31.24,SENSING
74050.0,6976.275,-476.049,-455.797,0.65,2.93,6.96,31.24,MEASURING
74050.0,6976.275,-476.049,-455.797,0.65,2.93,6.96,31.24,SENSING
74050.0,6976.275,-476.049,-455.797,0.65,2.93,6.96,31.24,LISTENING
74054.89,6979.356,-461.739,-421.774,0.611,2.933,6.962,31.24,SENSING
74054.89,6979.356,-461.739,-421.774,0.611,2.933,6.962,31.24,MANEUVERING
74054.89,6979.356,-461.739,-421.774,0.611,2.933,6.962,31.24,LISTENING
74060.0,6982.369,-446.771,-386.208,0.569,2.936,6.965,26.13,MANEUVERING
74060.0,6982.369,-446.771,-386.208,0.569,2.936,6.965,26.13,SENSING
74060.0,6982.369,-446.771,-386.208,0.569,2.936,6.965,26.13,MEASURING
74060.0,6982.369,-446.771,-386.208,0.569,2.936,6.965,26.13,SENSING
74060.0,6982.369,-446.771,-386.208,0.569,2.936,6.965,26.13,LISTENING
74071.91,6988.572,-411.834,-303.27,0.473,2.942,6.97,26.13,SENSING
74071.91,6988.572,-411.834,-303.27,0.473,2.942,6.97,26.13,LISTENING
74100.0,6998.659,-329.177,-107.485,0.246,2.954,6.976,26.13,SENSING
74100.0,6998.659,-329.177,-107.485,0.246,2.954,6.976,26.13,LISTENING
74100.0,6998.659,-329.177,-107.485,0.246,2.954,6.976,26.13,SENSING
74100.0,6998.659,-329.177,-107.485,0.246,2.954,6.976,26.13,LISTENING
74110.0,7000.709,-299.674,-37.754,0.165,2.957,6.977,26.13,SENSING
74110.0,7000.709,-299.674,-37.754,0.165,2.957,6.977,26.13,LISTENING
74140.0,7001.997,-210.973,171.436,-0.078,2.966,6.975,26.13,SENSING
74140.0,7001.997,-210.973,171.436,-0.078,2.966,6.975,26.13,LISTENING
74179.6,6992.537,-93.565,447.257,-0.399,2.973,6.961,26.13,SENSING
74179.6,6992.537,-93.565,447.257,-0.399,2.973,6.961,26.13,LISTENING
74190.0,6987.949,-62.694,519.581,-0.483,2.974,6.955,26.13,SENSING
74190.0,6987.949,-62.694,519.581,-0.483,2.974,6.955,26.13,LISTENING
74190.0,6987.949,-62.694,519.581,-0.483,2.974,6.955,26.13,SENSING
74190.0,6987.949,-62.694,519.581,-0.483,2.974,6.955,26.13,LISTENING
74354.18,6800.392,423.187,1646.831,-1.797,2.94,6.748,26.13,SENSING
74354.18,6800.392,423.187,1646.831,-1.797,2.94,6.748,26.13,LISTENING
74380.0,6751.422,498.789,1820.33,-1.999,2.926,6.697,26.13,SENSING
74380.0,6751.422,498.789,1820.33,-1.999,2.926,6.697,26.13,LISTENING
74380.0,6751.422,498.789,1820.33,-1.999,2.926,6.697,26.13,SENSING
74380.0,6751.422,498.789,1820.33,-1.999,2.926,6.697,26.13,LISTENING
74395.19,6720.181,543.091,1921.753,-2.117,2.917,6.664,26.13,SENSING
74395.19,6720.181,543.091,1921.753,-2.117,2.917,6.664,26.13,LISTENING
74422.97,6658.419,623.731,2105.895,-2.332,2.898,6.599,26.13,SENSING
74422.97,6658.419,623.731,2105.895,-2.332,2.898,6.599,26.13,LISTENING
74450.0,6592.628,701.662,2283.264,-2.539,2.878,6.531,26.13,SENSING
74450.0,6592.628,701.662,2283.264,-2.539,2.878,6.531,26.13,LISTENING
74460.0,6566.876,730.347,2348.403,-2.615,2.869,6.504,26.13,SENSING
74460.0,6566.876,730.347,2348.403,-2.615,2.869,6.504,26.13,LISTENING
74470.0,6540.366,758.948,2413.271,-2.691,2.861,6.476,26.13,SENSING
74470.0,6540.366,758.948,2413.271,-2.691,2.861,6.476,26.13,LISTENING
74474.92,6527.046,772.988,2445.085,-2.728,2.856,6.462,26.13,SENSING
74474.92,6527.046,772.988,2445.085,-2.728,2.856,6.462,26.13,LISTENING
74480.0,6513.101,787.462,2477.861,-2.766,2.852,6.448,26.13,SENSING
74480.0,6513.101,787.462,2477.861,-2.766,2.852,6.448,26.13,LISTENING
74480.0,6513.101,787.462,2477.861,-2.766,2.852,6.448,26.13,SENSING
74480.0,6513.101,787.462,2477.861,-2.766,2.852,6.448,26.13,LISTENING
74490.42,6483.891,817.077,2544.858,-2.844,2.842,6.418,26.13,SENSING
74490.42,6483.891,817.077,2544.858,-2.844,2.842,6.418,26.13,LISTENING
74500.0,6456.319,844.215,2606.174,-2.916,2.833,6.389,26.13,SENSING
74500.0,6456.319,844.215,2606.174,-2.916,2.833,6.389,26.13,LISTENING
74510.41,6425.584,873.602,2672.488,-2.993,2.823,6.358,26.13,SENSING
74510.41,6425.584,873.602,2672.488,-2.993,2.823,6.358,26.13,LISTENING
74530.0,6365.569,928.607,2796.369,-3.138,2.802,6.296,26.13,SENSING
74530.0,6365.569,928.607,2796.369,-3.138,2.802,6.296,26.13,LISTENING
74530.0,6365.569,928.607,2796.369,-3.138,2.802,6.296,26.13,SENSING
74530.0,6365.569,928.607,2796.369,-3.138,2.802,6.296,26.13,LISTENING
74560.19,6267.575,1012.564,2984.837,-3.358,2.769,6.195,26.13,SENSING
74560.19,6267.575,1012.564,2984.837,-3.358,2.769,6.195,26.13,LISTENING
74590.0,6164.353,1094.423,3167.856,-3.572,2.733,6.089,26.13,SENSING
74590.0,6164.353,1094.423,3167.856,-3.572,2.733,6.089,26.13,LISTENING
74595.41,6144.941,1109.161,3200.728,-3.61,2.726,6.069,26.13,SENSING
74595.41,6144.941,1109.161,3200.728,-3.61,2.726,6.069,26.13,LISTENING
74600.0,6128.308,1121.637,3228.534,-3.642,2.72,6.052,26.13,SENSING
74600.0,6128.308,1121.637,3228.534,-3.642,2.72,6.052,26.13,LISTENING
74605.05,6109.836,1135.331,3259.035,-3.678,2.713,6.033,26.13,SENSING
74605.05,6109.836,1135.331,3259.035,-3.678,2.713,6.033,26.13,LISTENING
74610.0,6091.556,1148.722,3288.839,-3.713,2.707,6.015,26.13,SENSING
74610.0,6091.556,1148.722,3288.839,-3.713,2.707,6.015,26.13,LISTENING
74620.0,6054.102,1175.675,3348.765,-3.783,2.693,5.977,26.13,SENSING
74620.0,6054.102,1175.675,3348.765,-3.783,2.693,5.977,26.13,LISTENING
74630.0,6015.952,1202.494,3408.306,-3.852,2.68,5.938,26.13,SENSING
74630.0,6015.952,1202.494,3408.306,-3.852,2.68,5.938,26.13,LISTENING
74640.0,5977.108,1229.174,3467.454,-3.922,2.666,5.898,26.13,SENSING
74640.0,5977.108,1229.174,3467.454,-3.922,2.666,5.898,26.13,LISTENING
74650.38,5936.061,1256.718,3528.427,-3.993,2.651,5.856,26.13,SENSING
74650.38,5936.061,1256.718,3528.427,-3.993,2.651,5.856,26.13,LISTENING
74660.0,5897.362,1282.108,3584.545,-4.058,2.637,5.817,26.13,SENSING
74660.0,5897.362,1282.108,3584.545,-4.058,2.637,5.817,26.13,LISTENING
74660.0,5897.362,1282.108,3584.545,-4.058,2.637,5.817,26.13,SENSING
74660.0,5897.362,1282.108,3584.545,-4.058,2.637,5.817,26.13,LISTENING
74674.58,5837.514,1320.327,3668.867,-4.157,2.615,5.756,26.13,SENSING
74674.58,5837.514,1320.327,3668.867,-4.157,2.615,5.756,26.13,LISTENING
74680.0,5814.901,1334.453,3699.985,-4.193,2.607,5.733,26.13,SENSING
74680.0,5814.901,1334.453,3699.985,-4.193,2.607,5.733,26.13,LISTENING
74680.0,5814.901,1334.453,3699.985,-4.193,2.607,5.733,26.13,SENSING
74680.0,5814.901,1334.453,3699.985,-4.193,2.607,5.733,26.13,LISTENING
74731.82,5588.896,1467.172,3991.041,-4.533,2.523,5.503,26.13,SENSING
74731.82,5588.896,1467.172,3991.041,-4.533,2.523,5.503,26.13,LISTENING
74760.0,5458.707,1537.475,4144.202,-4.712,2.475,5.372,26.13,SENSING
74760.0,5458.707,1537.475,4144.202,-4.712,2.475,5.372,26.13,LISTENING
74773.6,5394.088,1570.908,4216.775,-4.797,2.45,5.306,26.13,SENSING
74773.6,5394.088,1570.908,4216.775,-4.797,2.45,5.306,26.13,LISTENING
74780.0,5363.282,1586.526,4250.618,-4.837,2.439,5.275,26.13,SENSING
74780.0,5363.282,1586.526,4250.618,-4.837,2.439,5.275,26.13,LISTENING
74785.47,5336.752,1599.816,4279.385,-4.87,2.429,5.248,26.13,SENSING
74785.47,5336.752,1599.816,4279.385,-4.87,2.429,5.248,26.13,LISTENING
74800.0,5265.393,1634.85,4355.081,-4.959,2.402,5.176,26.13,SENSING
74800.0,5265.393,1634.85,4355.081,-4.959,2.402,5.176,26.13,LISTENING
74810.0,5215.539,1658.733,4406.566,-5.019,2.383,5.126,26.13,SENSING
74810.0,5215.539,1658.733,4406.566,-5.019,2.383,5.126,26.13,LISTENING
74815.22,5189.278,1671.124,4433.24,-5.05,2.373,5.099,26.13,SENSING
74815.22,5189.278,1671.124,4433.24,-5.05,2.373,5.099,26.13,LISTENING
74820.0,5165.087,1682.426,4457.544,-5.078,2.364,5.075,26.13,SENSING
74820.0,5165.087,1682.426,4457.544,-5.078,2.364,5.075,26.13,LISTENING
74826.71,5130.901,1698.216,4491.465,-5.118,2.351,5.041,26.13,SENSING
74826.71,5130.901,1698.216,4491.465,-5.118,2.351,5.041,26.13,LISTENING
74835.14,5087.577,1717.929,4533.751,-5.168,2.334,4.997,26.13,SENSING
74835.14,5087.577,1717.929,4533.751,-5.168,2.334,4.997,26.13,LISTENING
74840.0,5062.412,1729.231,4557.962,-5.196,2.325,4.971,26.13,SENSING
74840.0,5062.412,1729.231,4557.962,-5.196,2.325,4.971,26.13,LISTENING
74870.0,4904.061,1797.949,4704.652,-5.367,2.264,4.812,26.13,SENSING
74870.0,4904.061,1797.949,4704.652,-5.367,2.264,4.812,26.13,LISTENING
74873.38,4885.9,1805.577,4720.878,-5.386,2.257,4.794,26.13,SENSING
74873.38,4885.9,1805.577,4720.878,-5.386,2.257,4.794,26.13,LISTENING
74900.0,4740.653,1864.818,4846.49,-5.533,2.201,4.648,26.13,SENSING
74900.0,4740.653,1864.818,4846.49,-5.533,2.201,4.648,26.13,LISTENING
75107.95,3483.605,2272.235,5685.246,-6.514,1.708,3.391,26.13,SENSING
75107.95,3483.605,2272.235,5685.246,-6.514,1.708,3.391,26.13,LISTENING
75130.0,3339.111,2309.208,5758.401,-6.6,1.651,3.247,26.13,SENSING
75130.0,3339.111,2309.208,5758.401,-6.6,1.651,3.247,26.13,LISTENING
75130.0,3339.111,2309.208,5758.401,-6.6,1.651,3.247,26.13,SENSING
75130.0,3339.111,2309.208,5758.401,-6.6,1.651,3.247,26.13,LISTENING
75130.0,3339.111,2309.208,5758.401,-6.6,1.651,3.247,26.13,SENSING
75130.0,3339.111,2309.208,5758.401,-6.6,1.651,3.247,26.13,MESSAGING
75130.0,3339.111,2309.208,5758.401,-6.6,1.651,3.247,26.13,SENSING
75130.0,3339.111,2309.208,5758.401,-6.6,1.651,3.247,26.13,LISTENING
75160.0,3139.569,2357.46,5852.806,-6.711,1.571,3.049,26.13,SENSING
75160.0,3139.569,2357.46,5852.806,-6.711,1.571,3.049,26.13,LISTENING
75167.25,3090.857,2368.762,5874.725,-6.737,1.552,3.001,26.13,SENSING
75167.25,3090.857,2368.762,5874.725,-6.737,1.552,3.001,26.13,LISTENING
75170.0,3072.331,2373.012,5882.947,-6.746,1.544,2.982,26.13,SENSING
75170.0,3072.331,2373.012,5882.947,-6.746,1.544,2.982,26.13,LISTENING
75202.94,2848.421,2422.327,5977.484,-6.857,1.454,2.76,26.13,SENSING
75202.94,2848.421,2422.327,5977.484,-6.857,1.454,2.76,26.13,MANEUVERING
75202.94,2848.421,2422.327,5977.484,-6.857,1.454,2.76,26.13,LISTENING
75260.0,2452.415,2500.674,6123.752,-7.029,1.295,2.368,-30.93,MANEUVERING
75260.0,2452.415,2500.674,6123.752,-7.029,1.295,2.368,-30.93,SENSING
75260.0,2452.415,2500.674,6123.752,-7.029,1.295,2.368,-30.93,MEASURING
75260.0,2452.415,2500.674,6123.752,-7.029,1.295,2.368,-30.93,SENSING
75260.0,2452.415,2500.674,6123.752,-7.029,1.295,2.368,-30.93,LISTENING
75320.0,2026.272,2573.124,6253.165,-7.181,1.123,1.947,-30.93,SENSING
75320.0,2026.272,2573.124,6253.165,-7.181,1.123,1.947,-30.93,LISTENING
75400.0,1445.554,2653.419,6386.02,-7.338,0.886,1.375,-30.93,SENSING
75400.0,1445.554,2653.419,6386.02,-7.338,0.886,1.375,-30.93,MEASURING
75400.0,1445.554,2653.419,6386.02,-7.338,0.886,1.375,-30.93,SENSING
75400.0,1445.554,2653.419,6386.02,-7.338,0.886,1.375,-30.93,LISTENING
75414.44,1339.499,2665.889,6405.106,-7.361,0.843,1.27,-30.93,SENSING
75414.44,1339.499,2665.889,6405.106,-7.361,0.843,1.27,-30.93,LISTENING
75420.0,1298.577,2670.524,6412.053,-7.369,0.826,1.23,-30.93,SENSING
75420.0,1298.577,2670.524,6412.053,-7.369,0.826,1.23,-30.93,MEASURING
75420.0,1298.577,2670.524,6412.053,-7.369,0.826,1.23,-30.93,SENSING
75420.0,1298.577,2670.524,6412.053,-7.369,0.826,1.23,-30.93,LISTENING
75426.15,1253.261,2675.543,6419.476,-7.378,0.808,1.185,-30.93,SENSING
75426.15,1253.261,2675.543,6419.476,-7.378,0.808,1.185,-30.93,MANEUVERING
75426.15,1253.261,2675.543,6419.476,-7.378,0.808,1.185,-30.93,LISTENING
75430.0,1224.865,2678.626,6423.984,-7.384,0.796,1.158,-27.08,MANEUVERING
75430.0,1224.865,2678.626,6423.984,-7.384,0.796,1.158,-27.08,SENSING
75430.0,1224.865,2678.626,6423.984,-7.384,0.796,1.158,-27.08,MEASURING
75430.0,1224.865,2678.626,6423.984,-7.384,0.796,1.158,-27.08,SENSING
75430.0,1224.865,2678.626,6423.984,-7.384,0.796,1.158,-27.08,LISTENING
75436.38,1177.764,2683.638,6431.218,-7.392,0.777,1.111,-27.08,SENSING
75436.38,1177.764,2683.638,6431.218,-7.392,0.777,1.111,-27.08,MANEUVERING
75436.38,1177.764,2683.638,6431.218,-7.392,0.777,1.111,-27.08,LISTENING
75440.0,1151.015,2686.427,6435.191,-7.397,0.766,1.085,-30.7,MANEUVERING
75440.0,1151.015,2686.427,6435.191,-7.397,0.766,1.085,-30.7,SENSING
75440.0,1151.015,2686.427,6435.191,-7.397,0.766,1.085,-30.7,MEASURING
75440.0,1151.015,2686.427,6435.191,-7.397,0.766,1.085,-30.7,SENSING
75440.0,1151.015,2686.427,6435.191,-7.397,0.766,1.085,-30.7,LISTENING
75450.0,1077.035,2693.926,6445.672,-7.409,0.736,1.012,-30.7,SENSING
75450.0,1077.035,2693.926,6445.672,-7.409,0.736,1.012,-30.7,MEASURING
75450.0,1077.035,2693.926,6445.672,-7.409,0.736,1.012,-30.7,SENSING
75450.0,1077.035,2693.926,6445.672,-7.409,0.736,1.012,-30.7,LISTENING
75460.0,1002.933,2701.121,6455.426,-7.421,0.705,0.94,-30.7,SENSING
75460.0,1002.933,2701.121,6455.426,-7.421,0.705,0.94,-30.7,MEASURING
75460.0,1002.933,2701.121,6455.426,-7.421,0.705,0.94,-30.7,SENSING
75460.0,1002.933,2701.121,6455.426,-7.421,0.705,0.94,-30.7,LISTENING
75464.44,969.995,2704.219,6459.523,-7.426,0.692,0.907,-30.7,SENSING
75464.44,969.995,2704.219,6459.523,-7.426,0.692,0.907,-30.7,MANEUVERING
75464.44,969.995,2704.219,6459.523,-7.426,0.692,0.907,-30.7,LISTENING
75469.13,935.179,2707.426,6463.696,-7.431,0.677,0.873,-26.01,MANEUVERING
75469.13,935.179,2707.426,6463.696,-7.431,0.677,0.873,-26.01,SENSING
75469.13,935.179,2707.426,6463.696,-7.431,0.677,0.873,-26.01,MANEUVERING
75469.13,935.179,2707.426,6463.696,-7.431,0.677,0.873,-26.01,LISTENING
75490.0,779.985,2720.884,6480.319,-7.451,0.614,0.721,-5.14,MANEUVERING
75490.0,779.985,2720.884,6480.319,-7.451,0.614,0.721,-5.14,SENSING
75490.0,779.985,2720.884,6480.319,-7.451,0.614,0.721,-5.14,MEASURING
75490.0,779.985,2720.884,6480.319,-7.451,0.614,0.721,-5.14,SENSING
75490.0,779.985,2720.884,6480.319,-7.451,0.614,0.721,-5.14,LISTENING
75496.39,732.387,2724.738,6484.774,-7.457,0.594,0.674,-5.14,SENSING
75496.39,732.387,2724.738,6484.774,-7.457,0.594,0.674,-5.14,MANEUVERING
75496.39,732.387,2724.738,6484.774,-7.457,0.594,0.674,-5.14,LISTENING
75500.0,705.481,2726.861,6487.159,-7.46,0.583,0.648,-8.75,MANEUVERING
75500.0,705.481,2726.861,6487.159,-7.46,0.583,0.648,-8.75,SENSING
75500.0,705.481,2726.861,6487.159,-7.46,0.583,0.648,-8.75,MANEUVERING
75500.0,705.481,2726.861,6487.159,-7.46,0.583,0.648,-8.75,LISTENING
75500.0,705.481,2726.861,6487.159,-7.46,0.583,0.648,-8.75,MANEUVERING
75500.0,705.481,2726.861,6487.159,-7.46,0.583,0.648,-8.75,SENSING
75500.0,705.481,2726.861,6487.159,-7.46,0.583,0.648,-8.75,MANEUVERING
75500.0,705.481,2726.861,6487.159,-7.46,0.583,0.648,-8.75,LISTENING
75508.06,645.374,2731.456,6492.14,-7.466,0.558,0.589,-16.81,MANEUVERING
75508.06,645.374,2731.456,6492.14,-7.466,0.558,0.589,-16.81,SENSING
75508.06,645.374,2731.456,6492.14,-7.466,0.558,0.589,-16.81,MANEUVERING
75508.06,645.374,2731.456,6492.14,-7.466,0.558,0.589,-16.81,LISTENING
75520.0,556.246,2737.896,6498.646,-7.474,0.522,0.502,-28.75,MANEUVERING
75520.0,556.246,2737.896,6498.646,-7.474,0.522,0.502,-28.75,SENSING
75520.0,556.246,2737.896,6498.646,-7.474,0.522,0.502,-28.75,MEASURING
75520.0,556.246,2737.896,6498.646,-7.474,0.522,0.502,-28.75,SENSING
75520.0,556.246,2737.896,6498.646,-7.474,0.522,0.502,-28.75,LISTENING
75530.0,481.53,2742.953,6503.294,-7.48,0.491,0.428,-28.75,SENSING
75530.0,481.53,2742.953,6503.294,-7.48,0.491,0.428,-28.75,MEASURING
75530.0,481.53,2742.953,6503.294,-7.48,0.491,0.428,-28.75,SENSING
75530.0,481.53,2742.953,6503.294,-7.48,0.491,0.428,-28.75,LISTENING
75540.0,406.761,2747.703,6507.21,-7.485,0.46,0.355,-28.75,SENSING
75540.0,406.761,2747.703,6507.21,-7.485,0.46,0.355,-28.75,MEASURING
75540.0,406.761,2747.703,6507.21,-7.485,0.46,0.355,-28.75,SENSING
75540.0,406.761,2747.703,6507.21,-7.485,0.46,0.355,-28.75,LISTENING
75550.0,331.945,2752.144,6510.394,-7.489,0.429,0.282,-28.75,SENSING
75550.0,331.945,2752.144,6510.394,-7.489,0.429,0.282,-28.75,MEASURING
75550.0,331.945,2752.144,6510.394,-7.489,0.429,0.282,-28.75,SENSING
75550.0,331.945,2752.144,6510.394,-7.489,0.429,0.282,-28.75,LISTENING
75558.18,270.718,2755.548,6512.455,-7.492,0.404,0.222,-28.75,SENSING
75558.18,270.718,2755.548,6512.455,-7.492,0.404,0.222,-28.75,MANEUVERING
75558.18,270.718,2755.548,6512.455,-7.492,0.404,0.222,-28.75,LISTENING
75570.0,182.211,2760.101,6514.568,-7.495,0.367,0.136,-16.93,MANEUVERING
75570.0,182.211,2760.101,6514.568,-7.495,0.367,0.136,-16.93,SENSING
75570.0,182.211,2760.101,6514.568,-7.495,0.367,0.136,-16.93,MEASURING
75570.0,182.211,2760.101,6514.568,-7.495,0.367,0.136,-16.93,SENSING
75570.0,182.211,2760.101,6514.568,-7.495,0.367,0.136,-16.93,LISTENING
75580.0,107.309,2763.616,6515.557,-7.496,0.336,0.062,-16.93,SENSING
75580.0,107.309,2763.616,6515.557,-7.496,0.336,0.062,-16.93,MEASURING
75580.0,107.309,2763.616,6515.557,-7.496,0.336,0.062,-16.93,SENSING
75580.0,107.309,2763.616,6515.557,-7.496,0.336,0.062,-16.93,LISTENING
75590.0,32.395,2766.821,6515.814,-7.497,0.305,-0.011,-16.93,SENSING
75590.0,32.395,2766.821,6515.814,-7.497,0.305,-0.011,-16.93,MEASURING
75590.0,32.395,2766.821,6515.814,-7.497,0.305,-0.011,-16.93,SENSING
75590.0,32.395,2766.821,6515.814,-7.497,0.305,-0.011,-16.93,LISTENING
75602.17,-58.78,2770.304,6515.141,-7.497,0.267,-0.1,-16.93,SENSING
75602.17,-58.78,2770.304,6515.141,-7.497,0.267,-0.1,-16.93,MANEUVERING
75602.17,-58.78,2770.304,6515.141,-7.497,0.267,-0.1,-16.93,LISTENING
75610.0,-117.436,2772.302,6514.136,-7.496,0.243,-0.157,-24.76,MANEUVERING
75610.0,-117.436,2772.302,6514.136,-7.496,0.243,-0.157,-24.76,SENSING
75610.0,-117.436,2772.302,6514.136,-7.496,0.243,-0.157,-24.76,MEASURING
75610.0,-117.436,2772.302,6514.136,-7.496,0.243,-0.157,-24.76,SENSING
75610.0,-117.436,2772.302,6514.136,-7.496,0.243,-0.157,-24.76,LISTENING
75626.09,-237.939,2775.812,6510.664,-7.493,0.193,-0.275,-24.76,SENSING
75626.09,-237.939,2775.812,6510.664,-7.493,0.193,-0.275,-24.76,LISTENING
75680.0,-640.987,2781.711,6485.273,-7.466,0.025,-0.667,-24.76,SENSING
75680.0,-640.987,2781.711,6485.273,-7.466,0.025,-0.667,-24.76,LISTENING
75680.0,-640.987,2781.711,6485.273,-7.466,0.025,-0.667,-24.76,SENSING
75680.0,-640.987,2781.711,6485.273,-7.466,0.025,-0.667,-24.76,LISTENING
75692.41,-733.52,2781.791,6476.436,-7.457,-0.013,-0.757,-24.76,SENSING
75692.41,-733.52,2781.791,6476.436,-7.457,-0.013,-0.757,-24.76,LISTENING
75730.0,-1012.967,2779.117,6442.868,-7.42,-0.13,-1.029,-24.76,SENSING
75730.0,-1012.967,2779.117,6442.868,-7.42,-0.13,-1.029,-24.76,LISTENING
75740.0,-1087.056,2777.668,6432.222,-7.408,-0.161,-1.101,-24.76,SENSING
75740.0,-1087.056,2777.668,6432.222,-7.408,-0.161,-1.101,-24.76,LISTENING
75743.4,-1112.219,2777.105,6428.439,-7.404,-0.172,-1.126,-24.76,SENSING
75743.4,-1112.219,2777.105,6428.439,-7.404,-0.172,-1.126,-24.76,MANEUVERING
75743.4,-1112.219,2777.105,6428.439,-7.404,-0.172,-1.126,-24.76,LISTENING
75744.85,-1122.946,2776.854,6426.8,-7.402,-0.176,-1.136,-23.31,MANEUVERING
75744.85,-1122.946,2776.854,6426.8,-7.402,-0.176,-1.136,-23.31,SENSING
75744.85,-1122.946,2776.854,6426.8,-7.402,-0.176,-1.136,-23.31,MANEUVERING
75744.85,-1122.946,2776.854,6426.8,-7.402,-0.176,-1.136,-23.31,LISTENING
75750.0,-1161.024,2775.91,6420.858,-7.396,-0.192,-1.173,-18.16,MANEUVERING
75750.0,-1161.024,2775.91,6420.858,-7.396,-0.192,-1.173,-18.16,SENSING
75750.0,-1161.024,2775.91,6420.858,-7.396,-0.192,-1.173,-18.16,MANEUVERING
75750.0,-1161.024,2775.91,6420.858,-7.396,-0.192,-1.173,-18.16,LISTENING
75762.03,-1249.835,2773.385,6406.236,-7.38,-0.229,-1.259,-6.13,MANEUVERING
75762.03,-1249.835,2773.385,6406.236,-7.38,-0.229,-1.259,-6.13,SENSING
75762.03,-1249.835,2773.385,6406.236,-7.38,-0.229,-1.259,-6.13,MANEUVERING
75762.03,-1249.835,2773.385,6406.236,-7.38,-0.229,-1.259,-6.13,LISTENING
75770.0,-1308.563,2771.466,6395.979,-7.368,-0.254,-1.316,1.84,MANEUVERING
75770.0,-1308.563,2771.466,6395.979,-7.368,-0.254,-1.316,1.84,SENSING
75770.0,-1308.563,2771.466,6395.979,-7.368,-0.254,-1.316,1.84,MANEUVERING
75770.0,-1308.563,2771.466,6395.979,-7.368,-0.254,-1.316,1.84,LISTENING
75780.0,-1382.118,2768.781,6382.468,-7.353,-0.285,-1.387,11.84,MANEUVERING
75780.0,-1382.118,2768.781,6382.468,-7.353,-0.285,-1.387,11.84,SENSING
75780.0,-1382.118,2768.781,6382.468,-7.353,-0.285,-1.387,11.84,MANEUVERING
75780.0,-1382.118,2768.781,6382.468,-7.353,-0.285,-1.387,11.84,LISTENING
75784.73,-1416.856,2767.404,6375.829,-7.346,-0.299,-1.421,16.57,MANEUVERING
75784.73,-1416.856,2767.404,6375.829,-7.346,-0.299,-1.421,16.57,SENSING
75784.73,-1416.856,2767.404,6375.829,-7.346,-0.299,-1.421,16.57,MANEUVERING
75784.73,-1416.856,2767.404,6375.829,-7.346,-0.299,-1.421,16.57,LISTENING
75790.0,-1455.518,2765.788,6368.244,-7.337,-0.316,-1.459,21.84,MANEUVERING
75790.0,-1455.518,2765.788,6368.244,-7.337,-0.316,-1.459,21.84,SENSING
75790.0,-1455.518,2765.788,6368.244,-7.337,-0.316,-1.459,21.84,MEASURING
75790.0,-1455.518,2765.788,6368.244,-7.337,-0.316,-1.459,21.84,SENSING
75790.0,-1455.518,2765.788,6368.244,-7.337,-0.316,-1.459,21.84,LISTENING
75797.48,-1510.316,2763.348,6357.141,-7.325,-0.339,-1.512,21.84,SENSING
75797.48,-1510.316,2763.348,6357.141,-7.325,-0.339,-1.512,21.84,LISTENING
75800.0,-1528.756,2762.487,6353.311,-7.321,-0.346,-1.53,21.84,SENSING
75800.0,-1528.756,2762.487,6353.311,-7.321,-0.346,-1.53,21.84,LISTENING
75800.0,-1528.756,2762.487,6353.311,-7.321,-0.346,-1.53,21.84,SENSING
75800.0,-1528.756,2762.487,6353.311,-7.321,-0.346,-1.53,21.84,LISTENING
75805.43,-1568.454,2760.566,6344.905,-7.311,-0.363,-1.568,21.84,SENSING
75805.43,-1568.454,2760.566,6344.905,-7.311,-0.363,-1.568,21.84,LISTENING
75806.06,-1573.056,2760.337,6343.916,-7.31,-0.365,-1.573,21.84,SENSING
75806.06,-1573.056,2760.337,6343.916,-7.31,-0.365,-1.573,21.84,MANEUVERING
75806.06,-1573.056,2760.337,6343.916,-7.31,-0.365,-1.573,21.84,LISTENING
75810.0,-1601.824,2758.879,6337.669,-7.303,-0.377,-1.6,25.78,MANEUVERING
75810.0,-1601.824,2758.879,6337.669,-7.303,-0.377,-1.6,25.78,SENSING
75810.0,-1601.824,2758.879,6337.669,-7.303,-0.377,-1.6,25.78,MEASURING
75810.0,-1601.824,2758.879,6337.669,-7.303,-0.377,-1.6,25.78,SENSING
75810.0,-1601.824,2758.879,6337.669,-7.303,-0.377,-1.6,25.78,LISTENING
75816.5,-1649.223,2756.369,6327.123,-7.291,-0.397,-1.646,25.78,SENSING
75816.5,-1649.223,2756.369,6327.123,-7.291,-0.397,-1.646,25.78,LISTENING
75820.0,-1674.713,2754.964,6321.32,-7.285,-0.408,-1.671,25.78,SENSING
75820.0,-1674.713,2754.964,6321.32,-7.285,-0.408,-1.671,25.78,LISTENING
75820.0,-1674.713,2754.964,6321.32,-7.285,-0.408,-1.671,25.78,SENSING
75820.0,-1674.713,2754.964,6321.32,-7.285,-0.408,-1.671,25.78,MESSAGING
75820.0,-1674.713,2754.964,6321.32,-7.285,-0.408,-1.671,25.78,SENSING
75820.0,-1674.713,2754.964,6321.32,-7.285,-0.408,-1.671,25.78,LISTENING
75820.0,-1674.713,2754.964,6321.32,-7.285,-0.408,-1.671,25.78,SENSING
75820.0,-1674.713,2754.964,6321.32,-7.285,-0.408,-1.671,25.78,LISTENING
75820.73,-1680.027,2754.667,6320.099,-7.284,-0.41,-1.676,25.78,SENSING
75820.73,-1680.027,2754.667,6320.099,-7.284,-0.41,-1.676,25.78,MANEUVERING
75820.73,-1680.027,2754.667,6320.099,-7.284,-0.41,-1.676,25.78,LISTENING
75826.57,-1722.5,2752.226,6310.196,-7.273,-0.428,-1.717,19.94,MANEUVERING
75826.57,-1722.5,2752.226,6310.196,-7.273,-0.428,-1.717,19.94,SENSING
75826.57,-1722.5,2752.226,6310.196,-7.273,-0.428,-1.717,19.94,MANEUVERING
75826.57,-1722.5,2752.226,6310.196,-7.273,-0.428,-1.717,19.94,LISTENING
75830.0,-1747.416,2750.743,6304.268,-7.266,-0.439,-1.741,16.51,MANEUVERING
75830.0,-1747.416,2750.743,6304.268,-7.266,-0.439,-1.741,16.51,SENSING
75830.0,-1747.416,2750.743,6304.268,-7.266,-0.439,-1.741,16.51,MANEUVERING
75830.0,-1747.416,2750.743,6304.268,-7.266,-0.439,-1.741,16.51,LISTENING
75835.12,-1784.564,2748.464,6295.264,-7.256,-0.454,-1.777,11.39,MANEUVERING
75835.12,-1784.564,2748.464,6295.264,-7.256,-0.454,-1.777,11.39,SENSING
75835.12,-1784.564,2748.464,6295.264,-7.256,-0.454,-1.777,11.39,MANEUVERING
75835.12,-1784.564,2748.464,6295.264,-7.256,-0.454,-1.777,11.39,LISTENING
75840.0,-1819.923,2746.217,6286.512,-7.246,-0.469,-1.812,6.51,MANEUVERING
75840.0,-1819.923,2746.217,6286.512,-7.246,-0.469,-1.812,6.51,SENSING
75840.0,-1819.923,2746.217,6286.512,-7.246,-0.469,-1.812,6.51,MANEUVERING
75840.0,-1819.923,2746.217,6286.512,-7.246,-0.469,-1.812,6.51,LISTENING
75840.0,-1819.923,2746.217,6286.512,-7.246,-0.469,-1.812,6.51,MANEUVERING
75840.0,-1819.923,2746.217,6286.512,-7.246,-0.469,-1.812,6.51,SENSING
75840.0,-1819.923,2746.217,6286.512,-7.246,-0.469,-1.812,6.51,MESSAGING
75840.0,-1819.923,2746.217,6286.512,-7.246,-0.469,-1.812,6.51,SENSING
75840.0,-1819.923,2746.217,6286.512,-7.246,-0.469,-1.812,6.51,MANEUVERING
75840.0,-1819.923,2746.217,6286.512,-7.246,-0.469,-1.812,6.51,LISTENING
75840.0,-1819.923,2746.217,6286.512,-7.246,-0.469,-1.812,6.51,MANEUVERING
75840.0,-1819.923,2746.217,6286.512,-7.246,-0.469,-1.812,6.51,SENSING
75840.0,-1819.923,2746.217,6286.512,-7.246,-0.469,-1.812,6.51,MANEUVERING
75840.0,-1819.923,2746.217,6286.512,-7.246,-0.469,-1.812,6.51,LISTENING
75846.53,-1867.162,2743.096,6274.54,-7.233,-0.489,-1.857,-0.02,MANEUVERING
75846.53,-1867.162,2743.096,6274.54,-7.233,-0.489,-1.857,-0.02,SENSING
75846.53,-1867.162,2743.096,6274.54,-7.233,-0.489,-1.857,-0.02,MANEUVERING
75846.53,-1867.162,2743.096,6274.54,-7.233,-0.489,-1.857,-0.02,LISTENING
75850.0,-1892.229,2741.385,6268.057,-7.225,-0.5,-1.881,-3.49,MANEUVERING
75850.0,-1892.229,2741.385,6268.057,-7.225,-0.5,-1.881,-3.49,SENSING
75850.0,-1892.229,2741.385,6268.057,-7.225,-0.5,-1.881,-3.49,MEASURING
75850.0,-1892.229,2741.385,6268.057,-7.225,-0.5,-1.881,-3.49,SENSING
75850.0,-1892.229,2741.385,6268.057,-7.225,-0.5,-1.881,-3.49,LISTENING
75860.0,-1964.323,2736.249,6248.904,-7.204,-0.53,-1.951,-3.49,SENSING
75860.0,-1964.323,2736.249,6248.904,-7.204,-0.53,-1.951,-3.49,LISTENING
75863.74,-1991.231,2734.25,6241.561,-7.196,-0.542,-1.977,-3.49,SENSING
75863.74,-1991.231,2734.25,6241.561,-7.196,-0.542,-1.977,-3.49,MANEUVERING
75863.74,-1991.231,2734.25,6241.561,-7.196,-0.542,-1.977,-3.49,LISTENING
75870.0,-2036.199,2730.809,6229.055,-7.182,-0.561,-2.021,-9.75,MANEUVERING
75870.0,-2036.199,2730.809,6229.055,-7.182,-0.561,-2.021,-9.75,SENSING
75870.0,-2036.199,2730.809,6229.055,-7.182,-0.561,-2.021,-9.75,MEASURING
75870.0,-2036.199,2730.809,6229.055,-7.182,-0.561,-2.021,-9.75,SENSING
75870.0,-2036.199,2730.809,6229.055,-7.182,-0.561,-2.021,-9.75,MESSAGING
75870.0,-2036.199,2730.809,6229.055,-7.182,-0.561,-2.021,-9.75,MESSAGING
75870.0,-2036.199,2730.809,6229.055,-7.182,-0.561,-2.021,-9.75,SENSING
75870.0,-2036.199,2730.809,6229.055,-7.182,-0.561,-2.021,-9.75,LISTENING
75870.0,-2036.199,2730.809,6229.055,-7.182,-0.561,-2.021,-9.75,SENSING
75870.0,-2036.199,2730.809,6229.055,-7.182,-0.561,-2.021,-9.75,LISTENING
75870.0,-2036.199,2730.809,6229.055,-7.182,-0.561,-2.021,-9.75,SENSING
75870.0,-2036.199,2730.809,6229.055,-7.182,-0.561,-2.021,-9.75,MESSAGING
75870.0,-2036.199,2730.809,6229.055,-7.182,-0.561,-2.021,-9.75,SENSING
75870.0,-2036.199,2730.809,6229.055,-7.182,-0.561,-2.021,-9.75,LISTENING
75870.0,-2036.199,2730.809,6229.055,-7.182,-0.561,-2.021,-9.75,SENSING
75870.0,-2036.199,2730.809,6229.055,-7.182,-0.561,-2.021,-9.75,LISTENING
75870.0,-2036.199,2730.809,6229.055,-7.182,-0.561,-2.021,-9.75,SENSING
75870.0,-2036.199,2730.809,6229.055,-7.182,-0.561,-2.021,-9.75,LISTENING
75870.0,-2036.199,2730.809,6229.055,-7.182,-0.561,-2.021,-9.75,SENSING
75870.0,-2036.199,2730.809,6229.055,-7.182,-0.561,-2.021,-9.75,LISTENING
75870.0,-2036.199,2730.809,6229.055,-7.182,-0.561,-2.021,-9.75,SENSING
75870.0,-2036.199,2730.809,6229.055,-7.182,-0.561,-2.021,-9.75,LISTENING
75882.17,-2123.366,2723.78,6203.964,-7.153,-0.597,-2.105,-9.75,SENSING
75882.17,-2123.366,2723.78,6203.964,-7.153,-0.597,-2.105,-9.75,MANEUVERING
75882.17,-2123.366,2723.78,6203.964,-7.153,-0.597,-2.105,-9.75,LISTENING
75885.65,-2148.228,2721.688,6196.601,-7.145,-0.608,-2.129,-6.27,MANEUVERING
75885.65,-2148.228,2721.688,6196.601,-7.145,-0.608,-2.129,-6.27,SENSING
75885.65,-2148.228,2721.688,6196.601,-7.145,-0.608,-2.129,-6.27,MANEUVERING
75885.65,-2148.228,2721.688,6196.601,-7.145,-0.608,-2.129,-6.27,LISTENING
75890.0,-2179.264,2719.021,6187.28,-7.135,-0.621,-2.159,-1.92,MANEUVERING
75890.0,-2179.264,2719.021,6187.28,-7.135,-0.621,-2.159,-1.92,SENSING
75890.0,-2179.264,2719.021,6187.28,-7.135,-0.621,-2.159,-1.92,MANEUVERING
75890.0,-2179.264,2719.021,6187.28,-7.135,-0.621,-2.159,-1.92,LISTENING
75900.0,-2250.437,2712.674,6165.36,-7.11,-0.651,-2.228,8.08,MANEUVERING
75900.0,-2250.437,2712.674,6165.36,-7.11,-0.651,-2.228,8.08,SENSING
75900.0,-2250.437,2712.674,6165.36,-7.11,-0.651,-2.228,8.08,MEASURING
75900.0,-2250.437,2712.674,6165.36,-7.11,-0.651,-2.228,8.08,SENSING
75900.0,-2250.437,2712.674,6165.36,-7.11,-0.651,-2.228,8.08,LISTENING
75910.92,-2327.872,2705.399,6140.64,-7.082,-0.684,-2.302,8.08,SENSING
75910.92,-2327.872,2705.399,6140.64,-7.082,-0.684,-2.302,8.08,MANEUVERING
75910.92,-2327.872,2705.399,6140.64,-7.082,-0.684,-2.302,8.08,LISTENING
75920.0,-2392.025,2699.078,6119.465,-7.058,-0.711,-2.364,17.16,MANEUVERING
75920.0,-2392.025,2699.078,6119.465,-7.058,-0.711,-2.364,17.16,SENSING
75920.0,-2392.025,2699.078,6119.465,-7.058,-0.711,-2.364,17.16,MEASURING
75920.0,-2392.025,2699.078,6119.465,-7.058,-0.711,-2.364,17.16,SENSING
75920.0,-2392.025,2699.078,6119.465,-7.058,-0.711,-2.364,17.16,LISTENING
75926.77,-2439.714,2694.205,6103.312,-7.04,-0.732,-2.41,17.16,SENSING
75926.77,-2439.714,2694.205,6103.312,-7.04,-0.732,-2.41,17.16,LISTENING
75930.0,-2462.424,2691.832,6095.496,-7.031,-0.741,-2.432,17.16,SENSING
75930.0,-2462.424,2691.832,6095.496,-7.031,-0.741,-2.432,17.16,LISTENING
75937.27,-2513.433,2686.376,6077.646,-7.011,-0.763,-2.481,17.16,SENSING
75937.27,-2513.433,2686.376,6077.646,-7.011,-0.763,-2.481,17.16,LISTENING
75940.0,-2532.55,2684.287,6070.851,-7.004,-0.771,-2.5,17.16,SENSING
75940.0,-2532.55,2684.287,6070.851,-7.004,-0.771,-2.5,17.16,LISTENING
75946.2,-2575.887,2679.459,6055.232,-6.986,-0.79,-2.541,17.16,SENSING
75946.2,-2575.887,2679.459,6055.232,-6.986,-0.79,-2.541,17.16,LISTENING
75950.0,-2602.394,2676.444,6045.531,-6.975,-0.801,-2.567,17.16,SENSING
75950.0,-2602.394,2676.444,6045.531,-6.975,-0.801,-2.567,17.16,LISTENING
75950.0,-2602.394,2676.444,6045.531,-6.975,-0.801,-2.567,17.16,SENSING
75950.0,-2602.394,2676.444,6045.531,-6.975,-0.801,-2.567,17.16,MESSAGING
75950.0,-2602.394,2676.444,6045.531,-6.975,-0.801,-2.567,17.16,SENSING
75950.0,-2602.394,2676.444,6045.531,-6.975,-0.801,-2.567,17.16,LISTENING
75950.0,-2602.394,2676.444,6045.531,-6.975,-0.801,-2.567,17.16,SENSING
75950.0,-2602.394,2676.444,6045.531,-6.975,-0.801,-2.567,17.16,LISTENING
75950.0,-2602.394,2676.444,6045.531,-6.975,-0.801,-2.567,17.16,SENSING
75950.0,-2602.394,2676.444,6045.531,-6.975,-0.801,-2.567,17.16,LISTENING
75950.0,-2602.394,2676.444,6045.531,-6.975,-0.801,-2.567,17.16,SENSING
75950.0,-2602.394,2676.444,6045.531,-6.975,-0.801,-2.567,17.16,LISTENING
75956.84,-2650.002,2670.909,6027.826,-6.955,-0.821,-2.613,17.16,SENSING
75956.84,-2650.002,2670.909,6027.826,-6.955,-0.821,-2.613,17.16,LISTENING
75957.1,-2651.809,2670.696,6027.146,-6.954,-0.822,-2.615,17.16,SENSING
75957.1,-2651.809,2670.696,6027.146,-6.954,-0.822,-2.615,17.16,MANEUVERING
75957.1,-2651.809,2670.696,6027.146,-6.954,-0.822,-2.615,17.16,LISTENING
75960.0,-2671.95,2668.306,6019.54,-6.946,-0.831,-2.634,14.26,MANEUVERING
75960.0,-2671.95,2668.306,6019.54,-6.946,-0.831,-2.634,14.26,SENSING
75960.0,-2671.95,2668.306,6019.54,-6.946,-0.831,-2.634,14.26,MANEUVERING
75960.0,-2671.95,2668.306,6019.54,-6.946,-0.831,-2.634,14.26,LISTENING
75970.0,-2741.209,2659.872,5992.881,-6.916,-0.86,-2.701,4.26,MANEUVERING
75970.0,-2741.209,2659.872,5992.881,-6.916,-0.86,-2.701,4.26,SENSING
75970.0,-2741.209,2659.872,5992.881,-6.916,-0.86,-2.701,4.26,MANEUVERING
75970.0,-2741.209,2659.872,5992.881,-6.916,-0.86,-2.701,4.26,LISTENING
75978.19,-2797.706,2652.745,5970.552,-6.891,-0.884,-2.755,-3.93,MANEUVERING
75978.19,-2797.706,2652.745,5970.552,-6.891,-0.884,-2.755,-3.93,SENSING
75978.19,-2797.706,2652.745,5970.552,-6.891,-0.884,-2.755,-3.93,MANEUVERING
75978.19,-2797.706,2652.745,5970.552,-6.891,-0.884,-2.755,-3.93,LISTENING
75990.0,-2878.808,2642.122,5937.572,-6.854,-0.919,-2.833,-15.74,MANEUVERING
75990.0,-2878.808,2642.122,5937.572,-6.854,-0.919,-2.833,-15.74,SENSING
75990.0,-2878.808,2642.122,5937.572,-6.854,-0.919,-2.833,-15.74,MEASURING
75990.0,-2878.808,2642.122,5937.572,-6.854,-0.919,-2.833,-15.74,SENSING
75990.0,-2878.808,2642.122,5937.572,-6.854,-0.919,-2.833,-15.74,LISTENING
76000.0,-2947.133,2632.808,5908.928,-6.821,-0.948,-2.899,-15.74,SENSING
76000.0,-2947.133,2632.808,5908.928,-6.821,-0.948,-2.899,-15.74,MEASURING
76000.0,-2947.133,2632.808,5908.928,-6.821,-0.948,-2.899,-15.74,SENSING
76000.0,-2947.133,2632.808,5908.928,-6.821,-0.948,-2.899,-15.74,LISTENING
76010.0,-3015.131,2623.203,5879.63,-6.788,-0.977,-2.964,-15.74,SENSING
76010.0,-3015.131,2623.203,5879.63,-6.788,-0.977,-2.964,-15.74,MEASURING
76010.0,-3015.131,2623.203,5879.63,-6.788,-0.977,-2.964,-15.74,SENSING
76010.0,-3015.131,2623.203,5879.63,-6.788,-0.977,-2.964,-15.74,LISTENING
76013.44,-3038.445,2619.832,5869.4,-6.777,-0.987,-2.986,-15.74,SENSING
76013.44,-3038.445,2619.832,5869.4,-6.777,-0.987,-2.986,-15.74,MANEUVERING
76013.44,-3038.445,2619.832,5869.4,-6.777,-0.987,-2.986,-15.74,LISTENING
76020.0,-3082.795,2613.308,5849.679,-6.754,-1.006,-3.029,-22.3,MANEUVERING
76020.0,-3082.795,2613.308,5849.679,-6.754,-1.006,-3.029,-22.3,SENSING
76020.0,-3082.795,2613.308,5849.679,-6.754,-1.006,-3.029,-22.3,MEASURING
76020.0,-3082.795,2613.308,5849.679,-6.754,-1.006,-3.029,-22.3,SENSING
76020.0,-3082.795,2613.308,5849.679,-6.754,-1.006,-3.029,-22.3,LISTENING
76030.0,-3150.118,2603.124,5819.081,-6.72,-1.035,-3.094,-22.3,SENSING
76030.0,-3150.118,2603.124,5819.081,-6.72,-1.035,-3.094,-22.3,MEASURING
76030.0,-3150.118,2603.124,5819.081,-6.72,-1.035,-3.094,-22.3,SENSING
76030.0,-3150.118,2603.124,5819.081,-6.72,-1.035,-3.094,-22.3,LISTENING
76034.72,-3181.773,2598.218,5804.414,-6.703,-1.049,-3.124,-22.3,SENSING
76034.72,-3181.773,2598.218,5804.414,-6.703,-1.049,-3.124,-22.3,MANEUVERING
76034.72,-3181.773,2598.218,5804.414,-6.703,-1.049,-3.124,-22.3,LISTENING
76037.11,-3197.772,2595.709,5796.933,-6.695,-1.055,-3.139,-19.91,MANEUVERING
76037.11,-3197.772,2595.709,5796.933,-6.695,-1.055,-3.139,-19.91,SENSING
76037.11,-3197.772,2595.709,5796.933,-6.695,-1.055,-3.139,-19.91,MANEUVERING
76037.11,-3197.772,2595.709,5796.933,-6.695,-1.055,-3.139,-19.91,LISTENING
76040.0,-3217.091,2592.653,5787.838,-6.685,-1.064,-3.158,-17.02,MANEUVERING
76040.0,-3217.091,2592.653,5787.838,-6.685,-1.064,-3.158,-17.02,SENSING
76040.0,-3217.091,2592.653,5787.838,-6.685,-1.064,-3.158,-17.02,MEASURING
76040.0,-3217.091,2592.653,5787.838,-6.685,-1.064,-3.158,-17.02,SENSING
76040.0,-3217.091,2592.653,5787.838,-6.685,-1.064,-3.158,-17.02,LISTENING
76050.0,-3283.709,2581.896,5755.954,-6.649,-1.092,-3.222,-17.02,SENSING
76050.0,-3283.709,2581.896,5755.954,-6.649,-1.092,-3.222,-17.02,MEASURING
76050.0,-3283.709,2581.896,5755.954,-6.649,-1.092,-3.222,-17.02,SENSING
76050.0,-3283.709,2581.896,5755.954,-6.649,-1.092,-3.222,-17.02,LISTENING
76050.0,-3283.709,2581.896,5755.954,-6.649,-1.092,-3.222,-17.02,SENSING
76050.0,-3283.709,2581.896,5755.954,-6.649,-1.092,-3.222,-17.02,MESSAGING
76050.0,-3283.709,2581.896,5755.954,-6.649,-1.092,-3.222,-17.02,SENSING
76050.0,-3283.709,2581.896,5755.954,-6.649,-1.092,-3.222,-17.02,LISTENING
76050.0,-3283.709,2581.896,5755.954,-6.649,-1.092,-3.222,-17.02,SENSING
76050.0,-3283.709,2581.896,5755.954,-6.649,-1.092,-3.222,-17.02,LISTENING
76050.0,-3283.709,2581.896,5755.954,-6.649,-1.092,-3.222,-17.02,SENSING
76050.0,-3283.709,2581.896,5755.954,-6.649,-1.092,-3.222,-17.02,LISTENING
76055.89,-3322.777,2575.426,5736.877,-6.627,-1.109,-3.259,-17.02,SENSING
76055.89,-3322.777,2575.426,5736.877,-6.627,-1.109,-3.259,-17.02,LISTENING
76060.0,-3349.963,2570.853,5723.434,-6.612,-1.121,-3.286,-17.02,SENSING
76060.0,-3349.963,2570.853,5723.434,-6.612,-1.121,-3.286,-17.02,LISTENING
76060.0,-3349.963,2570.853,5723.434,-6.612,-1.121,-3.286,-17.02,SENSING
76060.0,-3349.963,2570.853,5723.434,-6.612,-1.121,-3.286,-17.02,MESSAGING
76060.0,-3349.963,2570.853,5723.434,-6.612,-1.121,-3.286,-17.02,SENSING
76060.0,-3349.963,2570.853,5723.434,-6.612,-1.121,-3.286,-17.02,LISTENING
76060.0,-3349.963,2570.853,5723.434,-6.612,-1.121,-3.286,-17.02,SENSING
76060.0,-3349.963,2570.853,5723.434,-6.612,-1.121,-3.286,-17.02,LISTENING
76060.0,-3349.963,2570.853,5723.434,-6.612,-1.121,-3.286,-17.02,SENSING
76060.0,-3349.963,2570.853,5723.434,-6.612,-1.121,-3.286,-17.02,LISTENING
76063.54,-3373.329,2566.876,5711.769,-6.599,-1.131,-3.308,-17.02,SENSING
76063.54,-3373.329,2566.876,5711.769,-6.599,-1.131,-3.308,-17.02,MANEUVERING
76063.54,-3373.329,2566.876,5711.769,-6.599,-1.131,-3.308,-17.02,LISTENING
76066.89,-3395.398,2563.079,5700.658,-6.586,-1.14,-3.329,-20.37,MANEUVERING
76066.89,-3395.398,2563.079,5700.658,-6.586,-1.14,-3.329,-20.37,SENSING
76066.89,-3395.398,2563.079,5700.658,-6.586,-1.14,-3.329,-20.37,MANEUVERING
76066.89,-3395.398,2563.079,5700.658,-6.586,-1.14,-3.329,-20.37,LISTENING
76070.0,-3415.847,2559.526,5690.279,-6.574,-1.149,-3.349,-23.48,MANEUVERING
76070.0,-3415.847,2559.526,5690.279,-6.574,-1.149,-3.349,-23.48,SENSING
76070.0,-3415.847,2559.526,5690.279,-6.574,-1.149,-3.349,-23.48,MEASURING
76070.0,-3415.847,2559.526,5690.279,-6.574,-1.149,-3.349,-23.48,SENSING
76070.0,-3415.847,2559.526,5690.279,-6.574,-1.149,-3.349,-23.48,LISTENING
76080.0,-3481.353,2547.918,5656.496,-6.536,-1.177,-3.411,-23.48,SENSING
76080.0,-3481.353,2547.918,5656.496,-6.536,-1.177,-3.411,-23.48,LISTENING
76090.0,-3546.474,2536.028,5622.086,-6.497,-1.206,-3.474,-23.48,SENSING
76090.0,-3546.474,2536.028,5622.086,-6.497,-1.206,-3.474,-23.48,LISTENING
76100.0,-3611.203,2523.858,5587.055,-6.458,-1.234,-3.536,-23.48,SENSING
76100.0,-3611.203,2523.858,5587.055,-6.458,-1.234,-3.536,-23.48,MEASURING
76100.0,-3611.203,2523.858,5587.055,-6.458,-1.234,-3.536,-23.48,SENSING
76100.0,-3611.203,2523.858,5587.055,-6.458,-1.234,-3.536,-23.48,LISTENING
76112.76,-3693.217,2507.926,5541.459,-6.406,-1.269,-3.614,-23.48,SENSING
76112.76,-3693.217,2507.926,5541.459,-6.406,-1.269,-3.614,-23.48,LISTENING
76114.83,-3706.46,2505.298,5533.968,-6.398,-1.275,-3.627,-23.48,SENSING
76114.83,-3706.46,2505.298,5533.968,-6.398,-1.275,-3.627,-23.48,MANEUVERING
76114.83,-3706.46,2505.298,5533.968,-6.398,-1.275,-3.627,-23.48,LISTENING
76120.0,-3739.457,2498.685,5515.145,-6.377,-1.289,-3.659,-28.65,MANEUVERING
76120.0,-3739.457,2498.685,5515.145,-6.377,-1.289,-3.659,-28.65,SENSING
76120.0,-3739.457,2498.685,5515.145,-6.377,-1.289,-3.659,-28.65,MEASURING
76120.0,-3739.457,2498.685,5515.145,-6.377,-1.289,-3.659,-28.65,SENSING
76120.0,-3739.457,2498.685,5515.145,-6.377,-1.289,-3.659,-28.65,LISTENING
76126.47,-3780.597,2490.305,5491.358,-6.35,-1.307,-3.698,-28.65,SENSING
76126.47,-3780.597,2490.305,5491.358,-6.35,-1.307,-3.698,-28.65,MANEUVERING
76126.47,-3780.597,2490.305,5491.358,-6.35,-1.307,-3.698,-28.65,LISTENING
76126.82,-3782.817,2489.849,5490.064,-6.348,-1.308,-3.7,-28.3,MANEUVERING
76126.82,-3782.817,2489.849,5490.064,-6.348,-1.308,-3.7,-28.3,SENSING
76126.82,-3782.817,2489.849,5490.064,-6.348,-1.308,-3.7,-28.3,MANEUVERING
76126.82,-3782.817,2489.849,5490.064,-6.348,-1.308,-3.7,-28.3,LISTENING
76130.0,-3802.968,2485.685,5478.273,-6.335,-1.316,-3.719,-25.12,MANEUVERING
76130.0,-3802.968,2485.685,5478.273,-6.335,-1.316,-3.719,-25.12,SENSING
76130.0,-3802.968,2485.685,5478.273,-6.335,-1.316,-3.719,-25.12,MANEUVERING
76130.0,-3802.968,2485.685,5478.273,-6.335,-1.316,-3.719,-25.12,LISTENING
76137.34,-3849.318,2475.969,5450.824,-6.304,-1.337,-3.764,-17.78,MANEUVERING
76137.34,-3849.318,2475.969,5450.824,-6.304,-1.337,-3.764,-17.78,SENSING
76137.34,-3849.318,2475.969,5450.824,-6.304,-1.337,-3.764,-17.78,MANEUVERING
76137.34,-3849.318,2475.969,5450.824,-6.304,-1.337,-3.764,-17.78,LISTENING
76140.0,-3866.059,2472.411,5440.797,-6.292,-1.344,-3.78,-15.12,MANEUVERING
76140.0,-3866.059,2472.411,5440.797,-6.292,-1.344,-3.78,-15.12,SENSING
76140.0,-3866.059,2472.411,5440.797,-6.292,-1.344,-3.78,-15.12,MEASURING
76140.0,-3866.059,2472.411,5440.797,-6.292,-1.344,-3.78,-15.12,SENSING
76140.0,-3866.059,2472.411,5440.797,-6.292,-1.344,-3.78,-15.12,LISTENING
76150.0,-3928.724,2458.865,5402.719,-6.249,-1.371,-3.84,-15.12,SENSING
76150.0,-3928.724,2458.865,5402.719,-6.249,-1.371,-3.84,-15.12,LISTENING
76153.62,-3951.302,2453.894,5388.788,-6.234,-1.381,-3.861,-15.12,SENSING
76153.62,-3951.302,2453.894,5388.788,-6.234,-1.381,-3.861,-15.12,MANEUVERING
76153.62,-3951.302,2453.894,5388.788,-6.234,-1.381,-3.861,-15.12,LISTENING
76160.0,-3990.954,2445.047,5364.046,-6.206,-1.398,-3.899,-8.74,MANEUVERING
76160.0,-3990.954,2445.047,5364.046,-6.206,-1.398,-3.899,-8.74,SENSING
76160.0,-3990.954,2445.047,5364.046,-6.206,-1.398,-3.899,-8.74,MEASURING
76160.0,-3990.954,2445.047,5364.046,-6.206,-1.398,-3.899,-8.74,SENSING
76160.0,-3990.954,2445.047,5364.046,-6.206,-1.398,-3.899,-8.74,LISTENING
76170.0,-4052.745,2430.961,5324.78,-6.161,-1.425,-3.958,-8.74,SENSING
76170.0,-4052.745,2430.961,5324.78,-6.161,-1.425,-3.958,-8.74,LISTENING
76171.46,-4061.729,2428.882,5318.998,-6.155,-1.429,-3.967,-8.74,SENSING
76171.46,-4061.729,2428.882,5318.998,-6.155,-1.429,-3.967,-8.74,MANEUVERING
76171.46,-4061.729,2428.882,5318.998,-6.155,-1.429,-3.967,-8.74,LISTENING
76183.08,-4132.891,2412.133,5272.534,-6.102,-1.46,-4.035,2.88,MANEUVERING
76183.08,-4132.891,2412.133,5272.534,-6.102,-1.46,-4.035,2.88,SENSING
76183.08,-4132.891,2412.133,5272.534,-6.102,-1.46,-4.035,2.88,MANEUVERING
76183.08,-4132.891,2412.133,5272.534,-6.102,-1.46,-4.035,2.88,LISTENING
76190.0,-4174.978,2401.987,5244.49,-6.07,-1.478,-4.075,9.8,MANEUVERING
76190.0,-4174.978,2401.987,5244.49,-6.07,-1.478,-4.075,9.8,SENSING
76190.0,-4174.978,2401.987,5244.49,-6.07,-1.478,-4.075,9.8,MEASURING
76190.0,-4174.978,2401.987,5244.49,-6.07,-1.478,-4.075,9.8,SENSING
76190.0,-4174.978,2401.987,5244.49,-6.07,-1.478,-4.075,9.8,LISTENING
76195.44,-4207.909,2393.923,5222.249,-6.045,-1.493,-4.106,9.8,SENSING
76195.44,-4207.909,2393.923,5222.249,-6.045,-1.493,-4.106,9.8,MANEUVERING
76195.44,-4207.909,2393.923,5222.249,-6.045,-1.493,-4.106,9.8,LISTENING
76196.13,-4212.076,2392.895,5219.416,-6.042,-1.494,-4.11,10.49,MANEUVERING
76196.13,-4212.076,2392.895,5219.416,-6.042,-1.494,-4.11,10.49,SENSING
76196.13,-4212.076,2392.895,5219.416,-6.042,-1.494,-4.11,10.49,MANEUVERING
76196.13,-4212.076,2392.895,5219.416,-6.042,-1.494,-4.11,10.49,LISTENING
76200.0,-4235.407,2387.103,5203.475,-6.024,-1.505,-4.132,14.36,MANEUVERING
76200.0,-4235.407,2387.103,5203.475,-6.024,-1.505,-4.132,14.36,SENSING
76200.0,-4235.407,2387.103,5203.475,-6.024,-1.505,-4.132,14.36,MANEUVERING
76200.0,-4235.407,2387.103,5203.475,-6.024,-1.505,-4.132,14.36,LISTENING
76210.0,-4295.37,2371.957,5161.887,-5.977,-1.531,-4.19,24.36,MANEUVERING
76210.0,-4295.37,2371.957,5161.887,-5.977,-1.531,-4.19,24.36,SENSING
76210.0,-4295.37,2371.957,5161.887,-5.977,-1.531,-4.19,24.36,MEASURING
76210.0,-4295.37,2371.957,5161.887,-5.977,-1.531,-4.19,24.36,SENSING
76210.0,-4295.37,2371.957,5161.887,-5.977,-1.531,-4.19,24.36,LISTENING
76220.0,-4354.859,2356.55,5119.729,-5.929,-1.557,-4.246,24.36,SENSING
76220.0,-4354.859,2356.55,5119.729,-5.929,-1.557,-4.246,24.36,LISTENING
76247.3,-4514.803,2313.174,5001.781,-5.796,-1.627,-4.399,24.36,SENSING
76247.3,-4514.803,2313.174,5001.781,-5.796,-1.627,-4.399,24.36,LISTENING
76250.0,-4530.423,2308.78,4989.891,-5.782,-1.634,-4.413,24.36,SENSING
76250.0,-4530.423,2308.78,4989.891,-5.782,-1.634,-4.413,24.36,LISTENING
76256.91,-4570.231,2297.452,4959.28,-5.748,-1.651,-4.451,24.36,SENSING
76256.91,-4570.231,2297.452,4959.28,-5.748,-1.651,-4.451,24.36,MANEUVERING
76256.91,-4570.231,2297.452,4959.28,-5.748,-1.651,-4.451,24.36,LISTENING
76260.0,-4587.955,2292.348,4945.506,-5.732,-1.659,-4.468,27.45,MANEUVERING
76260.0,-4587.955,2292.348,4945.506,-5.732,-1.659,-4.468,27.45,SENSING
76260.0,-4587.955,2292.348,4945.506,-5.732,-1.659,-4.468,27.45,MEASURING
76260.0,-4587.955,2292.348,4945.506,-5.732,-1.659,-4.468,27.45,SENSING
76260.0,-4587.955,2292.348,4945.506,-5.732,-1.659,-4.468,27.45,LISTENING
76275.46,-4675.904,2266.448,4875.817,-5.653,-1.698,-4.552,27.45,SENSING
76275.46,-4675.904,2266.448,4875.817,-5.653,-1.698,-4.552,27.45,MANEUVERING
76275.46,-4675.904,2266.448,4875.817,-5.653,-1.698,-4.552,27.45,LISTENING
76280.0,-4701.498,2258.729,4855.108,-5.63,-1.709,-4.576,31.99,MANEUVERING
76280.0,-4701.498,2258.729,4855.108,-5.63,-1.709,-4.576,31.99,SENSING
76280.0,-4701.498,2258.729,4855.108,-5.63,-1.709,-4.576,31.99,MEASURING
76280.0,-4701.498,2258.729,4855.108,-5.63,-1.709,-4.576,31.99,SENSING
76280.0,-4701.498,2258.729,4855.108,-5.63,-1.709,-4.576,31.99,LISTENING
76300.0,-4812.973,2224.118,4762.573,-5.525,-1.759,-4.682,31.99,SENSING
76300.0,-4812.973,2224.118,4762.573,-5.525,-1.759,-4.682,31.99,LISTENING
76316.6,-4903.891,2194.649,4684.175,-5.437,-1.799,-4.768,31.99,SENSING
76316.6,-4903.891,2194.649,4684.175,-5.437,-1.799,-4.768,31.99,LISTENING
76320.0,-4922.331,2188.531,4667.942,-5.418,-1.807,-4.786,31.99,SENSING
76320.0,-4922.331,2188.531,4667.942,-5.418,-1.807,-4.786,31.99,LISTENING
76324.8,-4948.256,2179.847,4644.923,-5.392,-1.819,-4.81,31.99,SENSING
76324.8,-4948.256,2179.847,4644.923,-5.392,-1.819,-4.81,31.99,MANEUVERING
76324.8,-4948.256,2179.847,4644.923,-5.392,-1.819,-4.81,31.99,LISTENING
76326.4,-4956.871,2176.94,4637.224,-5.383,-1.822,-4.818,30.39,MANEUVERING
76326.4,-4956.871,2176.94,4637.224,-5.383,-1.822,-4.818,30.39,SENSING
76326.4,-4956.871,2176.94,4637.224,-5.383,-1.822,-4.818,30.39,MANEUVERING
76326.4,-4956.871,2176.94,4637.224,-5.383,-1.822,-4.818,30.39,LISTENING
76330.0,-4976.201,2170.377,4619.854,-5.364,-1.831,-4.837,26.79,MANEUVERING
76330.0,-4976.201,2170.377,4619.854,-5.364,-1.831,-4.837,26.79,SENSING
76330.0,-4976.201,2170.377,4619.854,-5.364,-1.831,-4.837,26.79,MEASURING
76330.0,-4976.201,2170.377,4619.854,-5.364,-1.831,-4.837,26.79,SENSING
76330.0,-4976.201,2170.377,4619.854,-5.364,-1.831,-4.837,26.79,LISTENING
76336.96,-5013.373,2157.601,4586.085,-5.326,-1.848,-4.872,26.79,SENSING
76336.96,-5013.373,2157.601,4586.085,-5.326,-1.848,-4.872,26.79,LISTENING
76337.74,-5017.522,2156.162,4582.285,-5.321,-1.849,-4.876,26.79,SENSING
76337.74,-5017.522,2156.162,4582.285,-5.321,-1.849,-4.876,26.79,MANEUVERING
76337.74,-5017.522,2156.162,4582.285,-5.321,-1.849,-4.876,26.79,LISTENING
76380.0,-5237.237,2076.077,4371.907,-5.083,-1.948,-5.084,-15.47,MANEUVERING
76380.0,-5237.237,2076.077,4371.907,-5.083,-1.948,-5.084,-15.47,SENSING
76380.0,-5237.237,2076.077,4371.907,-5.083,-1.948,-5.084,-15.47,MEASURING
76380.0,-5237.237,2076.077,4371.907,-5.083,-1.948,-5.084,-15.47,SENSING
76380.0,-5237.237,2076.077,4371.907,-5.083,-1.948,-5.084,-15.47,LISTENING
76389.26,-5284.025,2057.98,4324.649,-5.03,-1.969,-5.128,-15.47,SENSING
76389.26,-5284.025,2057.98,4324.649,-5.03,-1.969,-5.128,-15.47,MANEUVERING
76389.26,-5284.025,2057.98,4324.649,-5.03,-1.969,-5.128,-15.47,LISTENING
76390.0,-5287.742,2056.526,4320.855,-5.025,-1.97,-5.132,-14.73,MANEUVERING
76390.0,-5287.742,2056.526,4320.855,-5.025,-1.97,-5.132,-14.73,SENSING
76390.0,-5287.742,2056.526,4320.855,-5.025,-1.97,-5.132,-14.73,MANEUVERING
76390.0,-5287.742,2056.526,4320.855,-5.025,-1.97,-5.132,-14.73,LISTENING
76400.0,-5337.667,2036.75,4269.328,-4.967,-1.993,-5.179,-4.73,MANEUVERING
76400.0,-5337.667,2036.75,4269.328,-4.967,-1.993,-5.179,-4.73,SENSING
76400.0,-5337.667,2036.75,4269.328,-4.967,-1.993,-5.179,-4.73,MEASURING
76400.0,-5337.667,2036.75,4269.328,-4.967,-1.993,-5.179,-4.73,SENSING
76400.0,-5337.667,2036.75,4269.328,-4.967,-1.993,-5.179,-4.73,LISTENING
76410.0,-5387.005,2016.75,4217.334,-4.908,-2.015,-5.225,-4.73,SENSING
76410.0,-5387.005,2016.75,4217.334,-4.908,-2.015,-5.225,-4.73,LISTENING
76415.33,-5413.062,2006.001,4189.431,-4.876,-2.027,-5.25,-4.73,SENSING
76415.33,-5413.062,2006.001,4189.431,-4.876,-2.027,-5.25,-4.73,MANEUVERING
76415.33,-5413.062,2006.001,4189.431,-4.876,-2.027,-5.25,-4.73,LISTENING
76420.0,-5435.753,1996.531,4164.876,-4.849,-2.037,-5.271,-9.4,MANEUVERING
76420.0,-5435.753,1996.531,4164.876,-4.849,-2.037,-5.271,-9.4,SENSING
76420.0,-5435.753,1996.531,4164.876,-4.849,-2.037,-5.271,-9.4,MEASURING
76420.0,-5435.753,1996.531,4164.876,-4.849,-2.037,-5.271,-9.4,SENSING
76420.0,-5435.753,1996.531,4164.876,-4.849,-2.037,-5.271,-9.4,LISTENING
76424.65,-5458.218,1987.054,4140.327,-4.821,-2.047,-5.293,-9.4,SENSING
76424.65,-5458.218,1987.054,4140.327,-4.821,-2.047,-5.293,-9.4,LISTENING
76430.0,-5483.905,1976.092,4111.961,-4.789,-2.059,-5.317,-9.4,SENSING
76430.0,-5483.905,1976.092,4111.961,-4.789,-2.059,-5.317,-9.4,LISTENING
76430.0,-5483.905,1976.092,4111.961,-4.789,-2.059,-5.317,-9.4,SENSING
76430.0,-5483.905,1976.092,4111.961,-4.789,-2.059,-5.317,-9.4,LISTENING
76439.84,-5530.699,1955.77,4059.453,-4.729,-2.08,-5.361,-9.4,SENSING
76439.84,-5530.699,1955.77,4059.453,-4.729,-2.08,-5.361,-9.4,LISTENING
76450.0,-5578.4,1934.569,4004.784,-4.667,-2.102,-5.406,-9.4,SENSING
76450.0,-5578.4,1934.569,4004.784,-4.667,-2.102,-5.406,-9.4,LISTENING
76453.16,-5593.107,1927.93,3987.688,-4.648,-2.108,-5.42,-9.4,SENSING
76453.16,-5593.107,1927.93,3987.688,-4.648,-2.108,-5.42,-9.4,MANEUVERING
76453.16,-5593.107,1927.93,3987.688,-4.648,-2.108,-5.42,-9.4,LISTENING
76470.0,-5670.448,1892.199,3895.851,-4.544,-2.144,-5.493,7.44,MANEUVERING
76470.0,-5670.448,1892.199,3895.851,-4.544,-2.144,-5.493,7.44,SENSING
76470.0,-5670.448,1892.199,3895.851,-4.544,-2.144,-5.493,7.44,MEASURING
76470.0,-5670.448,1892.199,3895.851,-4.544,-2.144,-5.493,7.44,SENSING
76470.0,-5670.448,1892.199,3895.851,-4.544,-2.144,-5.493,7.44,LISTENING
76481.29,-5721.315,1867.915,3833.601,-4.473,-2.167,-5.54,7.44,SENSING
76481.29,-5721.315,1867.915,3833.601,-4.473,-2.167,-5.54,7.44,LISTENING
76486.68,-5745.318,1856.229,3803.692,-4.44,-2.178,-5.563,7.44,SENSING
76486.68,-5745.318,1856.229,3803.692,-4.44,-2.178,-5.563,7.44,MANEUVERING
76486.68,-5745.318,1856.229,3803.692,-4.44,-2.178,-5.563,7.44,LISTENING
76500.0,-5803.849,1827.099,3729.264,-4.355,-2.205,-5.618,20.76,MANEUVERING
76500.0,-5803.849,1827.099,3729.264,-4.355,-2.205,-5.618,20.76,SENSING
76500.0,-5803.849,1827.099,3729.264,-4.355,-2.205,-5.618,20.76,MEASURING
76500.0,-5803.849,1827.099,3729.264,-4.355,-2.205,-5.618,20.76,SENSING
76500.0,-5803.849,1827.099,3729.264,-4.355,-2.205,-5.618,20.76,LISTENING
76520.0,-5889.614,1782.696,3616.153,-4.227,-2.244,-5.699,20.76,SENSING
76520.0,-5889.614,1782.696,3616.153,-4.227,-2.244,-5.699,20.76,MEASURING
76520.0,-5889.614,1782.696,3616.153,-4.227,-2.244,-5.699,20.76,SENSING
76520.0,-5889.614,1782.696,3616.153,-4.227,-2.244,-5.699,20.76,LISTENING
76527.76,-5922.198,1765.257,3571.836,-4.177,-2.259,-5.729,20.76,SENSING
76527.76,-5922.198,1765.257,3571.836,-4.177,-2.259,-5.729,20.76,MANEUVERING
76527.76,-5922.198,1765.257,3571.836,-4.177,-2.259,-5.729,20.76,LISTENING
76570.0,-6092.664,1668.325,3326.556,-3.899,-2.339,-5.889,-21.48,MANEUVERING
76570.0,-6092.664,1668.325,3326.556,-3.899,-2.339,-5.889,-21.48,SENSING
76570.0,-6092.664,1668.325,3326.556,-3.899,-2.339,-5.889,-21.48,MEASURING
76570.0,-6092.664,1668.325,3326.556,-3.899,-2.339,-5.889,-21.48,SENSING
76570.0,-6092.664,1668.325,3326.556,-3.899,-2.339,-5.889,-21.48,LISTENING
76593.0,-6180.504,1614.166,3190.237,-3.745,-2.38,-5.971,-21.48,SENSING
76593.0,-6180.504,1614.166,3190.237,-3.745,-2.38,-5.971,-21.48,LISTENING
76600.0,-6206.531,1597.497,3148.379,-3.697,-2.392,-5.995,-21.48,SENSING
76600.0,-6206.531,1597.497,3148.379,-3.697,-2.392,-5.995,-21.48,MEASURING
76600.0,-6206.531,1597.497,3148.379,-3.697,-2.392,-5.995,-21.48,SENSING
76600.0,-6206.531,1597.497,3148.379,-3.697,-2.392,-5.995,-21.48,LISTENING
76620.2,-6279.768,1548.917,3026.649,-3.559,-2.427,-6.063,-21.48,SENSING
76620.2,-6279.768,1548.917,3026.649,-3.559,-2.427,-6.063,-21.48,MANEUVERING
76620.2,-6279.768,1548.917,3026.649,-3.559,-2.427,-6.063,-21.48,LISTENING
76650.0,-6382.688,1475.998,2844.618,-3.353,-2.476,-6.159,8.32,MANEUVERING
76650.0,-6382.688,1475.998,2844.618,-3.353,-2.476,-6.159,8.32,SENSING
76650.0,-6382.688,1475.998,2844.618,-3.353,-2.476,-6.159,8.32,MEASURING
76650.0,-6382.688,1475.998,2844.618,-3.353,-2.476,-6.159,8.32,SENSING
76650.0,-6382.688,1475.998,2844.618,-3.353,-2.476,-6.159,8.32,LISTENING
76672.45,-6456.139,1420.116,2705.651,-3.195,-2.512,-6.227,8.32,SENSING
76672.45,-6456.139,1420.116,2705.651,-3.195,-2.512,-6.227,8.32,MANEUVERING
76672.45,-6456.139,1420.116,2705.651,-3.195,-2.512,-6.227,8.32,LISTENING
76680.0,-6480.044,1401.146,2658.578,-3.142,-2.523,-6.249,15.87,MANEUVERING
76680.0,-6480.044,1401.146,2658.578,-3.142,-2.523,-6.249,15.87,SENSING
76680.0,-6480.044,1401.146,2658.578,-3.142,-2.523,-6.249,15.87,MEASURING
76680.0,-6480.044,1401.146,2658.578,-3.142,-2.523,-6.249,15.87,SENSING
76680.0,-6480.044,1401.146,2658.578,-3.142,-2.523,-6.249,15.87,LISTENING
76695.63,-6528.249,1361.599,2560.603,-3.031,-2.547,-6.294,15.87,SENSING
76695.63,-6528.249,1361.599,2560.603,-3.031,-2.547,-6.294,15.87,MANEUVERING
76695.63,-6528.249,1361.599,2560.603,-3.031,-2.547,-6.294,15.87,LISTENING
76700.0,-6541.415,1350.477,2533.087,-3.0,-2.553,-6.306,20.24,MANEUVERING
76700.0,-6541.415,1350.477,2533.087,-3.0,-2.553,-6.306,20.24,SENSING
76700.0,-6541.415,1350.477,2533.087,-3.0,-2.553,-6.306,20.24,MEASURING
76700.0,-6541.415,1350.477,2533.087,-3.0,-2.553,-6.306,20.24,SENSING
76700.0,-6541.415,1350.477,2533.087,-3.0,-2.553,-6.306,20.24,LISTENING
76714.33,-6583.632,1313.809,2442.489,-2.897,-2.574,-6.345,20.24,SENSING
76714.33,-6583.632,1313.809,2442.489,-2.897,-2.574,-6.345,20.24,MANEUVERING
76714.33,-6583.632,1313.809,2442.489,-2.897,-2.574,-6.345,20.24,LISTENING
76717.14,-6591.738,1306.583,2424.659,-2.877,-2.578,-6.352,17.43,MANEUVERING
76717.14,-6591.738,1306.583,2424.659,-2.877,-2.578,-6.352,17.43,SENSING
76717.14,-6591.738,1306.583,2424.659,-2.877,-2.578,-6.352,17.43,MANEUVERING
76717.14,-6591.738,1306.583,2424.659,-2.877,-2.578,-6.352,17.43,LISTENING
76730.0,-6628.107,1273.375,2342.793,-2.784,-2.596,-6.386,4.57,MANEUVERING
76730.0,-6628.107,1273.375,2342.793,-2.784,-2.596,-6.386,4.57,SENSING
76730.0,-6628.107,1273.375,2342.793,-2.784,-2.596,-6.386,4.57,MEASURING
76730.0,-6628.107,1273.375,2342.793,-2.784,-2.596,-6.386,4.57,SENSING
76730.0,-6628.107,1273.375,2342.793,-2.784,-2.596,-6.386,4.57,LISTENING
76739.65,-6654.613,1248.305,2281.083,-2.714,-2.61,-6.41,4.57,SENSING
76739.65,-6654.613,1248.305,2281.083,-2.714,-2.61,-6.41,4.57,LISTENING
76740.0,-6655.562,1247.394,2278.84,-2.711,-2.61,-6.411,4.57,SENSING
76740.0,-6655.562,1247.394,2278.84,-2.711,-2.61,-6.411,4.57,LISTENING
76740.0,-6655.562,1247.394,2278.84,-2.711,-2.61,-6.411,4.57,SENSING
76740.0,-6655.562,1247.394,2278.84,-2.711,-2.61,-6.411,4.57,LISTENING
76740.0,-6655.562,1247.394,2278.84,-2.711,-2.61,-6.411,4.57,SENSING
76740.0,-6655.562,1247.394,2278.84,-2.711,-2.61,-6.411,4.57,MESSAGING
76740.0,-6655.562,1247.394,2278.84,-2.711,-2.61,-6.411,4.57,SENSING
76740.0,-6655.562,1247.394,2278.84,-2.711,-2.61,-6.411,4.57,LISTENING
76740.0,-6655.562,1247.394,2278.84,-2.711,-2.61,-6.411,4.57,SENSING
76740.0,-6655.562,1247.394,2278.84,-2.711,-2.61,-6.411,4.57,LISTENING
76740.0,-6655.562,1247.394,2278.84,-2.711,-2.61,-6.411,4.57,SENSING
76740.0,-6655.562,1247.394,2278.84,-2.711,-2.61,-6.411,4.57,LISTENING
76740.37,-6656.564,1246.43,2276.47,-2.709,-2.61,-6.412,4.57,SENSING
76740.37,-6656.564,1246.43,2276.47,-2.709,-2.61,-6.412,4.57,MANEUVERING
76740.37,-6656.564,1246.43,2276.47,-2.709,-2.61,-6.412,4.57,LISTENING
76750.0,-6682.29,1221.276,2214.639,-2.638,-2.623,-6.436,14.2,MANEUVERING
76750.0,-6682.29,1221.276,2214.639,-2.638,-2.623,-6.436,14.2,SENSING
76750.0,-6682.29,1221.276,2214.639,-2.638,-2.623,-6.436,14.2,MEASURING
76750.0,-6682.29,1221.276,2214.639,-2.638,-2.623,-6.436,14.2,SENSING
76750.0,-6682.29,1221.276,2214.639,-2.638,-2.623,-6.436,14.2,LISTENING
76760.0,-6708.289,1195.026,2150.197,-2.565,-2.637,-6.459,14.2,SENSING
76760.0,-6708.289,1195.026,2150.197,-2.565,-2.637,-6.459,14.2,LISTENING
76767.51,-6727.333,1175.226,2101.645,-2.51,-2.646,-6.477,14.2,SENSING
76767.51,-6727.333,1175.226,2101.645,-2.51,-2.646,-6.477,14.2,MANEUVERING
76767.51,-6727.333,1175.226,2101.645,-2.51,-2.646,-6.477,14.2,LISTENING
76790.0,-6781.883,1115.504,1955.488,-2.344,-2.674,-6.527,-8.29,MANEUVERING
76790.0,-6781.883,1115.504,1955.488,-2.344,-2.674,-6.527,-8.29,SENSING
76790.0,-6781.883,1115.504,1955.488,-2.344,-2.674,-6.527,-8.29,MANEUVERING
76790.0,-6781.883,1115.504,1955.488,-2.344,-2.674,-6.527,-8.29,LISTENING
76800.0,-6804.938,1088.75,1890.149,-2.27,-2.686,-6.548,-18.29,MANEUVERING
76800.0,-6804.938,1088.75,1890.149,-2.27,-2.686,-6.548,-18.29,SENSING
76800.0,-6804.938,1088.75,1890.149,-2.27,-2.686,-6.548,-18.29,MEASURING
76800.0,-6804.938,1088.75,1890.149,-2.27,-2.686,-6.548,-18.29,SENSING
76800.0,-6804.938,1088.75,1890.149,-2.27,-2.686,-6.548,-18.29,LISTENING
76827.99,-6865.516,1013.245,1706.191,-2.061,-2.719,-6.603,-18.29,SENSING
76827.99,-6865.516,1013.245,1706.191,-2.061,-2.719,-6.603,-18.29,LISTENING
76838.12,-6885.997,985.702,1639.246,-1.985,-2.73,-6.621,-18.29,SENSING
76838.12,-6885.997,985.702,1639.246,-1.985,-2.73,-6.621,-18.29,MANEUVERING
76838.12,-6885.997,985.702,1639.246,-1.985,-2.73,-6.621,-18.29,LISTENING
76843.48,-6896.522,971.084,1603.75,-1.945,-2.735,-6.631,-23.65,MANEUVERING
76843.48,-6896.522,971.084,1603.75,-1.945,-2.735,-6.631,-23.65,SENSING
76843.48,-6896.522,971.084,1603.75,-1.945,-2.735,-6.631,-23.65,MANEUVERING
76843.48,-6896.522,971.084,1603.75,-1.945,-2.735,-6.631,-23.65,LISTENING
76850.0,-6909.034,953.261,1560.503,-1.896,-2.742,-6.642,-30.17,MANEUVERING
76850.0,-6909.034,953.261,1560.503,-1.896,-2.742,-6.642,-30.17,SENSING
76850.0,-6909.034,953.261,1560.503,-1.896,-2.742,-6.642,-30.17,MEASURING
76850.0,-6909.034,953.261,1560.503,-1.896,-2.742,-6.642,-30.17,SENSING
76850.0,-6909.034,953.261,1560.503,-1.896,-2.742,-6.642,-30.17,LISTENING
76857.02,-6922.148,934.022,1513.859,-1.843,-2.749,-6.654,-30.17,SENSING
76857.02,-6922.148,934.022,1513.859,-1.843,-2.749,-6.654,-30.17,LISTENING
76860.0,-6927.602,925.84,1494.035,-1.82,-2.752,-6.659,-30.17,SENSING
76860.0,-6927.602,925.84,1494.035,-1.82,-2.752,-6.659,-30.17,LISTENING
76860.0,-6927.602,925.84,1494.035,-1.82,-2.752,-6.659,-30.17,SENSING
76860.0,-6927.602,925.84,1494.035,-1.82,-2.752,-6.659,-30.17,LISTENING
76864.54,-6935.783,913.358,1463.804,-1.786,-2.757,-6.666,-30.17,SENSING
76864.54,-6935.783,913.358,1463.804,-1.786,-2.757,-6.666,-30.17,LISTENING
76870.0,-6945.414,898.319,1427.403,-1.745,-2.762,-6.675,-30.17,SENSING
76870.0,-6945.414,898.319,1427.403,-1.745,-2.762,-6.675,-30.17,LISTENING
76870.0,-6945.414,898.319,1427.403,-1.745,-2.762,-6.675,-30.17,SENSING
76870.0,-6945.414,898.319,1427.403,-1.745,-2.762,-6.675,-30.17,LISTENING
76876.06,-6955.84,881.593,1386.948,-1.699,-2.768,-6.684,-30.17,SENSING
76876.06,-6955.84,881.593,1386.948,-1.699,-2.768,-6.684,-30.17,LISTENING
76880.0,-6962.47,870.699,1360.615,-1.669,-2.772,-6.69,-30.17,SENSING
76880.0,-6962.47,870.699,1360.615,-1.669,-2.772,-6.69,-30.17,LISTENING
76880.0,-6962.47,870.699,1360.615,-1.669,-2.772,-6.69,-30.17,SENSING
76880.0,-6962.47,870.699,1360.615,-1.669,-2.772,-6.69,-30.17,MESSAGING
76880.0,-6962.47,870.699,1360.615,-1.669,-2.772,-6.69,-30.17,SENSING
76880.0,-6962.47,870.699,1360.615,-1.669,-2.772,-6.69,-30.17,LISTENING
76880.0,-6962.47,870.699,1360.615,-1.669,-2.772,-6.69,-30.17,SENSING
76880.0,-6962.47,870.699,1360.615,-1.669,-2.772,-6.69,-30.17,LISTENING
76880.0,-6962.47,870.699,1360.615,-1.669,-2.772,-6.69,-30.17,SENSING
76880.0,-6962.47,870.699,1360.615,-1.669,-2.772,-6.69,-30.17,LISTENING
76880.0,-6962.47,870.699,1360.615,-1.669,-2.772,-6.69,-30.17,SENSING
76880.0,-6962.47,870.699,1360.615,-1.669,-2.772,-6.69,-30.17,LISTENING
76880.0,-6962.47,870.699,1360.615,-1.669,-2.772,-6.69,-30.17,SENSING
76880.0,-6962.47,870.699,1360.615,-1.669,-2.772,-6.69,-30.17,LISTENING
76880.0,-6962.47,870.699,1360.615,-1.669,-2.772,-6.69,-30.17,SENSING
76880.0,-6962.47,870.699,1360.615,-1.669,-2.772,-6.69,-30.17,LISTENING
76890.92,-6980.227,840.43,1287.514,-1.586,-2.782,-6.706,-30.17,SENSING
76890.92,-6980.227,840.43,1287.514,-1.586,-2.782,-6.706,-30.17,LISTENING
76896.25,-6988.565,825.616,1251.773,-1.545,-2.787,-6.713,-30.17,SENSING
76896.25,-6988.565,825.616,1251.773,-1.545,-2.787,-6.713,-30.17,LISTENING
76900.0,-6994.302,815.179,1226.603,-1.517,-2.79,-6.718,-30.17,SENSING
76900.0,-6994.302,815.179,1226.603,-1.517,-2.79,-6.718,-30.17,LISTENING
76910.21,-7009.377,786.697,1157.98,-1.439,-2.799,-6.731,-30.17,SENSING
76910.21,-7009.377,786.697,1157.98,-1.439,-2.799,-6.731,-30.17,LISTENING
76930.0,-7036.328,731.24,1024.6,-1.287,-2.816,-6.755,-30.17,SENSING
76930.0,-7036.328,731.24,1024.6,-1.287,-2.816,-6.755,-30.17,LISTENING
76930.0,-7036.328,731.24,1024.6,-1.287,-2.816,-6.755,-30.17,SENSING
76930.0,-7036.328,731.24,1024.6,-1.287,-2.816,-6.755,-30.17,LISTENING
76937.49,-7045.745,710.169,974.002,-1.23,-2.822,-6.763,-30.17,SENSING
76937.49,-7045.745,710.169,974.002,-1.23,-2.822,-6.763,-30.17,LISTENING
76940.0,-7048.805,703.097,957.032,-1.21,-2.823,-6.766,-30.17,SENSING
76940.0,-7048.805,703.097,957.032,-1.21,-2.823,-6.766,-30.17,LISTENING
76950.0,-7060.514,674.878,889.36,-1.133,-2.831,-6.776,-30.17,SENSING
76950.0,-7060.514,674.878,889.36,-1.133,-2.831,-6.776,-30.17,LISTENING
76960.0,-7071.453,646.586,821.591,-1.056,-2.838,-6.785,-30.17,SENSING
76960.0,-7071.453,646.586,821.591,-1.056,-2.838,-6.785,-30.17,LISTENING
76967.48,-7079.132,625.376,770.841,-0.999,-2.843,-6.792,-30.17,SENSING
76967.48,-7079.132,625.376,770.841,-0.999,-2.843,-6.792,-30.17,LISTENING
76970.0,-7081.622,618.222,753.732,-0.979,-2.845,-6.794,-30.17,SENSING
76970.0,-7081.622,618.222,753.732,-0.979,-2.845,-6.794,-30.17,LISTENING
76970.0,-7081.622,618.222,753.732,-0.979,-2.845,-6.794,-30.17,SENSING
76970.0,-7081.622,618.222,753.732,-0.979,-2.845,-6.794,-30.17,LISTENING
76993.58,-7102.544,551.082,593.41,-0.797,-2.86,-6.811,-30.17,SENSING
76993.58,-7102.544,551.082,593.41,-0.797,-2.86,-6.811,-30.17,LISTENING
76995.91,-7104.377,544.429,577.547,-0.779,-2.861,-6.812,-30.17,SENSING
76995.91,-7104.377,544.429,577.547,-0.779,-2.861,-6.812,-30.17,LISTENING
77000.0,-7107.495,532.742,549.693,-0.747,-2.864,-6.815,-30.17,SENSING
77000.0,-7107.495,532.742,549.693,-0.747,-2.864,-6.815,-30.17,LISTENING
77000.0,-7107.495,532.742,549.693,-0.747,-2.864,-6.815,-30.17,SENSING
77000.0,-7107.495,532.742,549.693,-0.747,-2.864,-6.815,-30.17,LISTENING
77011.76,-7115.737,499.087,469.552,-0.656,-2.87,-6.821,-30.17,SENSING
77011.76,-7115.737,499.087,469.552,-0.656,-2.87,-6.821,-30.17,LISTENING
77020.0,-7120.873,475.46,413.355,-0.592,-2.875,-6.825,-30.17,SENSING
77020.0,-7120.873,475.46,413.355,-0.592,-2.875,-6.825,-30.17,LISTENING
77030.0,-7126.399,446.74,345.115,-0.514,-2.88,-6.83,-30.17,SENSING
77030.0,-7126.399,446.74,345.115,-0.514,-2.88,-6.83,-30.17,LISTENING
77031.24,-7127.03,443.175,336.65,-0.505,-2.88,-6.83,-30.17,SENSING
77031.24,-7127.03,443.175,336.65,-0.505,-2.88,-6.83,-30.17,LISTENING
77032.78,-7127.797,438.747,326.137,-0.493,-2.881,-6.831,-30.17,SENSING
77032.78,-7127.797,438.747,326.137,-0.493,-2.881,-6.831,-30.17,MANEUVERING
77032.78,-7127.797,438.747,326.137,-0.493,-2.881,-6.831,-30.17,LISTENING
77040.0,-7131.148,417.971,276.837,-0.437,-2.885,-6.833,-22.95,MANEUVERING
77040.0,-7131.148,417.971,276.837,-0.437,-2.885,-6.833,-22.95,SENSING
77040.0,-7131.148,417.971,276.837,-0.437,-2.885,-6.833,-22.95,MEASURING
77040.0,-7131.148,417.971,276.837,-0.437,-2.885,-6.833,-22.95,SENSING
77040.0,-7131.148,417.971,276.837,-0.437,-2.885,-6.833,-22.95,LISTENING
77059.03,-7138.04,363.101,146.827,-0.289,-2.893,-6.837,-22.95,SENSING
77059.03,-7138.04,363.101,146.827,-0.289,-2.893,-6.837,-22.95,MANEUVERING
77059.03,-7138.04,363.101,146.827,-0.289,-2.893,-6.837,-22.95,LISTENING
77064.76,-7139.563,346.55,107.667,-0.244,-2.895,-6.838,-17.22,MANEUVERING
77064.76,-7139.563,346.55,107.667,-0.244,-2.895,-6.838,-17.22,SENSING
77064.76,-7139.563,346.55,107.667,-0.244,-2.895,-6.838,-17.22,MANEUVERING
77064.76,-7139.563,346.55,107.667,-0.244,-2.895,-6.838,-17.22,LISTENING
77070.0,-7140.733,331.404,71.852,-0.203,-2.897,-6.839,-11.98,MANEUVERING
77070.0,-7140.733,331.404,71.852,-0.203,-2.897,-6.839,-11.98,SENSING
77070.0,-7140.733,331.404,71.852,-0.203,-2.897,-6.839,-11.98,MANEUVERING
77070.0,-7140.733,331.404,71.852,-0.203,-2.897,-6.839,-11.98,LISTENING
77080.0,-7142.372,302.472,3.498,-0.125,-2.9,-6.839,-1.98,MANEUVERING
77080.0,-7142.372,302.472,3.498,-0.125,-2.9,-6.839,-1.98,SENSING
77080.0,-7142.372,302.472,3.498,-0.125,-2.9,-6.839,-1.98,MANEUVERING
77080.0,-7142.372,302.472,3.498,-0.125,-2.9,-6.839,-1.98,LISTENING
77080.0,-7142.372,302.472,3.498,-0.125,-2.9,-6.839,-1.98,MANEUVERING
77080.0,-7142.372,302.472,3.498,-0.125,-2.9,-6.839,-1.98,SENSING
77080.0,-7142.372,302.472,3.498,-0.125,-2.9,-6.839,-1.98,MANEUVERING
77080.0,-7142.372,302.472,3.498,-0.125,-2.9,-6.839,-1.98,LISTENING
77082.27,-7142.636,295.899,-12.019,-0.108,-2.901,-6.839,0.29,MANEUVERING
77082.27,-7142.636,295.899,-12.019,-0.108,-2.901,-6.839,0.29,SENSING
77082.27,-7142.636,295.899,-12.019,-0.108,-2.901,-6.839,0.29,MANEUVERING
77082.27,-7142.636,295.899,-12.019,-0.108,-2.901,-6.839,0.29,LISTENING
77090.0,-7143.233,273.507,-64.856,-0.047,-2.903,-6.839,8.02,MANEUVERING
77090.0,-7143.233,273.507,-64.856,-0.047,-2.903,-6.839,8.02,SENSING
77090.0,-7143.233,273.507,-64.856,-0.047,-2.903,-6.839,8.02,MEASURING
77090.0,-7143.233,273.507,-64.856,-0.047,-2.903,-6.839,8.02,SENSING
77090.0,-7143.233,273.507,-64.856,-0.047,-2.903,-6.839,8.02,LISTENING
77108.46,-7142.779,219.961,-191.014,0.096,-2.908,-6.836,8.02,SENSING
77108.46,-7142.779,219.961,-191.014,0.096,-2.908,-6.836,8.02,MANEUVERING
77108.46,-7142.779,219.961,-191.014,0.096,-2.908,-6.836,8.02,LISTENING
77120.0,-7141.147,186.445,-269.847,0.186,-2.911,-6.833,19.56,MANEUVERING
77120.0,-7141.147,186.445,-269.847,0.186,-2.911,-6.833,19.56,SENSING
77120.0,-7141.147,186.445,-269.847,0.186,-2.911,-6.833,19.56,MANEUVERING
77120.0,-7141.147,186.445,-269.847,0.186,-2.911,-6.833,19.56,LISTENING
77130.0,-7138.896,157.38,-338.128,0.264,-2.913,-6.83,29.56,MANEUVERING
77130.0,-7138.896,157.38,-338.128,0.264,-2.913,-6.83,29.56,SENSING
77130.0,-7138.896,157.38,-338.128,0.264,-2.913,-6.83,29.56,MEASURING
77130.0,-7138.896,157.38,-338.128,0.264,-2.913,-6.83,29.56,SENSING
77130.0,-7138.896,157.38,-338.128,0.264,-2.913,-6.83,29.56,LISTENING
77139.27,-7136.114,130.421,-401.392,0.336,-2.914,-6.826,29.56,SENSING
77139.27,-7136.114,130.421,-401.392,0.336,-2.914,-6.826,29.56,LISTENING
77140.0,-7135.866,128.297,-406.373,0.342,-2.914,-6.826,29.56,SENSING
77140.0,-7135.866,128.297,-406.373,0.342,-2.914,-6.826,29.56,MEASURING
77140.0,-7135.866,128.297,-406.373,0.342,-2.914,-6.826,29.56,SENSING
77140.0,-7135.866,128.297,-406.373,0.342,-2.914,-6.826,29.56,LISTENING
77150.0,-7132.059,99.201,-474.573,0.42,-2.916,-6.821,29.56,SENSING
77150.0,-7132.059,99.201,-474.573,0.42,-2.916,-6.821,29.56,LISTENING
77160.0,-7127.476,70.093,-542.721,0.497,-2.917,-6.816,29.56,SENSING
77160.0,-7127.476,70.093,-542.721,0.497,-2.917,-6.816,29.56,LISTENING
77173.44,-7120.092,30.962,-634.218,0.602,-2.917,-6.807,29.56,SENSING
77173.44,-7120.092,30.962,-634.218,0.602,-2.917,-6.807,29.56,MANEUVERING
77173.44,-7120.092,30.962,-634.218,0.602,-2.917,-6.807,29.56,LISTENING
77180.0,-7115.978,11.859,-678.833,0.653,-2.917,-6.802,23.0,MANEUVERING
77180.0,-7115.978,11.859,-678.833,0.653,-2.917,-6.802,23.0,SENSING
77180.0,-7115.978,11.859,-678.833,0.653,-2.917,-6.802,23.0,MEASURING
77180.0,-7115.978,11.859,-678.833,0.653,-2.917,-6.802,23.0,SENSING
77180.0,-7115.978,11.859,-678.833,0.653,-2.917,-6.802,23.0,LISTENING
77245.16,-7057.041,-177.776,-1119.924,1.157,-2.912,-6.738,23.0,SENSING
77245.16,-7057.041,-177.776,-1119.924,1.157,-2.912,-6.738,23.0,LISTENING
77280.0,-7012.111,-278.89,-1353.77,1.424,-2.903,-6.691,23.0,SENSING
77280.0,-7012.111,-278.89,-1353.77,1.424,-2.903,-6.691,23.0,LISTENING
77280.0,-7012.111,-278.89,-1353.77,1.424,-2.903,-6.691,23.0,SENSING
77280.0,-7012.111,-278.89,-1353.77,1.424,-2.903,-6.691,23.0,MESSAGING
77280.0,-7012.111,-278.89,-1353.77,1.424,-2.903,-6.691,23.0,SENSING
77280.0,-7012.111,-278.89,-1353.77,1.424,-2.903,-6.691,23.0,LISTENING
77280.0,-7012.111,-278.89,-1353.77,1.424,-2.903,-6.691,23.0,SENSING
77280.0,-7012.111,-278.89,-1353.77,1.424,-2.903,-6.691,23.0,LISTENING
77340.0,-6913.023,-452.09,-1752.117,1.88,-2.879,-6.589,23.0,SENSING
77340.0,-6913.023,-452.09,-1752.117,1.88,-2.879,-6.589,23.0,LISTENING
77369.56,-6854.2,-536.811,-1945.935,2.102,-2.863,-6.53,23.0,SENSING
77369.56,-6854.2,-536.811,-1945.935,2.102,-2.863,-6.53,23.0,LISTENING
77380.0,-6831.86,-566.615,-2013.954,2.18,-2.857,-6.507,23.0,SENSING
77380.0,-6831.86,-566.615,-2013.954,2.18,-2.857,-6.507,23.0,LISTENING
77393.93,-6800.788,-606.278,-2104.337,2.284,-2.848,-6.476,23.0,SENSING
77393.93,-6800.788,-606.278,-2104.337,2.284,-2.848,-6.476,23.0,LISTENING
77404.17,-6777.028,-635.352,-2170.494,2.36,-2.841,-6.452,23.0,SENSING
77404.17,-6777.028,-635.352,-2170.494,2.36,-2.841,-6.452,23.0,MANEUVERING
77404.17,-6777.028,-635.352,-2170.494,2.36,-2.841,-6.452,23.0,LISTENING
77410.0,-6763.153,-651.874,-2208.049,2.403,-2.837,-6.438,17.17,MANEUVERING
77410.0,-6763.153,-651.874,-2208.049,2.403,-2.837,-6.438,17.17,SENSING
77410.0,-6763.153,-651.874,-2208.049,2.403,-2.837,-6.438,17.17,MEASURING
77410.0,-6763.153,-651.874,-2208.049,2.403,-2.837,-6.438,17.17,SENSING
77410.0,-6763.153,-651.874,-2208.049,2.403,-2.837,-6.438,17.17,LISTENING
77420.0,-6738.772,-680.155,-2272.274,2.477,-2.83,-6.414,17.17,SENSING
77420.0,-6738.772,-680.155,-2272.274,2.477,-2.83,-6.414,17.17,LISTENING
77420.0,-6738.772,-680.155,-2272.274,2.477,-2.83,-6.414,17.17,SENSING
77420.0,-6738.772,-680.155,-2272.274,2.477,-2.83,-6.414,17.17,LISTENING
77458.12,-6639.104,-787.26,-2514.765,2.755,-2.799,-6.314,17.17,SENSING
77458.12,-6639.104,-787.26,-2514.765,2.755,-2.799,-6.314,17.17,MANEUVERING
77458.12,-6639.104,-787.26,-2514.765,2.755,-2.799,-6.314,17.17,LISTENING
77480.0,-6577.128,-848.184,-2652.171,2.913,-2.78,-6.252,-4.71,MANEUVERING
77480.0,-6577.128,-848.184,-2652.171,2.913,-2.78,-6.252,-4.71,SENSING
77480.0,-6577.128,-848.184,-2652.171,2.913,-2.78,-6.252,-4.71,MEASURING
77480.0,-6577.128,-848.184,-2652.171,2.913,-2.78,-6.252,-4.71,SENSING
77480.0,-6577.128,-848.184,-2652.171,2.913,-2.78,-6.252,-4.71,LISTENING
77490.0,-6547.655,-875.883,-2714.513,2.985,-2.77,-6.223,-4.71,SENSING
77490.0,-6547.655,-875.883,-2714.513,2.985,-2.77,-6.223,-4.71,MEASURING
77490.0,-6547.655,-875.883,-2714.513,2.985,-2.77,-6.223,-4.71,SENSING
77490.0,-6547.655,-875.883,-2714.513,2.985,-2.77,-6.223,-4.71,LISTENING
77492.62,-6539.814,-883.124,-2730.798,3.004,-2.768,-6.215,-4.71,SENSING
77492.62,-6539.814,-883.124,-2730.798,3.004,-2.768,-6.215,-4.71,LISTENING
77500.0,-6517.467,-903.487,-2776.558,3.057,-2.76,-6.193,-4.71,SENSING
77500.0,-6517.467,-903.487,-2776.558,3.057,-2.76,-6.193,-4.71,MEASURING
77500.0,-6517.467,-903.487,-2776.558,3.057,-2.76,-6.193,-4.71,SENSING
77500.0,-6517.467,-903.487,-2776.558,3.057,-2.76,-6.193,-4.71,LISTENING
77506.94,-6496.097,-922.586,-2819.44,3.106,-2.754,-6.171,-4.71,SENSING
77506.94,-6496.097,-922.586,-2819.44,3.106,-2.754,-6.171,-4.71,MANEUVERING
77506.94,-6496.097,-922.586,-2819.44,3.106,-2.754,-6.171,-4.71,LISTENING
77510.0,-6486.566,-930.992,-2838.3,3.128,-2.75,-6.162,-7.77,MANEUVERING
77510.0,-6486.566,-930.992,-2838.3,3.128,-2.75,-6.162,-7.77,SENSING
77510.0,-6486.566,-930.992,-2838.3,3.128,-2.75,-6.162,-7.77,MANEUVERING
77510.0,-6486.566,-930.992,-2838.3,3.128,-2.75,-6.162,-7.77,LISTENING
77520.0,-6454.957,-958.396,-2899.731,3.198,-2.74,-6.131,-17.77,MANEUVERING
77520.0,-6454.957,-958.396,-2899.731,3.198,-2.74,-6.131,-17.77,SENSING
77520.0,-6454.957,-958.396,-2899.731,3.198,-2.74,-6.131,-17.77,MANEUVERING
77520.0,-6454.957,-958.396,-2899.731,3.198,-2.74,-6.131,-17.77,LISTENING
77526.24,-6434.875,-975.443,-2937.904,3.242,-2.734,-6.111,-24.01,MANEUVERING
77526.24,-6434.875,-975.443,-2937.904,3.242,-2.734,-6.111,-24.01,SENSING
77526.24,-6434.875,-975.443,-2937.904,3.242,-2.734,-6.111,-24.01,MANEUVERING
77526.24,-6434.875,-975.443,-2937.904,3.242,-2.734,-6.111,-24.01,LISTENING
77530.0,-6422.642,-985.695,-2960.846,3.269,-2.73,-6.099,-27.77,MANEUVERING
77530.0,-6422.642,-985.695,-2960.846,3.269,-2.73,-6.099,-27.77,SENSING
77530.0,-6422.642,-985.695,-2960.846,3.269,-2.73,-6.099,-27.77,MEASURING
77530.0,-6422.642,-985.695,-2960.846,3.269,-2.73,-6.099,-27.77,SENSING
77530.0,-6422.642,-985.695,-2960.846,3.269,-2.73,-6.099,-27.77,LISTENING
77539.05,-6392.792,-1010.309,-3015.875,3.332,-2.72,-6.069,-27.77,SENSING
77539.05,-6392.792,-1010.309,-3015.875,3.332,-2.72,-6.069,-27.77,MANEUVERING
77539.05,-6392.792,-1010.309,-3015.875,3.332,-2.72,-6.069,-27.77,LISTENING
77550.0,-6355.91,-1039.969,-3082.096,3.409,-2.707,-6.032,-16.82,MANEUVERING
77550.0,-6355.91,-1039.969,-3082.096,3.409,-2.707,-6.032,-16.82,SENSING
77550.0,-6355.91,-1039.969,-3082.096,3.409,-2.707,-6.032,-16.82,MEASURING
77550.0,-6355.91,-1039.969,-3082.096,3.409,-2.707,-6.032,-16.82,SENSING
77550.0,-6355.91,-1039.969,-3082.096,3.409,-2.707,-6.032,-16.82,LISTENING
77558.04,-6328.298,-1061.661,-3130.462,3.464,-2.698,-6.005,-16.82,SENSING
77558.04,-6328.298,-1061.661,-3130.462,3.464,-2.698,-6.005,-16.82,LISTENING
77560.0,-6321.499,-1066.937,-3142.219,3.478,-2.696,-5.998,-16.82,SENSING
77560.0,-6321.499,-1066.937,-3142.219,3.478,-2.696,-5.998,-16.82,MEASURING
77560.0,-6321.499,-1066.937,-3142.219,3.478,-2.696,-5.998,-16.82,SENSING
77560.0,-6321.499,-1066.937,-3142.219,3.478,-2.696,-5.998,-16.82,LISTENING
77575.56,-6266.583,-1108.667,-3235.084,3.585,-2.677,-5.944,-16.82,SENSING
77575.56,-6266.583,-1108.667,-3235.084,3.585,-2.677,-5.944,-16.82,MANEUVERING
77575.56,-6266.583,-1108.667,-3235.084,3.585,-2.677,-5.944,-16.82,LISTENING
77580.0,-6250.608,-1120.522,-3261.427,3.616,-2.672,-5.928,-12.38,MANEUVERING
77580.0,-6250.608,-1120.522,-3261.427,3.616,-2.672,-5.928,-12.38,SENSING
77580.0,-6250.608,-1120.522,-3261.427,3.616,-2.672,-5.928,-12.38,MEASURING
77580.0,-6250.608,-1120.522,-3261.427,3.616,-2.672,-5.928,-12.38,SENSING
77580.0,-6250.608,-1120.522,-3261.427,3.616,-2.672,-5.928,-12.38,LISTENING
77587.49,-6223.353,-1140.464,-3305.705,3.667,-2.663,-5.901,-12.38,SENSING
77587.49,-6223.353,-1140.464,-3305.705,3.667,-2.663,-5.901,-12.38,MANEUVERING
77587.49,-6223.353,-1140.464,-3305.705,3.667,-2.663,-5.901,-12.38,LISTENING
77590.0,-6214.135,-1147.132,-3320.498,3.684,-2.66,-5.892,-14.89,MANEUVERING
77590.0,-6214.135,-1147.132,-3320.498,3.684,-2.66,-5.892,-14.89,SENSING
77590.0,-6214.135,-1147.132,-3320.498,3.684,-2.66,-5.892,-14.89,MEASURING
77590.0,-6214.135,-1147.132,-3320.498,3.684,-2.66,-5.892,-14.89,SENSING
77590.0,-6214.135,-1147.132,-3320.498,3.684,-2.66,-5.892,-14.89,LISTENING
77593.43,-6201.467,-1156.231,-3340.676,3.707,-2.655,-5.88,-14.89,SENSING
77593.43,-6201.467,-1156.231,-3340.676,3.707,-2.655,-5.88,-14.89,LISTENING
77595.92,-6192.222,-1162.826,-3355.298,3.724,-2.652,-5.871,-14.89,SENSING
77595.92,-6192.222,-1162.826,-3355.298,3.724,-2.652,-5.871,-14.89,MANEUVERING
77595.92,-6192.222,-1162.826,-3355.298,3.724,-2.652,-5.871,-14.89,LISTENING
77610.0,-6139.152,-1199.974,-3437.545,3.819,-2.634,-5.818,-28.97,MANEUVERING
77610.0,-6139.152,-1199.974,-3437.545,3.819,-2.634,-5.818,-28.97,SENSING
77610.0,-6139.152,-1199.974,-3437.545,3.819,-2.634,-5.818,-28.97,MEASURING
77610.0,-6139.152,-1199.974,-3437.545,3.819,-2.634,-5.818,-28.97,SENSING
77610.0,-6139.152,-1199.974,-3437.545,3.819,-2.634,-5.818,-28.97,LISTENING
77620.0,-6100.651,-1226.2,-3495.506,3.886,-2.621,-5.78,-28.97,SENSING
77620.0,-6100.651,-1226.2,-3495.506,3.886,-2.621,-5.78,-28.97,LISTENING
77633.75,-6046.622,-1262.042,-3574.577,3.978,-2.602,-5.727,-28.97,SENSING
77633.75,-6046.622,-1262.042,-3574.577,3.978,-2.602,-5.727,-28.97,LISTENING
77650.0,-5981.157,-1304.064,-3667.069,4.085,-2.579,-5.662,-28.97,SENSING
77650.0,-5981.157,-1304.064,-3667.069,4.085,-2.579,-5.662,-28.97,LISTENING
77657.08,-5952.092,-1322.255,-3707.037,4.131,-2.569,-5.634,-28.97,SENSING
77657.08,-5952.092,-1322.255,-3707.037,4.131,-2.569,-5.634,-28.97,LISTENING
77690.0,-5812.68,-1405.874,-3890.166,4.344,-2.52,-5.497,-28.97,SENSING
77690.0,-5812.68,-1405.874,-3890.166,4.344,-2.52,-5.497,-28.97,LISTENING
77815.06,-5221.608,-1707.525,-4541.906,5.102,-2.306,-4.916,-28.97,SENSING
77815.06,-5221.608,-1707.525,-4541.906,5.102,-2.306,-4.916,-28.97,LISTENING
77820.0,-5196.35,-1718.873,-4566.12,5.131,-2.297,-4.892,-28.97,SENSING
77820.0,-5196.35,-1718.873,-4566.12,5.131,-2.297,-4.892,-28.97,LISTENING
77820.0,-5196.35,-1718.873,-4566.12,5.131,-2.297,-4.892,-28.97,SENSING
77820.0,-5196.35,-1718.873,-4566.12,5.131,-2.297,-4.892,-28.97,LISTENING
77870.0,-4932.97,-1831.093,-4804.193,5.409,-2.199,-4.634,-28.97,SENSING
77870.0,-4932.97,-1831.093,-4804.193,5.409,-2.199,-4.634,-28.97,LISTENING
77930.0,-4599.071,-1959.1,-5072.374,5.725,-2.074,-4.307,-28.97,SENSING
77930.0,-4599.071,-1959.1,-5072.374,5.725,-2.074,-4.307,-28.97,LISTENING
77960.0,-4425.199,-2020.228,-5198.984,5.874,-2.008,-4.137,-28.97,SENSING
77960.0,-4425.199,-2020.228,-5198.984,5.874,-2.008,-4.137,-28.97,LISTENING
77970.0,-4366.257,-2040.163,-5240.047,5.923,-1.986,-4.08,-28.97,SENSING
77970.0,-4366.257,-2040.163,-5240.047,5.923,-1.986,-4.08,-28.97,LISTENING
78219.52,-2757.008,-2459.493,-6066.418,6.912,-1.361,-2.508,-28.97,SENSING
78219.52,-2757.008,-2459.493,-6066.418,6.912,-1.361,-2.508,-28.97,LISTENING
78270.0,-2404.587,-2524.58,-6184.29,7.057,-1.221,-2.164,-28.97,SENSING
78270.0,-2404.587,-2524.58,-6184.29,7.057,-1.221,-2.164,-28.97,LISTENING
78276.81,-2356.5,-2532.818,-6198.856,7.075,-1.202,-2.117,-28.97,SENSING
78276.81,-2356.5,-2532.818,-6198.856,7.075,-1.202,-2.117,-28.97,LISTENING
78280.0,-2333.933,-2536.632,-6205.57,7.084,-1.193,-2.095,-28.97,SENSING
78280.0,-2333.933,-2536.632,-6205.57,7.084,-1.193,-2.095,-28.97,LISTENING
78341.03,-1897.39,-2604.034,-6320.38,7.228,-1.018,-1.668,-28.97,SENSING
78341.03,-1897.39,-2604.034,-6320.38,7.228,-1.018,-1.668,-28.97,LISTENING
78360.0,-1760.01,-2622.801,-6350.741,7.266,-0.963,-1.534,-28.97,SENSING
78360.0,-1760.01,-2622.801,-6350.741,7.266,-0.963,-1.534,-28.97,LISTENING
78400.1,-1467.35,-2659.004,-6406.512,7.339,-0.845,-1.248,-28.97,SENSING
78400.1,-1467.35,-2659.004,-6406.512,7.339,-0.845,-1.248,-28.97,LISTENING
78410.0,-1394.671,-2667.212,-6418.514,7.354,-0.816,-1.177,-28.97,SENSING
78410.0,-1394.671,-2667.212,-6418.514,7.354,-0.816,-1.177,-28.97,LISTENING
78429.6,-1250.34,-2682.6,-6440.199,7.383,-0.757,-1.036,-28.97,SENSING
78429.6,-1250.34,-2682.6,-6440.199,7.383,-0.757,-1.036,-28.97,LISTENING
78480.0,-876.885,-2716.877,-6483.234,7.443,-0.605,-0.672,-28.97,SENSING
78480.0,-876.885,-2716.877,-6483.234,7.443,-0.605,-0.672,-28.97,LISTENING
78497.48,-746.725,-2726.97,-6493.859,7.459,-0.551,-0.545,-28.97,SENSING
78497.48,-746.725,-2726.97,-6493.859,7.459,-0.551,-0.545,-28.97,LISTENING
78497.52,-746.427,-2726.992,-6493.881,7.459,-0.551,-0.544,-28.97,SENSING
78497.52,-746.427,-2726.992,-6493.881,7.459,-0.551,-0.544,-28.97,LISTENING
78500.0,-727.939,-2728.348,-6495.207,7.461,-0.544,-0.526,-28.97,SENSING
78500.0,-727.939,-2728.348,-6495.207,7.461,-0.544,-0.526,-28.97,LISTENING
78500.0,-727.939,-2728.348,-6495.207,7.461,-0.544,-0.526,-28.97,SENSING
78500.0,-727.939,-2728.348,-6495.207,7.461,-0.544,-0.526,-28.97,LISTENING
78510.0,-653.339,-2733.627,-6500.102,7.469,-0.513,-0.453,-28.97,SENSING
78510.0,-653.339,-2733.627,-6500.102,7.469,-0.513,-0.453,-28.97,LISTENING
78520.0,-578.666,-2738.599,-6504.268,7.476,-0.483,-0.38,-28.97,SENSING
78520.0,-578.666,-2738.599,-6504.268,7.476,-0.483,-0.38,-28.97,LISTENING
78530.0,-503.929,-2743.266,-6507.705,7.482,-0.452,-0.307,-28.97,SENSING
78530.0,-503.929,-2743.266,-6507.705,7.482,-0.452,-0.307,-28.97,LISTENING
78538.88,-437.514,-2747.152,-6510.145,7.487,-0.424,-0.242,-28.97,SENSING
78538.88,-437.514,-2747.152,-6510.145,7.487,-0.424,-0.242,-28.97,LISTENING
78550.0,-354.292,-2751.677,-6512.387,7.492,-0.39,-0.161,-28.97,SENSING
78550.0,-354.292,-2751.677,-6512.387,7.492,-0.39,-0.161,-28.97,LISTENING
78550.0,-354.292,-2751.677,-6512.387,7.492,-0.39,-0.161,-28.97,SENSING
78550.0,-354.292,-2751.677,-6512.387,7.492,-0.39,-0.161,-28.97,LISTENING
78555.53,-312.887,-2753.786,-6513.166,7.494,-0.373,-0.121,-28.97,SENSING
78555.53,-312.887,-2753.786,-6513.166,7.494,-0.373,-0.121,-28.97,LISTENING
78570.0,-204.497,-2758.856,-6514.146,7.498,-0.328,-0.015,-28.97,SENSING
78570.0,-204.497,-2758.856,-6514.146,7.498,-0.328,-0.015,-28.97,LISTENING
78576.28,-157.439,-2760.856,-6514.094,7.499,-0.309,0.031,-28.97,SENSING
78576.28,-157.439,-2760.856,-6514.094,7.499,-0.309,0.031,-28.97,LISTENING
78580.0,-129.561,-2761.983,-6513.927,7.5,-0.297,0.058,-28.97,SENSING
78580.0,-129.561,-2761.983,-6513.927,7.5,-0.297,0.058,-28.97,LISTENING
78580.0,-129.561,-2761.983,-6513.927,7.5,-0.297,0.058,-28.97,SENSING
78580.0,-129.561,-2761.983,-6513.927,7.5,-0.297,0.058,-28.97,LISTENING
78590.0,-54.61,-2764.799,-6512.977,7.501,-0.266,0.132,-28.97,SENSING
78590.0,-54.61,-2764.799,-6512.977,7.501,-0.266,0.132,-28.97,LISTENING
78596.84,-3.34,-2766.547,-6511.906,7.501,-0.245,0.182,-28.97,SENSING
78596.84,-3.34,-2766.547,-6511.906,7.501,-0.245,0.182,-28.97,LISTENING
78600.0,20.347,-2767.306,-6511.295,7.501,-0.235,0.205,-28.97,SENSING
78600.0,20.347,-2767.306,-6511.295,7.501,-0.235,0.205,-28.97,LISTENING
78600.0,20.347,-2767.306,-6511.295,7.501,-0.235,0.205,-28.97,SENSING
78600.0,20.347,-2767.306,-6511.295,7.501,-0.235,0.205,-28.97,LISTENING
78607.26,74.765,-2768.931,-6509.615,7.501,-0.213,0.258,-28.97,SENSING
78607.26,74.765,-2768.931,-6509.615,7.501,-0.213,0.258,-28.97,LISTENING
78610.0,95.301,-2769.502,-6508.88,7.5,-0.204,0.278,-28.97,SENSING
78610.0,95.301,-2769.502,-6508.88,7.5,-0.204,0.278,-28.97,LISTENING
78610.0,95.301,-2769.502,-6508.88,7.5,-0.204,0.278,-28.97,SENSING
78610.0,95.301,-2769.502,-6508.88,7.5,-0.204,0.278,-28.97,LISTENING
78620.0,170.245,-2771.388,-6505.734,7.499,-0.173,0.351,-28.97,SENSING
78620.0,170.245,-2771.388,-6505.734,7.499,-0.173,0.351,-28.97,LISTENING
78630.0,245.17,-2772.963,-6501.855,7.497,-0.142,0.425,-28.97,SENSING
78630.0,245.17,-2772.963,-6501.855,7.497,-0.142,0.425,-28.97,LISTENING
78637.31,299.923,-2773.917,-6498.557,7.494,-0.119,0.478,-28.97,SENSING
78637.31,299.923,-2773.917,-6498.557,7.494,-0.119,0.478,-28.97,LISTENING
78640.0,320.067,-2774.226,-6497.245,7.493,-0.111,0.498,-28.97,SENSING
78640.0,320.067,-2774.226,-6497.245,7.493,-0.111,0.498,-28.97,LISTENING
78640.0,320.067,-2774.226,-6497.245,7.493,-0.111,0.498,-28.97,SENSING
78640.0,320.067,-2774.226,-6497.245,7.493,-0.111,0.498,-28.97,LISTENING
78646.97,372.249,-2774.922,-6493.599,7.491,-0.089,0.549,-28.97,SENSING
78646.97,372.249,-2774.922,-6493.599,7.491,-0.089,0.549,-28.97,LISTENING
78650.0,394.928,-2775.178,-6491.904,7.489,-0.079,0.571,-28.97,SENSING
78650.0,394.928,-2775.178,-6491.904,7.489,-0.079,0.571,-28.97,LISTENING
78656.08,440.422,-2775.604,-6488.298,7.487,-0.06,0.615,-28.97,SENSING
78656.08,440.422,-2775.604,-6488.298,7.487,-0.06,0.615,-28.97,LISTENING
78660.0,469.744,-2775.818,-6485.831,7.485,-0.048,0.644,-28.97,SENSING
78660.0,469.744,-2775.818,-6485.831,7.485,-0.048,0.644,-28.97,LISTENING
78670.91,551.308,-2776.161,-6478.372,7.478,-0.014,0.724,-28.97,SENSING
78670.91,551.308,-2776.161,-6478.372,7.478,-0.014,0.724,-28.97,LISTENING
78680.0,619.21,-2776.163,-6471.494,7.472,0.014,0.79,-28.97,SENSING
78680.0,619.21,-2776.163,-6471.494,7.472,0.014,0.79,-28.97,LISTENING
78680.0,619.21,-2776.163,-6471.494,7.472,0.014,0.79,-28.97,SENSING
78680.0,619.21,-2776.163,-6471.494,7.472,0.014,0.79,-28.97,LISTENING
78685.59,660.939,-2776.036,-6466.965,7.468,0.032,0.831,-28.97,SENSING
78685.59,660.939,-2776.036,-6466.965,7.468,0.032,0.831,-28.97,LISTENING
78690.0,693.843,-2775.867,-6463.231,7.465,0.046,0.863,-28.97,SENSING
78690.0,693.843,-2775.867,-6463.231,7.465,0.046,0.863,-28.97,LISTENING
78690.0,693.843,-2775.867,-6463.231,7.465,0.046,0.863,-28.97,SENSING
78690.0,693.843,-2775.867,-6463.231,7.465,0.046,0.863,-28.97,LISTENING
78696.44,741.865,-2775.511,-6457.524,7.46,0.066,0.91,-28.97,SENSING
78696.44,741.865,-2775.511,-6457.524,7.46,0.066,0.91,-28.97,LISTENING
78700.0,768.397,-2775.259,-6454.239,7.457,0.077,0.936,-28.97,SENSING
78700.0,768.397,-2775.259,-6454.239,7.457,0.077,0.936,-28.97,LISTENING
78707.25,822.395,-2774.623,-6447.265,7.45,0.1,0.989,-28.97,SENSING
78707.25,822.395,-2774.623,-6447.265,7.45,0.1,0.989,-28.97,LISTENING
78760.0,1213.607,-2765.056,-6385.033,7.389,0.264,1.371,-28.97,SENSING
78760.0,1213.607,-2765.056,-6385.033,7.389,0.264,1.371,-28.97,LISTENING
78760.0,1213.607,-2765.056,-6385.033,7.389,0.264,1.371,-28.97,SENSING
78760.0,1213.607,-2765.056,-6385.033,7.389,0.264,1.371,-28.97,LISTENING
78772.59,1306.462,-2761.49,-6367.206,7.371,0.304,1.462,-28.97,SENSING
78772.59,1306.462,-2761.49,-6367.206,7.371,0.304,1.462,-28.97,LISTENING
78780.0,1361.004,-2759.16,-6356.18,7.36,0.327,1.515,-28.97,SENSING
78780.0,1361.004,-2759.16,-6356.18,7.36,0.327,1.515,-28.97,LISTENING
78800.0,1507.784,-2752.019,-6324.451,7.328,0.389,1.659,-28.97,SENSING
78800.0,1507.784,-2752.019,-6324.451,7.328,0.389,1.659,-28.97,LISTENING
78814.03,1610.348,-2746.269,-6300.485,7.303,0.433,1.759,-28.97,SENSING
78814.03,1610.348,-2746.269,-6300.485,7.303,0.433,1.759,-28.97,LISTENING
78827.93,1711.607,-2739.969,-6275.356,7.277,0.476,1.858,-28.97,SENSING
78827.93,1711.607,-2739.969,-6275.356,7.277,0.476,1.858,-28.97,LISTENING
78870.0,2015.709,-2717.265,-6190.955,7.188,0.606,2.156,-28.97,SENSING
78870.0,2015.709,-2717.265,-6190.955,7.188,0.606,2.156,-28.97,LISTENING
78870.0,2015.709,-2717.265,-6190.955,7.188,0.606,2.156,-28.97,SENSING
78870.0,2015.709,-2717.265,-6190.955,7.188,0.606,2.156,-28.97,LISTENING
78880.0,2087.421,-2711.067,-6169.06,7.165,0.637,2.226,-28.97,SENSING
78880.0,2087.421,-2711.067,-6169.06,7.165,0.637,2.226,-28.97,LISTENING
78890.0,2158.897,-2704.562,-6146.464,7.141,0.667,2.296,-28.97,SENSING
78890.0,2158.897,-2704.562,-6146.464,7.141,0.667,2.296,-28.97,LISTENING
78896.9,2208.073,-2699.895,-6130.467,7.124,0.688,2.344,-28.97,SENSING
78896.9,2208.073,-2699.895,-6130.467,7.124,0.688,2.344,-28.97,LISTENING
78900.0,2230.128,-2697.751,-6123.172,7.116,0.698,2.365,-28.97,SENSING
78900.0,2230.128,-2697.751,-6123.172,7.116,0.698,2.365,-28.97,LISTENING
78905.67,2270.404,-2693.753,-6109.656,7.101,0.715,2.405,-28.97,SENSING
78905.67,2270.404,-2693.753,-6109.656,7.101,0.715,2.405,-28.97,LISTENING
78906.32,2275.016,-2693.288,-6108.092,7.1,0.717,2.409,-28.97,SENSING
78906.32,2275.016,-2693.288,-6108.092,7.1,0.717,2.409,-28.97,LISTENING
78910.0,2301.106,-2690.634,-6099.184,7.09,0.729,2.435,-28.97,SENSING
78910.0,2301.106,-2690.634,-6099.184,7.09,0.729,2.435,-28.97,LISTENING
78910.0,2301.106,-2690.634,-6099.184,7.09,0.729,2.435,-28.97,SENSING
78910.0,2301.106,-2690.634,-6099.184,7.09,0.729,2.435,-28.97,LISTENING
78910.0,2301.106,-2690.634,-6099.184,7.09,0.729,2.435,-28.97,SENSING
78910.0,2301.106,-2690.634,-6099.184,7.09,0.729,2.435,-28.97,LISTENING
78913.48,2325.746,-2688.086,-6090.674,7.081,0.739,2.459,-28.97,SENSING
78913.48,2325.746,-2688.086,-6090.674,7.081,0.739,2.459,-28.97,LISTENING
78915.23,2338.124,-2686.791,-6086.363,7.076,0.744,2.471,-28.97,SENSING
78915.23,2338.124,-2686.791,-6086.363,7.076,0.744,2.471,-28.97,LISTENING
78915.88,2342.72,-2686.307,-6084.756,7.074,0.746,2.475,-28.97,SENSING
78915.88,2342.72,-2686.307,-6084.756,7.074,0.746,2.475,-28.97,LISTENING
78920.0,2371.823,-2683.213,-6074.504,7.063,0.759,2.504,-28.97,SENSING
78920.0,2371.823,-2683.213,-6074.504,7.063,0.759,2.504,-28.97,LISTENING
78920.0,2371.823,-2683.213,-6074.504,7.063,0.759,2.504,-28.97,SENSING
78920.0,2371.823,-2683.213,-6074.504,7.063,0.759,2.504,-28.97,LISTENING
78932.72,2461.385,-2673.334,-6042.115,7.029,0.798,2.591,-28.97,SENSING
78932.72,2461.385,-2673.334,-6042.115,7.029,0.798,2.591,-28.97,LISTENING
78932.9,2462.649,-2673.19,-6041.649,7.028,0.798,2.593,-28.97,SENSING
78932.9,2462.649,-2673.19,-6041.649,7.028,0.798,2.593,-28.97,LISTENING
78940.0,2512.441,-2667.459,-6023.078,7.008,0.82,2.641,-28.97,SENSING
78940.0,2512.441,-2667.459,-6023.078,7.008,0.82,2.641,-28.97,LISTENING
78940.0,2512.441,-2667.459,-6023.078,7.008,0.82,2.641,-28.97,SENSING
78940.0,2512.441,-2667.459,-6023.078,7.008,0.82,2.641,-28.97,LISTENING
78949.11,2576.118,-2659.882,-5998.744,6.982,0.847,2.704,-28.97,SENSING
78949.11,2576.118,-2659.882,-5998.744,6.982,0.847,2.704,-28.97,LISTENING
78950.0,2582.326,-2659.128,-5996.336,6.979,0.85,2.71,-28.97,SENSING
78950.0,2582.326,-2659.128,-5996.336,6.979,0.85,2.71,-28.97,LISTENING
78960.0,2651.917,-2650.496,-5968.913,6.949,0.88,2.778,-28.97,SENSING
78960.0,2651.917,-2650.496,-5968.913,6.949,0.88,2.778,-28.97,LISTENING
78964.57,2683.62,-2646.451,-5956.155,6.935,0.894,2.809,-28.97,SENSING
78964.57,2683.62,-2646.451,-5956.155,6.935,0.894,2.809,-28.97,LISTENING
78970.0,2721.207,-2641.563,-5940.812,6.919,0.91,2.845,-28.97,SENSING
78970.0,2721.207,-2641.563,-5940.812,6.919,0.91,2.845,-28.97,LISTENING
78985.13,2825.452,-2627.479,-5897.011,6.871,0.956,2.947,-28.97,SENSING
78985.13,2825.452,-2627.479,-5897.011,6.871,0.956,2.947,-28.97,LISTENING
78990.0,2858.851,-2622.8,-5882.585,6.855,0.97,2.98,-28.97,SENSING
78990.0,2858.851,-2622.8,-5882.585,6.855,0.97,2.98,-28.97,LISTENING
79000.0,2927.189,-2612.971,-5852.466,6.822,1.0,3.047,-28.97,SENSING
79000.0,2927.189,-2612.971,-5852.466,6.822,1.0,3.047,-28.97,LISTENING
79002.64,2945.175,-2610.327,-5844.403,6.813,1.008,3.064,-28.97,SENSING
79002.64,2945.175,-2610.327,-5844.403,6.813,1.008,3.064,-28.97,LISTENING
79005.61,2965.382,-2607.327,-5835.277,6.803,1.017,3.084,-28.97,SENSING
79005.61,2965.382,-2607.327,-5835.277,6.803,1.017,3.084,-28.97,LISTENING
79010.0,2995.194,-2602.845,-5821.68,6.788,1.03,3.113,-28.97,SENSING
79010.0,2995.194,-2602.845,-5821.68,6.788,1.03,3.113,-28.97,LISTENING
79010.0,2995.194,-2602.845,-5821.68,6.788,1.03,3.113,-28.97,SENSING
79010.0,2995.194,-2602.845,-5821.68,6.788,1.03,3.113,-28.97,MESSAGING
79010.0,2995.194,-2602.845,-5821.68,6.788,1.03,3.113,-28.97,SENSING
79010.0,2995.194,-2602.845,-5821.68,6.788,1.03,3.113,-28.97,MESSAGING
79010.0,2995.194,-2602.845,-5821.68,6.788,1.03,3.113,-28.97,SENSING
79010.0,2995.194,-2602.845,-5821.68,6.788,1.03,3.113,-28.97,LISTENING
79010.0,2995.194,-2602.845,-5821.68,6.788,1.03,3.113,-28.97,SENSING
79010.0,2995.194,-2602.845,-5821.68,6.788,1.03,3.113,-28.97,LISTENING
79010.0,2995.194,-2602.845,-5821.68,6.788,1.03,3.113,-28.97,SENSING
79010.0,2995.194,-2602.845,-5821.68,6.788,1.03,3.113,-28.97,MESSAGING
79010.0,2995.194,-2602.845,-5821.68,6.788,1.03,3.113,-28.97,MESSAGING
79010.0,2995.194,-2602.845,-5821.68,6.788,1.03,3.113,-28.97,SENSING
79010.0,2995.194,-2602.845,-5821.68,6.788,1.03,3.113,-28.97,LISTENING
79010.0,2995.194,-2602.845,-5821.68,6.788,1.03,3.113,-28.97,SENSING
79010.0,2995.194,-2602.845,-5821.68,6.788,1.03,3.113,-28.97,LISTENING
79010.0,2995.194,-2602.845,-5821.68,6.788,1.03,3.113,-28.97,SENSING
79010.0,2995.194,-2602.845,-5821.68,6.788,1.03,3.113,-28.97,LISTENING
79010.0,2995.194,-2602.845,-5821.68,6.788,1.03,3.113,-28.97,SENSING
79010.0,2995.194,-2602.845,-5821.68,6.788,1.03,3.113,-28.97,LISTENING
79010.0,2995.194,-2602.845,-5821.68,6.788,1.03,3.113,-28.97,SENSING
79010.0,2995.194,-2602.845,-5821.68,6.788,1.03,3.113,-28.97,LISTENING
79020.0,3062.858,-2592.424,-5790.232,6.754,1.059,3.179,-28.97,SENSING
79020.0,3062.858,-2592.424,-5790.232,6.754,1.059,3.179,-28.97,LISTENING
79030.0,3130.174,-2581.709,-5758.125,6.719,1.089,3.245,-28.97,SENSING
79030.0,3130.174,-2581.709,-5758.125,6.719,1.089,3.245,-28.97,LISTENING
79040.0,3197.133,-2570.7,-5725.361,6.683,1.118,3.311,-28.97,SENSING
79040.0,3197.133,-2570.7,-5725.361,6.683,1.118,3.311,-28.97,LISTENING
79046.06,3237.533,-2563.886,-5705.188,6.66,1.136,3.35,-28.97,SENSING
79046.06,3237.533,-2563.886,-5705.188,6.66,1.136,3.35,-28.97,LISTENING
79050.0,3263.727,-2559.398,-5691.945,6.646,1.147,3.376,-28.97,SENSING
79050.0,3263.727,-2559.398,-5691.945,6.646,1.147,3.376,-28.97,LISTENING
79050.0,3263.727,-2559.398,-5691.945,6.646,1.147,3.376,-28.97,SENSING
79050.0,3263.727,-2559.398,-5691.945,6.646,1.147,3.376,-28.97,LISTENING
79050.0,3263.727,-2559.398,-5691.945,6.646,1.147,3.376,-28.97,SENSING
79050.0,3263.727,-2559.398,-5691.945,6.646,1.147,3.376,-28.97,MESSAGING
79050.0,3263.727,-2559.398,-5691.945,6.646,1.147,3.376,-28.97,SENSING
79050.0,3263.727,-2559.398,-5691.945,6.646,1.147,3.376,-28.97,LISTENING
79050.0,3263.727,-2559.398,-5691.945,6.646,1.147,3.376,-28.97,SENSING
79050.0,3263.727,-2559.398,-5691.945,6.646,1.147,3.376,-28.97,LISTENING
79050.0,3263.727,-2559.398,-5691.945,6.646,1.147,3.376,-28.97,SENSING
79050.0,3263.727,-2559.398,-5691.945,6.646,1.147,3.376,-28.97,LISTENING
79050.0,3263.727,-2559.398,-5691.945,6.646,1.147,3.376,-28.97,SENSING
79050.0,3263.727,-2559.398,-5691.945,6.646,1.147,3.376,-28.97,LISTENING
79056.17,3304.631,-2552.28,-5671.003,6.623,1.165,3.416,-28.97,SENSING
79056.17,3304.631,-2552.28,-5671.003,6.623,1.165,3.416,-28.97,LISTENING
79059.13,3324.204,-2548.826,-5660.869,6.612,1.174,3.435,-28.97,SENSING
79059.13,3324.204,-2548.826,-5660.869,6.612,1.174,3.435,-28.97,LISTENING
79060.0,3329.95,-2547.806,-5657.88,6.608,1.176,3.441,-28.97,SENSING
79060.0,3329.95,-2547.806,-5657.88,6.608,1.176,3.441,-28.97,LISTENING
79060.0,3329.95,-2547.806,-5657.88,6.608,1.176,3.441,-28.97,SENSING
79060.0,3329.95,-2547.806,-5657.88,6.608,1.176,3.441,-28.97,LISTENING
79070.0,3395.793,-2535.924,-5623.17,6.57,1.205,3.505,-28.97,SENSING
79070.0,3395.793,-2535.924,-5623.17,6.57,1.205,3.505,-28.97,LISTENING
79070.74,3400.651,-2535.033,-5620.576,6.567,1.207,3.51,-28.97,SENSING
79070.74,3400.651,-2535.033,-5620.576,6.567,1.207,3.51,-28.97,LISTENING
79076.56,3438.777,-2527.973,-5600.052,6.544,1.224,3.547,-28.97,SENSING
79076.56,3438.777,-2527.973,-5600.052,6.544,1.224,3.547,-28.97,LISTENING
79080.0,3461.249,-2523.753,-5587.819,6.531,1.234,3.569,-28.97,SENSING
79080.0,3461.249,-2523.753,-5587.819,6.531,1.234,3.569,-28.97,LISTENING
79080.0,3461.249,-2523.753,-5587.819,6.531,1.234,3.569,-28.97,SENSING
79080.0,3461.249,-2523.753,-5587.819,6.531,1.234,3.569,-28.97,LISTENING
79086.4,3502.935,-2515.813,-5564.859,6.505,1.252,3.61,-28.97,SENSING
79086.4,3502.935,-2515.813,-5564.859,6.505,1.252,3.61,-28.97,LISTENING
79087.27,3508.589,-2514.725,-5561.718,6.502,1.255,3.615,-28.97,SENSING
79087.27,3508.589,-2514.725,-5561.718,6.502,1.255,3.615,-28.97,LISTENING
79090.0,3526.311,-2511.296,-5551.83,6.491,1.263,3.632,-28.97,SENSING
79090.0,3526.311,-2511.296,-5551.83,6.491,1.263,3.632,-28.97,LISTENING
79090.0,3526.311,-2511.296,-5551.83,6.491,1.263,3.632,-28.97,SENSING
79090.0,3526.311,-2511.296,-5551.83,6.491,1.263,3.632,-28.97,LISTENING
79097.39,3574.133,-2501.906,-5524.827,6.461,1.284,3.679,-28.97,SENSING
79097.39,3574.133,-2501.906,-5524.827,6.461,1.284,3.679,-28.97,LISTENING
79100.0,3590.97,-2498.552,-5515.208,6.45,1.291,3.696,-28.97,SENSING
79100.0,3590.97,-2498.552,-5515.208,6.45,1.291,3.696,-28.97,LISTENING
79101.19,3598.637,-2497.017,-5510.808,6.445,1.295,3.703,-28.97,SENSING
79101.19,3598.637,-2497.017,-5510.808,6.445,1.295,3.703,-28.97,LISTENING
79105.68,3627.514,-2491.187,-5494.126,6.427,1.307,3.731,-28.97,SENSING
79105.68,3627.514,-2491.187,-5494.126,6.427,1.307,3.731,-28.97,LISTENING
79110.0,3655.219,-2485.524,-5477.956,6.409,1.32,3.758,-28.97,SENSING
79110.0,3655.219,-2485.524,-5477.956,6.409,1.32,3.758,-28.97,LISTENING
79116.19,3694.781,-2477.318,-5454.583,6.383,1.337,3.797,-28.97,SENSING
79116.19,3694.781,-2477.318,-5454.583,6.383,1.337,3.797,-28.97,LISTENING
79120.0,3719.052,-2472.213,-5440.078,6.367,1.348,3.821,-28.97,SENSING
79120.0,3719.052,-2472.213,-5440.078,6.367,1.348,3.821,-28.97,LISTENING
79120.0,3719.052,-2472.213,-5440.078,6.367,1.348,3.821,-28.97,SENSING
79120.0,3719.052,-2472.213,-5440.078,6.367,1.348,3.821,-28.97,LISTENING
79130.0,3782.459,-2458.62,-5401.58,6.324,1.376,3.883,-28.97,SENSING
79130.0,3782.459,-2458.62,-5401.58,6.324,1.376,3.883,-28.97,LISTENING
79155.76,3943.79,-2422.318,-5299.576,6.21,1.448,4.04,-28.97,SENSING
79155.76,3943.79,-2422.318,-5299.576,6.21,1.448,4.04,-28.97,LISTENING
79160.0,3970.061,-2416.166,-5282.399,6.191,1.46,4.066,-28.97,SENSING
79160.0,3970.061,-2416.166,-5282.399,6.191,1.46,4.066,-28.97,LISTENING
79177.26,4076.157,-2390.615,-5211.36,6.111,1.507,4.17,-28.97,SENSING
79177.26,4076.157,-2390.615,-5211.36,6.111,1.507,4.17,-28.97,LISTENING
79180.0,4092.873,-2386.484,-5199.919,6.099,1.514,4.186,-28.97,SENSING
79180.0,4092.873,-2386.484,-5199.919,6.099,1.514,4.186,-28.97,LISTENING
79180.0,4092.873,-2386.484,-5199.919,6.099,1.514,4.186,-28.97,SENSING
79180.0,4092.873,-2386.484,-5199.919,6.099,1.514,4.186,-28.97,LISTENING
79184.92,4122.8,-2379.014,-5179.262,6.076,1.528,4.215,-28.97,SENSING
79184.92,4122.8,-2379.014,-5179.262,6.076,1.528,4.215,-28.97,LISTENING
79186.38,4131.658,-2376.785,-5173.105,6.069,1.532,4.224,-28.97,SENSING
79186.38,4131.658,-2376.785,-5173.105,6.069,1.532,4.224,-28.97,LISTENING
79190.0,4153.58,-2371.233,-5157.784,6.051,1.542,4.245,-28.97,SENSING
79190.0,4153.58,-2371.233,-5157.784,6.051,1.542,4.245,-28.97,LISTENING
79200.0,4213.812,-2355.712,-5115.059,6.004,1.569,4.304,-28.97,SENSING
79200.0,4213.812,-2355.712,-5115.059,6.004,1.569,4.304,-28.97,LISTENING
79200.0,4213.812,-2355.712,-5115.059,6.004,1.569,4.304,-28.97,SENSING
79200.0,4213.812,-2355.712,-5115.059,6.004,1.569,4.304,-28.97,LISTENING
79210.0,4273.563,-2339.922,-5071.749,5.955,1.596,4.362,-28.97,SENSING
79210.0,4273.563,-2339.922,-5071.749,5.955,1.596,4.362,-28.97,LISTENING
79217.01,4315.156,-2328.693,-5041.042,5.921,1.614,4.403,-28.97,SENSING
79217.01,4315.156,-2328.693,-5041.042,5.921,1.614,4.403,-28.97,LISTENING
79220.0,4332.824,-2323.864,-5027.858,5.906,1.622,4.42,-28.97,SENSING
79220.0,4332.824,-2323.864,-5027.858,5.906,1.622,4.42,-28.97,LISTENING
79220.0,4332.824,-2323.864,-5027.858,5.906,1.622,4.42,-28.97,SENSING
79220.0,4332.824,-2323.864,-5027.858,5.906,1.622,4.42,-28.97,LISTENING
79221.99,4344.558,-2320.637,-5019.055,5.896,1.628,4.432,-28.97,SENSING
79221.99,4344.558,-2320.637,-5019.055,5.896,1.628,4.432,-28.97,LISTENING
79257.33,4549.61,-2261.592,-4858.968,5.716,1.72,4.632,-28.97,SENSING
79257.33,4549.61,-2261.592,-4858.968,5.716,1.72,4.632,-28.97,LISTENING
79260.0,4564.841,-2256.998,-4846.587,5.702,1.727,4.647,-28.97,SENSING
79260.0,4564.841,-2256.998,-4846.587,5.702,1.727,4.647,-28.97,LISTENING
79310.0,4843.048,-2167.626,-4607.543,5.432,1.854,4.918,-28.97,SENSING
79310.0,4843.048,-2167.626,-4607.543,5.432,1.854,4.918,-28.97,LISTENING
79325.62,4927.151,-2138.422,-4530.124,5.344,1.892,5.0,-28.97,SENSING
79325.62,4927.151,-2138.422,-4530.124,5.344,1.892,5.0,-28.97,LISTENING
79330.0,4950.487,-2130.125,-4508.186,5.319,1.903,5.023,-28.97,SENSING
79330.0,4950.487,-2130.125,-4508.186,5.319,1.903,5.023,-28.97,LISTENING
79341.7,5012.289,-2107.734,-4449.1,5.253,1.932,5.083,-28.97,SENSING
79341.7,5012.289,-2107.734,-4449.1,5.253,1.932,5.083,-28.97,LISTENING
79350.0,5055.655,-2091.65,-4406.76,5.205,1.952,5.125,-28.97,SENSING
79350.0,5055.655,-2091.65,-4406.76,5.205,1.952,5.125,-28.97,LISTENING
79350.0,5055.655,-2091.65,-4406.76,5.205,1.952,5.125,-28.97,SENSING
79350.0,5055.655,-2091.65,-4406.76,5.205,1.952,5.125,-28.97,LISTENING
79356.71,5090.42,-2078.525,-4372.275,5.165,1.968,5.159,-28.97,SENSING
79356.71,5090.42,-2078.525,-4372.275,5.165,1.968,5.159,-28.97,LISTENING
79357.19,5092.897,-2077.582,-4369.8,5.163,1.969,5.161,-28.97,SENSING
79357.19,5092.897,-2077.582,-4369.8,5.163,1.969,5.161,-28.97,LISTENING
79360.0,5107.37,-2072.051,-4355.285,5.146,1.976,5.175,-28.97,SENSING
79360.0,5107.37,-2072.051,-4355.285,5.146,1.976,5.175,-28.97,LISTENING
79360.0,5107.37,-2072.051,-4355.285,5.146,1.976,5.175,-28.97,SENSING
79360.0,5107.37,-2072.051,-4355.285,5.146,1.976,5.175,-28.97,LISTENING
79370.0,5158.5,-2052.215,-4303.309,5.087,1.999,5.225,-28.97,SENSING
79370.0,5158.5,-2052.215,-4303.309,5.087,1.999,5.225,-28.97,LISTENING
79371.5,5166.119,-2049.219,-4295.47,5.078,2.003,5.232,-28.97,SENSING
79371.5,5166.119,-2049.219,-4295.47,5.078,2.003,5.232,-28.97,LISTENING
79380.72,5212.653,-2030.69,-4247.043,5.023,2.024,5.278,-28.97,SENSING
79380.72,5212.653,-2030.69,-4247.043,5.023,2.024,5.278,-28.97,LISTENING
79390.0,5258.976,-2011.84,-4197.881,4.967,2.046,5.323,-28.97,SENSING
79390.0,5258.976,-2011.84,-4197.881,4.967,2.046,5.323,-28.97,LISTENING
79400.0,5308.311,-1991.305,-4144.44,4.907,2.069,5.371,-28.97,SENSING
79400.0,5308.311,-1991.305,-4144.44,4.907,2.069,5.371,-28.97,LISTENING
79407.31,5343.988,-1976.15,-4105.073,4.862,2.086,5.405,-28.97,SENSING
79407.31,5343.988,-1976.15,-4105.073,4.862,2.086,5.405,-28.97,LISTENING
79407.32,5344.037,-1976.129,-4105.019,4.862,2.086,5.405,-28.97,SENSING
79407.32,5344.037,-1976.129,-4105.019,4.862,2.086,5.405,-28.97,LISTENING
79410.0,5357.035,-1970.542,-4090.523,4.845,2.092,5.418,-28.97,SENSING
79410.0,5357.035,-1970.542,-4090.523,4.845,2.092,5.418,-28.97,LISTENING
79415.02,5381.263,-1960.033,-4063.278,4.814,2.103,5.442,-28.97,SENSING
79415.02,5381.263,-1960.033,-4063.278,4.814,2.103,5.442,-28.97,LISTENING
79420.0,5405.144,-1949.553,-4036.135,4.783,2.114,5.465,-28.97,SENSING
79420.0,5405.144,-1949.553,-4036.135,4.783,2.114,5.465,-28.97,LISTENING
79420.0,5405.144,-1949.553,-4036.135,4.783,2.114,5.465,-28.97,SENSING
79420.0,5405.144,-1949.553,-4036.135,4.783,2.114,5.465,-28.97,LISTENING
79430.0,5452.631,-1928.34,-3981.283,4.721,2.136,5.511,-28.97,SENSING
79430.0,5452.631,-1928.34,-3981.283,4.721,2.136,5.511,-28.97,LISTENING
79434.1,5471.92,-1919.578,-3958.661,4.695,2.146,5.53,-28.97,SENSING
79434.1,5471.92,-1919.578,-3958.661,4.695,2.146,5.53,-28.97,LISTENING
79434.33,5472.999,-1919.086,-3957.39,4.694,2.146,5.531,-28.97,SENSING
79434.33,5472.999,-1919.086,-3957.39,4.694,2.146,5.531,-28.97,LISTENING
79440.0,5499.492,-1906.905,-3925.973,4.658,2.159,5.557,-28.97,SENSING
79440.0,5499.492,-1906.905,-3925.973,4.658,2.159,5.557,-28.97,LISTENING
79440.0,5499.492,-1906.905,-3925.973,4.658,2.159,5.557,-28.97,SENSING
79440.0,5499.492,-1906.905,-3925.973,4.658,2.159,5.557,-28.97,LISTENING
79447.2,5532.84,-1891.337,-3885.87,4.612,2.174,5.589,-28.97,SENSING
79447.2,5532.84,-1891.337,-3885.87,4.612,2.174,5.589,-28.97,LISTENING
79450.0,5545.72,-1885.252,-3870.212,4.594,2.18,5.601,-28.97,SENSING
79450.0,5545.72,-1885.252,-3870.212,4.594,2.18,5.601,-28.97,LISTENING
79455.19,5569.461,-1873.929,-3841.095,4.561,2.192,5.624,-28.97,SENSING
79455.19,5569.461,-1873.929,-3841.095,4.561,2.192,5.624,-28.97,LISTENING
79460.0,5591.309,-1863.383,-3814.005,4.53,2.202,5.646,-28.97,SENSING
79460.0,5591.309,-1863.383,-3814.005,4.53,2.202,5.646,-28.97,LISTENING
79467.0,5622.84,-1847.947,-3774.398,4.485,2.217,5.676,-28.97,SENSING
79467.0,5622.84,-1847.947,-3774.398,4.485,2.217,5.676,-28.97,LISTENING
79470.0,5636.256,-1841.299,-3757.359,4.466,2.223,5.689,-28.97,SENSING
79470.0,5636.256,-1841.299,-3757.359,4.466,2.223,5.689,-28.97,LISTENING
79470.0,5636.256,-1841.299,-3757.359,4.466,2.223,5.689,-28.97,SENSING
79470.0,5636.256,-1841.299,-3757.359,4.466,2.223,5.689,-28.97,LISTENING
79476.6,5665.566,-1826.608,-3719.735,4.423,2.237,5.718,-28.97,SENSING
79476.6,5665.566,-1826.608,-3719.735,4.423,2.237,5.718,-28.97,LISTENING
79488.67,5718.432,-1799.505,-3650.448,4.344,2.262,5.769,-28.97,SENSING
79488.67,5718.432,-1799.505,-3650.448,4.344,2.262,5.769,-28.97,LISTENING
79490.0,5724.198,-1796.5,-3642.776,4.335,2.265,5.774,-28.97,SENSING
79490.0,5724.198,-1796.5,-3642.776,4.335,2.265,5.774,-28.97,LISTENING
79500.0,5767.184,-1773.79,-3584.852,4.269,2.286,5.816,-28.97,SENSING
79500.0,5767.184,-1773.79,-3584.852,4.269,2.286,5.816,-28.97,LISTENING
79500.0,5767.184,-1773.79,-3584.852,4.269,2.286,5.816,-28.97,SENSING
79500.0,5767.184,-1773.79,-3584.852,4.269,2.286,5.816,-28.97,LISTENING
79510.0,5809.505,-1750.875,-3526.515,4.202,2.306,5.857,-28.97,SENSING
79510.0,5809.505,-1750.875,-3526.515,4.202,2.306,5.857,-28.97,LISTENING
79603.68,6172.836,-1526.803,-2961.205,3.554,2.483,6.208,-28.97,SENSING
79603.68,6172.836,-1526.803,-2961.205,3.554,2.483,6.208,-28.97,LISTENING
79620.0,6229.844,-1486.125,-2859.494,3.437,2.511,6.263,-28.97,SENSING
79620.0,6229.844,-1486.125,-2859.494,3.437,2.511,6.263,-28.97,LISTENING
79653.03,6339.347,-1402.417,-2650.984,3.198,2.566,6.368,-28.97,SENSING
79653.03,6339.347,-1402.417,-2650.984,3.198,2.566,6.368,-28.97,LISTENING
79670.0,6392.512,-1358.717,-2542.542,3.073,2.593,6.419,-28.97,SENSING
79670.0,6392.512,-1358.717,-2542.542,3.073,2.593,6.419,-28.97,LISTENING
79670.0,6392.512,-1358.717,-2542.542,3.073,2.593,6.419,-28.97,SENSING
79670.0,6392.512,-1358.717,-2542.542,3.073,2.593,6.419,-28.97,LISTENING
79690.0,6452.441,-1306.638,-2413.655,2.924,2.624,6.476,-28.97,SENSING
79690.0,6452.441,-1306.638,-2413.655,2.924,2.624,6.476,-28.97,LISTENING
79690.0,6452.441,-1306.638,-2413.655,2.924,2.624,6.476,-28.97,SENSING
79690.0,6452.441,-1306.638,-2413.655,2.924,2.624,6.476,-28.97,MESSAGING
79690.0,6452.441,-1306.638,-2413.655,2.924,2.624,6.476,-28.97,SENSING
79690.0,6452.441,-1306.638,-2413.655,2.924,2.624,6.476,-28.97,LISTENING
79690.0,6452.441,-1306.638,-2413.655,2.924,2.624,6.476,-28.97,SENSING
79690.0,6452.441,-1306.638,-2413.655,2.924,2.624,6.476,-28.97,LISTENING
79732.0,6568.559,-1195.339,-2139.434,2.608,2.685,6.587,-28.97,SENSING
79732.0,6568.559,-1195.339,-2139.434,2.608,2.685,6.587,-28.97,LISTENING
79733.15,6571.551,-1192.256,-2131.862,2.6,2.686,6.589,-28.97,SENSING
79733.15,6571.551,-1192.256,-2131.862,2.6,2.686,6.589,-28.97,LISTENING
79740.0,6589.167,-1173.856,-2086.69,2.547,2.696,6.606,-28.97,SENSING
79740.0,6589.167,-1173.856,-2086.69,2.547,2.696,6.606,-28.97,LISTENING
79750.0,6614.241,-1146.881,-2020.544,2.471,2.709,6.63,-28.97,SENSING
79750.0,6614.241,-1146.881,-2020.544,2.471,2.709,6.63,-28.97,LISTENING
79750.0,6614.241,-1146.881,-2020.544,2.471,2.709,6.63,-28.97,SENSING
79750.0,6614.241,-1146.881,-2020.544,2.471,2.709,6.63,-28.97,LISTENING
79756.59,6630.347,-1129.033,-1976.825,2.421,2.718,6.645,-28.97,SENSING
79756.59,6630.347,-1129.033,-1976.825,2.421,2.718,6.645,-28.97,LISTENING
79760.0,6638.551,-1119.774,-1954.163,2.395,2.722,6.653,-28.97,SENSING
79760.0,6638.551,-1119.774,-1954.163,2.395,2.722,6.653,-28.97,LISTENING
79770.0,6662.094,-1092.538,-1887.557,2.318,2.735,6.675,-28.97,SENSING
79770.0,6662.094,-1092.538,-1887.557,2.318,2.735,6.675,-28.97,LISTENING
79775.84,6675.487,-1076.574,-1848.558,2.273,2.742,6.688,-28.97,SENSING
79775.84,6675.487,-1076.574,-1848.558,2.273,2.742,6.688,-28.97,LISTENING
79780.0,6684.868,-1065.176,-1820.733,2.24,2.747,6.696,-28.97,SENSING
79780.0,6684.868,-1065.176,-1820.733,2.24,2.747,6.696,-28.97,LISTENING
79791.03,6709.09,-1034.853,-1746.782,2.155,2.761,6.719,-28.97,SENSING
79791.03,6709.09,-1034.853,-1746.782,2.155,2.761,6.719,-28.97,LISTENING
79796.17,6720.056,-1020.673,-1712.236,2.115,2.767,6.73,-28.97,SENSING
79796.17,6720.056,-1020.673,-1712.236,2.115,2.767,6.73,-28.97,LISTENING
79800.0,6728.094,-1010.086,-1686.461,2.085,2.771,6.737,-28.97,SENSING
79800.0,6728.094,-1010.086,-1686.461,2.085,2.771,6.737,-28.97,LISTENING
79805.35,6739.131,-995.27,-1650.408,2.044,2.778,6.747,-28.97,SENSING
79805.35,6739.131,-995.27,-1650.408,2.044,2.778,6.747,-28.97,LISTENING
79810.0,6748.542,-982.365,-1619.028,2.007,2.783,6.756,-28.97,SENSING
79810.0,6748.542,-982.365,-1619.028,2.007,2.783,6.756,-28.97,LISTENING
79810.0,6748.542,-982.365,-1619.028,2.007,2.783,6.756,-28.97,SENSING
79810.0,6748.542,-982.365,-1619.028,2.007,2.783,6.756,-28.97,LISTENING
79820.0,6768.21,-954.53,-1551.409,1.929,2.794,6.775,-28.97,SENSING
79820.0,6768.21,-954.53,-1551.409,1.929,2.794,6.775,-28.97,LISTENING
79830.0,6787.096,-926.585,-1483.61,1.851,2.805,6.792,-28.97,SENSING
79830.0,6787.096,-926.585,-1483.61,1.851,2.805,6.792,-28.97,LISTENING
79847.95,6819.026,-876.158,-1361.485,1.71,2.824,6.822,-28.97,SENSING
79847.95,6819.026,-876.158,-1361.485,1.71,2.824,6.822,-28.97,LISTENING
79852.15,6826.131,-864.311,-1332.835,1.676,2.828,6.828,-28.97,SENSING
79852.15,6826.131,-864.311,-1332.835,1.676,2.828,6.828,-28.97,LISTENING
79870.0,6854.771,-813.768,-1210.776,1.535,2.845,6.854,-28.97,SENSING
79870.0,6854.771,-813.768,-1210.776,1.535,2.845,6.854,-28.97,LISTENING
79880.0,6869.713,-785.321,-1142.197,1.456,2.855,6.868,-28.97,SENSING
79880.0,6869.713,-785.321,-1142.197,1.456,2.855,6.868,-28.97,LISTENING
79880.0,6869.713,-785.321,-1142.197,1.456,2.855,6.868,-28.97,SENSING
79880.0,6869.713,-785.321,-1142.197,1.456,2.855,6.868,-28.97,LISTENING
79887.63,6880.58,-763.554,-1089.783,1.395,2.861,6.878,-28.97,SENSING
79887.63,6880.58,-763.554,-1089.783,1.395,2.861,6.878,-28.97,MANEUVERING
79887.63,6880.58,-763.554,-1089.783,1.395,2.861,6.878,-28.97,LISTENING
79899.32,6896.33,-730.107,-1009.337,1.302,2.871,6.892,-17.28,MANEUVERING
79899.32,6896.33,-730.107,-1009.337,1.302,2.871,6.892,-17.28,SENSING
79899.32,6896.33,-730.107,-1009.337,1.302,2.871,6.892,-17.28,MANEUVERING
79899.32,6896.33,-730.107,-1009.337,1.302,2.871,6.892,-17.28,LISTENING
79900.6,6897.988,-726.437,-1000.518,1.292,2.873,6.894,-16.0,MANEUVERING
79900.6,6897.988,-726.437,-1000.518,1.292,2.873,6.894,-16.0,SENSING
79900.6,6897.988,-726.437,-1000.518,1.292,2.873,6.894,-16.0,MANEUVERING
79900.6,6897.988,-726.437,-1000.518,1.292,2.873,6.894,-16.0,LISTENING
79910.0,6909.766,-699.448,-935.701,1.216,2.88,6.904,-6.6,MANEUVERING
79910.0,6909.766,-699.448,-935.701,1.216,2.88,6.904,-6.6,SENSING
79910.0,6909.766,-699.448,-935.701,1.216,2.88,6.904,-6.6,MANEUVERING
79910.0,6909.766,-699.448,-935.701,1.216,2.88,6.904,-6.6,LISTENING
79910.0,6909.766,-699.448,-935.701,1.216,2.88,6.904,-6.6,MANEUVERING
79910.0,6909.766,-699.448,-935.701,1.216,2.88,6.904,-6.6,SENSING
79910.0,6909.766,-699.448,-935.701,1.216,2.88,6.904,-6.6,MANEUVERING
79910.0,6909.766,-699.448,-935.701,1.216,2.88,6.904,-6.6,LISTENING
79920.0,6921.521,-670.658,-866.642,1.136,2.888,6.915,3.4,MANEUVERING
79920.0,6921.521,-670.658,-866.642,1.136,2.888,6.915,3.4,SENSING
79920.0,6921.521,-670.658,-866.642,1.136,2.888,6.915,3.4,MANEUVERING
79920.0,6921.521,-670.658,-866.642,1.136,2.888,6.915,3.4,LISTENING
79930.0,6932.475,-641.79,-797.483,1.056,2.896,6.924,13.4,MANEUVERING
79930.0,6932.475,-641.79,-797.483,1.056,2.896,6.924,13.4,SENSING
79930.0,6932.475,-641.79,-797.483,1.056,2.896,6.924,13.4,MEASURING
79930.0,6932.475,-641.79,-797.483,1.056,2.896,6.924,13.4,SENSING
79930.0,6932.475,-641.79,-797.483,1.056,2.896,6.924,13.4,LISTENING
79937.05,6939.716,-621.394,-748.67,1.0,2.901,6.931,13.4,SENSING
79937.05,6939.716,-621.394,-748.67,1.0,2.901,6.931,13.4,LISTENING
79940.0,6942.628,-612.848,-728.231,0.976,2.903,6.933,13.4,SENSING
79940.0,6942.628,-612.848,-728.231,0.976,2.903,6.933,13.4,LISTENING
79946.64,6948.925,-593.591,-682.201,0.923,2.908,6.938,13.4,SENSING
79946.64,6948.925,-593.591,-682.201,0.923,2.908,6.938,13.4,MANEUVERING
79946.64,6948.925,-593.591,-682.201,0.923,2.908,6.938,13.4,LISTENING
79950.0,6951.977,-583.835,-658.895,0.896,2.91,6.941,16.76,MANEUVERING
79950.0,6951.977,-583.835,-658.895,0.896,2.91,6.941,16.76,SENSING
79950.0,6951.977,-583.835,-658.895,0.896,2.91,6.941,16.76,MEASURING
79950.0,6951.977,-583.835,-658.895,0.896,2.91,6.941,16.76,SENSING
79950.0,6951.977,-583.835,-658.895,0.896,2.91,6.941,16.76,LISTENING
79957.21,6958.219,-562.875,-608.856,0.837,2.915,6.946,16.76,SENSING
79957.21,6958.219,-562.875,-608.856,0.837,2.915,6.946,16.76,LISTENING
79960.0,6960.522,-554.755,-589.483,0.815,2.917,6.948,16.76,SENSING
79960.0,6960.522,-554.755,-589.483,0.815,2.917,6.948,16.76,LISTENING
79960.83,6961.195,-552.339,-583.719,0.808,2.917,6.949,16.76,SENSING
79960.83,6961.195,-552.339,-583.719,0.808,2.917,6.949,16.76,LISTENING
79970.0,6968.262,-525.611,-520.003,0.734,2.923,6.955,16.76,SENSING
79970.0,6968.262,-525.611,-520.003,0.734,2.923,6.955,16.76,LISTENING
79970.03,6968.284,-525.523,-519.794,0.734,2.923,6.955,16.76,SENSING
79970.03,6968.284,-525.523,-519.794,0.734,2.923,6.955,16.76,LISTENING
79980.0,6975.196,-496.406,-450.462,0.654,2.929,6.96,16.76,SENSING
79980.0,6975.196,-496.406,-450.462,0.654,2.929,6.96,16.76,LISTENING
79990.0,6981.323,-467.143,-380.869,0.573,2.934,6.965,16.76,SENSING
79990.0,6981.323,-467.143,-380.869,0.573,2.934,6.965,16.76,MEASURING
79990.0,6981.323,-467.143,-380.869,0.573,2.934,6.965,16.76,SENSING
79990.0,6981.323,-467.143,-380.869,0.573,2.934,6.965,16.76,LISTENING
79996.36,6984.8,-448.504,-336.585,0.521,2.938,6.968,16.76,SENSING
79996.36,6984.8,-448.504,-336.585,0.521,2.938,6.968,16.76,LISTENING
80000.0,6986.642,-437.827,-311.233,0.492,2.94,6.969,16.76,SENSING
80000.0,6986.642,-437.827,-311.233,0.492,2.94,6.969,16.76,LISTENING
80000.0,6986.642,-437.827,-311.233,0.492,2.94,6.969,16.76,SENSING
80000.0,6986.642,-437.827,-311.233,0.492,2.94,6.969,16.76,LISTENING
80005.15,6989.067,-422.709,-275.355,0.45,2.942,6.971,16.76,SENSING
80005.15,6989.067,-422.709,-275.355,0.45,2.942,6.971,16.76,MANEUVERING
80005.15,6989.067,-422.709,-275.355,0.45,2.942,6.971,16.76,LISTENING
80006.99,6989.881,-417.305,-262.534,0.435,2.943,6.971,18.6,MANEUVERING
80006.99,6989.881,-417.305,-262.534,0.435,2.943,6.971,18.6,SENSING
80006.99,6989.881,-417.305,-262.534,0.435,2.943,6.971,18.6,MANEUVERING
80006.99,6989.881,-417.305,-262.534,0.435,2.943,6.971,18.6,LISTENING
80010.0,6991.153,-408.46,-241.559,0.411,2.944,6.972,21.61,MANEUVERING
80010.0,6991.153,-408.46,-241.559,0.411,2.944,6.972,21.61,SENSING
80010.0,6991.153,-408.46,-241.559,0.411,2.944,6.972,21.61,MEASURING
80010.0,6991.153,-408.46,-241.559,0.411,2.944,6.972,21.61,SENSING
80010.0,6991.153,-408.46,-241.559,0.411,2.944,6.972,21.61,LISTENING
80017.47,6993.996,-386.492,-189.495,0.351,2.948,6.974,21.61,SENSING
80017.47,6993.996,-386.492,-189.495,0.351,2.948,6.974,21.61,LISTENING
80020.0,6994.856,-379.046,-171.859,0.33,2.949,6.975,21.61,SENSING
80020.0,6994.856,-379.046,-171.859,0.33,2.949,6.975,21.61,LISTENING
80020.0,6994.856,-379.046,-171.859,0.33,2.949,6.975,21.61,SENSING
80020.0,6994.856,-379.046,-171.859,0.33,2.949,6.975,21.61,LISTENING
80030.0,6997.749,-349.588,-102.138,0.249,2.953,6.976,21.61,SENSING
80030.0,6997.749,-349.588,-102.138,0.249,2.953,6.976,21.61,LISTENING
80042.75,7000.264,-311.97,-13.228,0.146,2.958,6.977,21.61,SENSING
80042.75,7000.264,-311.97,-13.228,0.146,2.958,6.977,21.61,LISTENING
80042.88,7000.283,-311.587,-12.322,0.145,2.958,6.977,21.61,SENSING
80042.88,7000.283,-311.587,-12.322,0.145,2.958,6.977,21.61,MANEUVERING
80042.88,7000.283,-311.587,-12.322,0.145,2.958,6.977,21.61,LISTENING
80057.21,7001.523,-269.237,87.608,0.029,2.963,6.977,7.28,MANEUVERING
80057.21,7001.523,-269.237,87.608,0.029,2.963,6.977,7.28,SENSING
80057.21,7001.523,-269.237,87.608,0.029,2.963,6.977,7.28,MANEUVERING
80057.21,7001.523,-269.237,87.608,0.029,2.963,6.977,7.28,LISTENING
80060.0,7001.571,-260.984,107.062,0.006,2.964,6.976,4.49,MANEUVERING
80060.0,7001.571,-260.984,107.062,0.006,2.964,6.976,4.49,SENSING
80060.0,7001.571,-260.984,107.062,0.006,2.964,6.976,4.49,MEASURING
80060.0,7001.571,-260.984,107.062,0.006,2.964,6.976,4.49,SENSING
80060.0,7001.571,-260.984,107.062,0.006,2.964,6.976,4.49,LISTENING
80070.0,7001.225,-231.385,176.782,-0.075,2.967,6.975,4.49,SENSING
80070.0,7001.225,-231.385,176.782,-0.075,2.967,6.975,4.49,LISTENING
80080.0,7000.069,-201.759,246.481,-0.156,2.969,6.972,4.49,SENSING
80080.0,7000.069,-201.759,246.481,-0.156,2.969,6.972,4.49,LISTENING
80088.84,6998.372,-175.55,308.072,-0.228,2.971,6.969,4.49,SENSING
80088.84,6998.372,-175.55,308.072,-0.228,2.971,6.969,4.49,LISTENING
80106.94,6992.926,-121.84,434.086,-0.374,2.974,6.962,4.49,SENSING
80106.94,6992.926,-121.84,434.086,-0.374,2.974,6.962,4.49,MANEUVERING
80106.94,6992.926,-121.84,434.086,-0.374,2.974,6.962,4.49,LISTENING
80119.1,6987.779,-85.728,518.656,-0.473,2.976,6.955,-7.67,MANEUVERING
80119.1,6987.779,-85.728,518.656,-0.473,2.976,6.955,-7.67,SENSING
80119.1,6987.779,-85.728,518.656,-0.473,2.976,6.955,-7.67,MANEUVERING
80119.1,6987.779,-85.728,518.656,-0.473,2.976,6.955,-7.67,LISTENING
80120.0,6987.35,-83.055,524.911,-0.48,2.976,6.954,-8.57,MANEUVERING
80120.0,6987.35,-83.055,524.911,-0.48,2.976,6.954,-8.57,SENSING
80120.0,6987.35,-83.055,524.911,-0.48,2.976,6.954,-8.57,MEASURING
80120.0,6987.35,-83.055,524.911,-0.48,2.976,6.954,-8.57,SENSING
80120.0,6987.35,-83.055,524.911,-0.48,2.976,6.954,-8.57,LISTENING
80130.0,6982.149,-53.346,594.388,-0.561,2.977,6.948,-8.57,SENSING
80130.0,6982.149,-53.346,594.388,-0.561,2.977,6.948,-8.57,LISTENING
80143.2,6974.046,-14.122,685.989,-0.667,2.977,6.938,-8.57,SENSING
80143.2,6974.046,-14.122,685.989,-0.667,2.977,6.938,-8.57,MANEUVERING
80143.2,6974.046,-14.122,685.989,-0.667,2.977,6.938,-8.57,LISTENING
80170.0,6953.275,65.517,871.523,-0.883,2.976,6.914,18.23,MANEUVERING
80170.0,6953.275,65.517,871.523,-0.883,2.976,6.914,18.23,SENSING
80170.0,6953.275,65.517,871.523,-0.883,2.976,6.914,18.23,MEASURING
80170.0,6953.275,65.517,871.523,-0.883,2.976,6.914,18.23,SENSING
80170.0,6953.275,65.517,871.523,-0.883,2.976,6.914,18.23,LISTENING
80181.07,6943.008,98.4,947.957,-0.972,2.975,6.902,18.23,SENSING
80181.07,6943.008,98.4,947.957,-0.972,2.975,6.902,18.23,MANEUVERING
80181.07,6943.008,98.4,947.957,-0.972,2.975,6.902,18.23,LISTENING
80190.0,6934.009,124.917,1009.518,-1.044,2.974,6.892,9.3,MANEUVERING
80190.0,6934.009,124.917,1009.518,-1.044,2.974,6.892,9.3,SENSING
80190.0,6934.009,124.917,1009.518,-1.044,2.974,6.892,9.3,MEASURING
80190.0,6934.009,124.917,1009.518,-1.044,2.974,6.892,9.3,SENSING
80190.0,6934.009,124.917,1009.518,-1.044,2.974,6.892,9.3,LISTENING
80195.35,6928.312,140.798,1046.355,-1.087,2.973,6.886,9.3,SENSING
80195.35,6928.312,140.798,1046.355,-1.087,2.973,6.886,9.3,MANEUVERING
80195.35,6928.312,140.798,1046.355,-1.087,2.973,6.886,9.3,LISTENING
80200.0,6923.173,154.597,1078.344,-1.124,2.973,6.88,4.65,MANEUVERING
80200.0,6923.173,154.597,1078.344,-1.124,2.973,6.88,4.65,SENSING
80200.0,6923.173,154.597,1078.344,-1.124,2.973,6.88,4.65,MEASURING
80200.0,6923.173,154.597,1078.344,-1.124,2.973,6.88,4.65,SENSING
80200.0,6923.173,154.597,1078.344,-1.124,2.973,6.88,4.65,LISTENING
80206.09,6916.182,172.664,1120.199,-1.173,2.971,6.872,4.65,SENSING
80206.09,6916.182,172.664,1120.199,-1.173,2.971,6.872,4.65,LISTENING
80211.17,6910.123,187.729,1155.075,-1.214,2.97,6.866,4.65,SENSING
80211.17,6910.123,187.729,1155.075,-1.214,2.97,6.866,4.65,MANEUVERING
80211.17,6910.123,187.729,1155.075,-1.214,2.97,6.866,4.65,LISTENING
80220.0,6899.101,213.901,1215.614,-1.284,2.968,6.853,13.48,MANEUVERING
80220.0,6899.101,213.901,1215.614,-1.284,2.968,6.853,13.48,SENSING
80220.0,6899.101,213.901,1215.614,-1.284,2.968,6.853,13.48,MEASURING
80220.0,6899.101,213.901,1215.614,-1.284,2.968,6.853,13.48,SENSING
80220.0,6899.101,213.901,1215.614,-1.284,2.968,6.853,13.48,LISTENING
80230.0,6885.868,243.518,1284.042,-1.364,2.966,6.839,13.48,SENSING
80230.0,6885.868,243.518,1284.042,-1.364,2.966,6.839,13.48,LISTENING
80263.03,6836.511,341.125,1508.962,-1.626,2.954,6.786,13.48,SENSING
80263.03,6836.511,341.125,1508.962,-1.626,2.954,6.786,13.48,LISTENING
80290.0,6789.813,420.512,1691.218,-1.839,2.943,6.736,13.48,SENSING
80290.0,6789.813,420.512,1691.218,-1.839,2.943,6.736,13.48,LISTENING
80290.0,6789.813,420.512,1691.218,-1.839,2.943,6.736,13.48,SENSING
80290.0,6789.813,420.512,1691.218,-1.839,2.943,6.736,13.48,LISTENING
80295.68,6779.25,437.188,1729.425,-1.883,2.94,6.724,13.48,SENSING
80295.68,6779.25,437.188,1729.425,-1.883,2.94,6.724,13.48,LISTENING
80330.0,6710.06,537.584,1958.863,-2.151,2.92,6.651,13.48,SENSING
80330.0,6710.06,537.584,1958.863,-2.151,2.92,6.651,13.48,LISTENING
80330.0,6710.06,537.584,1958.863,-2.151,2.92,6.651,13.48,SENSING
80330.0,6710.06,537.584,1958.863,-2.151,2.92,6.651,13.48,LISTENING
80336.46,6696.013,556.404,2001.76,-2.201,2.916,6.637,13.48,SENSING
80336.46,6696.013,556.404,2001.76,-2.201,2.916,6.637,13.48,LISTENING
80340.0,6688.178,566.706,2025.227,-2.228,2.914,6.628,13.48,SENSING
80340.0,6688.178,566.706,2025.227,-2.228,2.914,6.628,13.48,LISTENING
80340.0,6688.178,566.706,2025.227,-2.228,2.914,6.628,13.48,SENSING
80340.0,6688.178,566.706,2025.227,-2.228,2.914,6.628,13.48,LISTENING
80354.05,6656.129,607.511,2118.072,-2.337,2.905,6.595,13.48,SENSING
80354.05,6656.129,607.511,2118.072,-2.337,2.905,6.595,13.48,LISTENING
80360.0,6642.099,624.751,2157.247,-2.382,2.9,6.58,13.48,SENSING
80360.0,6642.099,624.751,2157.247,-2.382,2.9,6.58,13.48,LISTENING
80360.0,6642.099,624.751,2157.247,-2.382,2.9,6.58,13.48,SENSING
80360.0,6642.099,624.751,2157.247,-2.382,2.9,6.58,13.48,LISTENING
80364.21,6632.008,636.934,2184.912,-2.415,2.897,6.569,13.48,SENSING
80364.21,6632.008,636.934,2184.912,-2.415,2.897,6.569,13.48,LISTENING
80370.0,6617.908,653.667,2222.886,-2.459,2.893,6.555,13.48,SENSING
80370.0,6617.908,653.667,2222.886,-2.459,2.893,6.555,13.48,LISTENING
80375.07,6605.351,668.299,2256.068,-2.498,2.889,6.541,13.48,SENSING
80375.07,6605.351,668.299,2256.068,-2.498,2.889,6.541,13.48,LISTENING
80380.0,6592.953,682.508,2288.269,-2.535,2.885,6.529,13.48,SENSING
80380.0,6592.953,682.508,2288.269,-2.535,2.885,6.529,13.48,LISTENING
80382.63,6586.263,690.08,2305.421,-2.555,2.883,6.522,13.48,SENSING
80382.63,6586.263,690.08,2305.421,-2.555,2.883,6.522,13.48,LISTENING
80387.78,6573.011,704.892,2338.955,-2.594,2.879,6.508,13.48,SENSING
80387.78,6573.011,704.892,2338.955,-2.594,2.879,6.508,13.48,LISTENING
80390.0,6567.236,711.27,2353.388,-2.611,2.877,6.502,13.48,SENSING
80390.0,6567.236,711.27,2353.388,-2.611,2.877,6.502,13.48,LISTENING
80400.0,6540.762,739.951,2418.235,-2.687,2.869,6.474,13.48,SENSING
80400.0,6540.762,739.951,2418.235,-2.687,2.869,6.474,13.48,LISTENING
80410.0,6513.532,768.546,2482.802,-2.762,2.86,6.446,13.48,SENSING
80410.0,6513.532,768.546,2482.802,-2.762,2.86,6.446,13.48,LISTENING
80420.0,6485.551,797.053,2547.083,-2.837,2.851,6.417,13.48,SENSING
80420.0,6485.551,797.053,2547.083,-2.837,2.851,6.417,13.48,LISTENING
80422.26,6479.124,803.483,2561.57,-2.854,2.849,6.41,13.48,SENSING
80422.26,6479.124,803.483,2561.57,-2.854,2.849,6.41,13.48,LISTENING
80424.58,6472.486,810.079,2576.426,-2.872,2.847,6.403,13.48,SENSING
80424.58,6472.486,810.079,2576.426,-2.872,2.847,6.403,13.48,LISTENING
80430.0,6456.822,825.468,2611.07,-2.912,2.842,6.387,13.48,SENSING
80430.0,6456.822,825.468,2611.07,-2.912,2.842,6.387,13.48,LISTENING
80430.0,6456.822,825.468,2611.07,-2.912,2.842,6.387,13.48,SENSING
80430.0,6456.822,825.468,2611.07,-2.912,2.842,6.387,13.48,LISTENING
80436.78,6436.919,844.68,2654.283,-2.963,2.835,6.366,13.48,SENSING
80436.78,6436.919,844.68,2654.283,-2.963,2.835,6.366,13.48,LISTENING
80440.0,6427.347,853.789,2674.756,-2.987,2.832,6.356,13.48,SENSING
80440.0,6427.347,853.789,2674.756,-2.987,2.832,6.356,13.48,LISTENING
80450.65,6395.142,883.842,2742.242,-3.065,2.821,6.323,13.48,SENSING
80450.65,6395.142,883.842,2742.242,-3.065,2.821,6.323,13.48,LISTENING
80460.0,6366.178,910.131,2801.194,-3.134,2.812,6.293,13.48,SENSING
80460.0,6366.178,910.131,2801.194,-3.134,2.812,6.293,13.48,LISTENING
80460.81,6363.638,912.405,2806.288,-3.14,2.811,6.291,13.48,SENSING
80460.81,6363.638,912.405,2806.288,-3.14,2.811,6.291,13.48,LISTENING
80470.0,6334.49,938.147,2863.932,-3.208,2.801,6.261,13.48,SENSING
80470.0,6334.49,938.147,2863.932,-3.208,2.801,6.261,13.48,LISTENING
80470.0,6334.49,938.147,2863.932,-3.208,2.801,6.261,13.48,SENSING
80470.0,6334.49,938.147,2863.932,-3.208,2.801,6.261,13.48,MESSAGING
80470.0,6334.49,938.147,2863.932,-3.208,2.801,6.261,13.48,SENSING
80470.0,6334.49,938.147,2863.932,-3.208,2.801,6.261,13.48,LISTENING
80470.0,6334.49,938.147,2863.932,-3.208,2.801,6.261,13.48,SENSING
80470.0,6334.49,938.147,2863.932,-3.208,2.801,6.261,13.48,LISTENING
80470.0,6334.49,938.147,2863.932,-3.208,2.801,6.261,13.48,SENSING
80470.0,6334.49,938.147,2863.932,-3.208,2.801,6.261,13.48,LISTENING
80483.24,6291.412,975.074,2946.487,-3.304,2.787,6.216,13.48,SENSING
80483.24,6291.412,975.074,2946.487,-3.304,2.787,6.216,13.48,LISTENING
80500.0,6235.06,1021.535,3050.135,-3.425,2.767,6.158,13.48,SENSING
80500.0,6235.06,1021.535,3050.135,-3.425,2.767,6.158,13.48,LISTENING
80500.0,6235.06,1021.535,3050.135,-3.425,2.767,6.158,13.48,SENSING
80500.0,6235.06,1021.535,3050.135,-3.425,2.767,6.158,13.48,LISTENING
80513.04,6189.818,1057.457,3130.095,-3.518,2.752,6.112,13.48,SENSING
80513.04,6189.818,1057.457,3130.095,-3.518,2.752,6.112,13.48,LISTENING
80514.0,6186.439,1060.093,3135.958,-3.525,2.75,6.108,13.48,SENSING
80514.0,6186.439,1060.093,3135.958,-3.525,2.75,6.108,13.48,LISTENING
80520.0,6165.173,1076.546,3172.523,-3.568,2.743,6.086,13.48,SENSING
80520.0,6165.173,1076.546,3172.523,-3.568,2.743,6.086,13.48,LISTENING
80520.0,6165.173,1076.546,3172.523,-3.568,2.743,6.086,13.48,SENSING
80520.0,6165.173,1076.546,3172.523,-3.568,2.743,6.086,13.48,LISTENING
80530.0,6129.162,1103.867,3233.173,-3.639,2.731,6.049,13.48,SENSING
80530.0,6129.162,1103.867,3233.173,-3.639,2.731,6.049,13.48,LISTENING
80538.24,6098.958,1126.284,3282.868,-3.697,2.72,6.019,13.48,SENSING
80538.24,6098.958,1126.284,3282.868,-3.697,2.72,6.019,13.48,LISTENING
80550.0,6055.026,1158.125,3353.346,-3.779,2.705,5.974,13.48,SENSING
80550.0,6055.026,1158.125,3353.346,-3.779,2.705,5.974,13.48,LISTENING
80550.0,6055.026,1158.125,3353.346,-3.779,2.705,5.974,13.48,SENSING
80550.0,6055.026,1158.125,3353.346,-3.779,2.705,5.974,13.48,LISTENING
80555.8,6033.004,1173.762,3387.91,-3.82,2.697,5.951,13.48,SENSING
80555.8,6033.004,1173.762,3387.91,-3.82,2.697,5.951,13.48,LISTENING
80556.63,6029.833,1175.996,3392.845,-3.826,2.696,5.948,13.48,SENSING
80556.63,6029.833,1175.996,3392.845,-3.826,2.696,5.948,13.48,LISTENING
80560.0,6016.91,1185.057,3412.857,-3.849,2.691,5.935,13.48,SENSING
80560.0,6016.91,1185.057,3412.857,-3.849,2.691,5.935,13.48,LISTENING
80560.0,6016.91,1185.057,3412.857,-3.849,2.691,5.935,13.48,SENSING
80560.0,6016.91,1185.057,3412.857,-3.849,2.691,5.935,13.48,LISTENING
80570.0,5978.102,1211.852,3471.975,-3.918,2.677,5.895,13.48,SENSING
80570.0,5978.102,1211.852,3471.975,-3.918,2.677,5.895,13.48,LISTENING
80575.24,5957.491,1225.837,3502.793,-3.954,2.67,5.874,13.48,SENSING
80575.24,5957.491,1225.837,3502.793,-3.954,2.67,5.874,13.48,LISTENING
80576.25,5953.496,1228.529,3508.721,-3.961,2.668,5.87,13.48,SENSING
80576.25,5953.496,1228.529,3508.721,-3.961,2.668,5.87,13.48,LISTENING
80580.0,5938.605,1238.508,3530.692,-3.987,2.663,5.855,13.48,SENSING
80580.0,5938.605,1238.508,3530.692,-3.987,2.663,5.855,13.48,LISTENING
80590.0,5898.424,1265.022,3589.004,-4.055,2.649,5.814,13.48,SENSING
80590.0,5898.424,1265.022,3589.004,-4.055,2.649,5.814,13.48,LISTENING
80590.0,5898.424,1265.022,3589.004,-4.055,2.649,5.814,13.48,SENSING
80590.0,5898.424,1265.022,3589.004,-4.055,2.649,5.814,13.48,LISTENING
80591.25,5893.354,1268.326,3596.264,-4.063,2.647,5.808,13.48,SENSING
80591.25,5893.354,1268.326,3596.264,-4.063,2.647,5.808,13.48,LISTENING
80592.86,5886.808,1272.579,3605.605,-4.074,2.645,5.802,13.48,SENSING
80592.86,5886.808,1272.579,3605.605,-4.074,2.645,5.802,13.48,LISTENING
80600.0,5857.565,1291.391,3646.902,-4.123,2.634,5.772,13.48,SENSING
80600.0,5857.565,1291.391,3646.902,-4.123,2.634,5.772,13.48,LISTENING
80600.0,5857.565,1291.391,3646.902,-4.123,2.634,5.772,13.48,SENSING
80600.0,5857.565,1291.391,3646.902,-4.123,2.634,5.772,13.48,LISTENING
80604.05,5840.825,1302.028,3670.231,-4.15,2.628,5.755,13.48,SENSING
80604.05,5840.825,1302.028,3670.231,-4.15,2.628,5.755,13.48,LISTENING
80610.0,5816.032,1317.611,3704.38,-4.19,2.619,5.73,13.48,SENSING
80610.0,5816.032,1317.611,3704.38,-4.19,2.619,5.73,13.48,LISTENING
80610.0,5816.032,1317.611,3704.38,-4.19,2.619,5.73,13.48,SENSING
80610.0,5816.032,1317.611,3704.38,-4.19,2.619,5.73,13.48,LISTENING
80620.0,5773.829,1343.681,3761.432,-4.256,2.604,5.687,13.48,SENSING
80620.0,5773.829,1343.681,3761.432,-4.256,2.604,5.687,13.48,LISTENING
80632.8,5718.842,1376.824,3833.826,-4.341,2.584,5.631,13.48,SENSING
80632.8,5718.842,1376.824,3833.826,-4.341,2.584,5.631,13.48,LISTENING
80635.99,5704.97,1385.044,3851.756,-4.362,2.579,5.617,13.48,SENSING
80635.99,5704.97,1385.044,3851.756,-4.362,2.579,5.617,13.48,LISTENING
80640.0,5687.438,1395.354,3874.231,-4.388,2.572,5.599,13.48,SENSING
80640.0,5687.438,1395.354,3874.231,-4.388,2.572,5.599,13.48,LISTENING
80645.64,5662.601,1409.811,3905.72,-4.425,2.563,5.573,13.48,SENSING
80645.64,5662.601,1409.811,3905.72,-4.425,2.563,5.573,13.48,LISTENING
80650.0,5643.258,1420.952,3929.965,-4.454,2.556,5.554,13.48,SENSING
80650.0,5643.258,1420.952,3929.965,-4.454,2.556,5.554,13.48,LISTENING
80650.0,5643.258,1420.952,3929.965,-4.454,2.556,5.554,13.48,SENSING
80650.0,5643.258,1420.952,3929.965,-4.454,2.556,5.554,13.48,LISTENING
80650.0,5643.258,1420.952,3929.965,-4.454,2.556,5.554,13.48,SENSING
80650.0,5643.258,1420.952,3929.965,-4.454,2.556,5.554,13.48,MESSAGING
80650.0,5643.258,1420.952,3929.965,-4.454,2.556,5.554,13.48,SENSING
80650.0,5643.258,1420.952,3929.965,-4.454,2.556,5.554,13.48,LISTENING
80650.0,5643.258,1420.952,3929.965,-4.454,2.556,5.554,13.48,SENSING
80650.0,5643.258,1420.952,3929.965,-4.454,2.556,5.554,13.48,LISTENING
80656.16,5615.721,1436.64,3964.073,-4.493,2.546,5.526,13.48,SENSING
80656.16,5615.721,1436.64,3964.073,-4.493,2.546,5.526,13.48,LISTENING
80660.0,5598.431,1446.388,3985.248,-4.518,2.54,5.508,13.48,SENSING
80660.0,5598.431,1446.388,3985.248,-4.518,2.54,5.508,13.48,LISTENING
80660.0,5598.431,1446.388,3985.248,-4.518,2.54,5.508,13.48,SENSING
80660.0,5598.431,1446.388,3985.248,-4.518,2.54,5.508,13.48,LISTENING
80670.0,5552.959,1471.657,4040.072,-4.582,2.523,5.462,13.48,SENSING
80670.0,5552.959,1471.657,4040.072,-4.582,2.523,5.462,13.48,LISTENING
80680.75,5503.366,1498.633,4098.49,-4.651,2.505,5.412,13.48,SENSING
80680.75,5503.366,1498.633,4098.49,-4.651,2.505,5.412,13.48,LISTENING
80682.89,5493.406,1503.98,4110.054,-4.664,2.501,5.402,13.48,SENSING
80682.89,5493.406,1503.98,4110.054,-4.664,2.501,5.402,13.48,LISTENING
80690.0,5460.108,1521.687,4148.321,-4.709,2.489,5.368,13.48,SENSING
80690.0,5460.108,1521.687,4148.321,-4.709,2.489,5.368,13.48,LISTENING
80690.0,5460.108,1521.687,4148.321,-4.709,2.489,5.368,13.48,SENSING
80690.0,5460.108,1521.687,4148.321,-4.709,2.489,5.368,13.48,LISTENING
80700.0,5412.739,1546.442,4201.734,-4.771,2.471,5.32,13.48,SENSING
80700.0,5412.739,1546.442,4201.734,-4.771,2.471,5.32,13.48,LISTENING
80705.35,5387.141,1559.613,4230.111,-4.805,2.461,5.294,13.48,SENSING
80705.35,5387.141,1559.613,4230.111,-4.805,2.461,5.294,13.48,LISTENING
80708.82,5370.443,1568.129,4248.443,-4.826,2.455,5.277,13.48,SENSING
80708.82,5370.443,1568.129,4248.443,-4.826,2.455,5.277,13.48,LISTENING
80720.0,5316.142,1595.418,4307.104,-4.895,2.435,5.222,13.48,SENSING
80720.0,5316.142,1595.418,4307.104,-4.895,2.435,5.222,13.48,LISTENING
80727.69,5278.348,1614.055,4347.096,-4.941,2.421,5.184,13.48,SENSING
80727.69,5278.348,1614.055,4347.096,-4.941,2.421,5.184,13.48,LISTENING
80730.0,5266.925,1619.633,4359.051,-4.955,2.416,5.172,13.48,SENSING
80730.0,5266.925,1619.633,4359.051,-4.955,2.416,5.172,13.48,LISTENING
80730.0,5266.925,1619.633,4359.051,-4.955,2.416,5.172,13.48,SENSING
80730.0,5266.925,1619.633,4359.051,-4.955,2.416,5.172,13.48,LISTENING
80740.0,5217.104,1643.663,4410.497,-5.016,2.398,5.122,13.48,SENSING
80740.0,5217.104,1643.663,4410.497,-5.016,2.398,5.122,13.48,LISTENING
80761.21,5109.46,1694.004,4517.932,-5.141,2.357,5.013,13.48,SENSING
80761.21,5109.46,1694.004,4517.932,-5.141,2.357,5.013,13.48,LISTENING
80780.0,5011.893,1737.874,4611.162,-5.25,2.32,4.915,13.48,SENSING
80780.0,5011.893,1737.874,4611.162,-5.25,2.32,4.915,13.48,LISTENING
80804.46,4881.854,1793.928,4729.724,-5.389,2.271,4.784,13.48,SENSING
80804.46,4881.854,1793.928,4729.724,-5.389,2.271,4.784,13.48,LISTENING
80810.0,4851.933,1806.455,4756.129,-5.42,2.259,4.754,13.48,SENSING
80810.0,4851.933,1806.455,4756.129,-5.42,2.259,4.754,13.48,LISTENING
80817.36,4811.918,1822.999,4790.951,-5.461,2.244,4.713,13.48,SENSING
80817.36,4811.918,1822.999,4790.951,-5.461,2.244,4.713,13.48,LISTENING
80820.0,4797.492,1828.906,4803.369,-5.475,2.238,4.699,13.48,SENSING
80820.0,4797.492,1828.906,4803.369,-5.475,2.238,4.699,13.48,LISTENING
80820.0,4797.492,1828.906,4803.369,-5.475,2.238,4.699,13.48,SENSING
80820.0,4797.492,1828.906,4803.369,-5.475,2.238,4.699,13.48,LISTENING
80830.0,4742.503,1851.148,4850.058,-5.53,2.217,4.644,13.48,SENSING
80830.0,4742.503,1851.148,4850.058,-5.53,2.217,4.644,13.48,LISTENING
80840.0,4686.97,1873.179,4896.191,-5.584,2.196,4.588,13.48,SENSING
80840.0,4686.97,1873.179,4896.191,-5.584,2.196,4.588,13.48,LISTENING
80850.0,4630.901,1894.996,4941.764,-5.637,2.175,4.531,13.48,SENSING
80850.0,4630.901,1894.996,4941.764,-5.637,2.175,4.531,13.48,LISTENING
80857.72,4587.253,1911.69,4976.559,-5.678,2.158,4.488,13.48,SENSING
80857.72,4587.253,1911.69,4976.559,-5.678,2.158,4.488,13.48,LISTENING
80870.0,4517.18,1937.978,5031.207,-5.742,2.131,4.417,13.48,SENSING
80870.0,4517.18,1937.978,5031.207,-5.742,2.131,4.417,13.48,LISTENING
80878.9,4465.907,1956.822,5070.271,-5.788,2.111,4.366,13.48,SENSING
80878.9,4465.907,1956.822,5070.271,-5.788,2.111,4.366,13.48,MANEUVERING
80878.9,4465.907,1956.822,5070.271,-5.788,2.111,4.366,13.48,LISTENING
80880.0,4459.541,1959.138,5075.068,-5.794,2.108,4.359,14.58,MANEUVERING
80880.0,4459.541,1959.138,5075.068,-5.794,2.108,4.359,14.58,SENSING
80880.0,4459.541,1959.138,5075.068,-5.794,2.108,4.359,14.58,MANEUVERING
80880.0,4459.541,1959.138,5075.068,-5.794,2.108,4.359,14.58,LISTENING
80885.72,4426.342,1971.142,5099.895,-5.823,2.096,4.326,20.3,MANEUVERING
80885.72,4426.342,1971.142,5099.895,-5.823,2.096,4.326,20.3,SENSING
80885.72,4426.342,1971.142,5099.895,-5.823,2.096,4.326,20.3,MANEUVERING
80885.72,4426.342,1971.142,5099.895,-5.823,2.096,4.326,20.3,LISTENING
80890.0,4401.393,1980.075,5118.348,-5.844,2.086,4.301,24.58,MANEUVERING
80890.0,4401.393,1980.075,5118.348,-5.844,2.086,4.301,24.58,SENSING
80890.0,4401.393,1980.075,5118.348,-5.844,2.086,4.301,24.58,MEASURING
80890.0,4401.393,1980.075,5118.348,-5.844,2.086,4.301,24.58,SENSING
80890.0,4401.393,1980.075,5118.348,-5.844,2.086,4.301,24.58,LISTENING
80897.11,4359.742,1994.824,5148.764,-5.88,2.07,4.259,24.58,SENSING
80897.11,4359.742,1994.824,5148.764,-5.88,2.07,4.259,24.58,MANEUVERING
80897.11,4359.742,1994.824,5148.764,-5.88,2.07,4.259,24.58,LISTENING
80900.0,4342.74,2000.787,5161.043,-5.894,2.063,4.242,27.47,MANEUVERING
80900.0,4342.74,2000.787,5161.043,-5.894,2.063,4.242,27.47,SENSING
80900.0,4342.74,2000.787,5161.043,-5.894,2.063,4.242,27.47,MEASURING
80900.0,4342.74,2000.787,5161.043,-5.894,2.063,4.242,27.47,SENSING
80900.0,4342.74,2000.787,5161.043,-5.894,2.063,4.242,27.47,LISTENING
80905.22,4311.927,2011.507,5183.095,-5.92,2.051,4.211,27.47,SENSING
80905.22,4311.927,2011.507,5183.095,-5.92,2.051,4.211,27.47,MANEUVERING
80905.22,4311.927,2011.507,5183.095,-5.92,2.051,4.211,27.47,LISTENING
80910.0,4283.592,2021.27,5203.147,-5.944,2.04,4.183,22.69,MANEUVERING
80910.0,4283.592,2021.27,5203.147,-5.944,2.04,4.183,22.69,SENSING
80910.0,4283.592,2021.27,5203.147,-5.944,2.04,4.183,22.69,MEASURING
80910.0,4283.592,2021.27,5203.147,-5.944,2.04,4.183,22.69,SENSING
80910.0,4283.592,2021.27,5203.147,-5.944,2.04,4.183,22.69,LISTENING
80968.74,3926.504,2136.863,5438.313,-6.219,1.901,3.826,22.69,SENSING
80968.74,3926.504,2136.863,5438.313,-6.219,1.901,3.826,22.69,LISTENING
80990.0,3793.376,2176.655,5518.195,-6.313,1.849,3.693,22.69,SENSING
80990.0,3793.376,2176.655,5518.195,-6.313,1.849,3.693,22.69,LISTENING
81214.3,2283.801,2524.819,6180.918,-7.092,1.247,2.193,22.69,SENSING
81214.3,2283.801,2524.819,6180.918,-7.092,1.247,2.193,22.69,LISTENING
81240.0,2100.837,2555.865,6234.93,-7.156,1.173,2.012,22.69,SENSING
81240.0,2100.837,2555.865,6234.93,-7.156,1.173,2.012,22.69,LISTENING
81250.83,2023.257,2568.378,6256.297,-7.181,1.141,1.936,22.69,SENSING
81250.83,2023.257,2568.378,6256.297,-7.181,1.141,1.936,22.69,LISTENING
81280.0,1812.995,2600.386,6309.707,-7.244,1.056,1.728,22.69,SENSING
81280.0,1812.995,2600.386,6309.707,-7.244,1.056,1.728,22.69,LISTENING
81310.0,1594.933,2630.701,6358.304,-7.302,0.968,1.513,22.69,SENSING
81310.0,1594.933,2630.701,6358.304,-7.302,0.968,1.513,22.69,LISTENING
81357.67,1245.19,2673.373,6422.211,-7.379,0.825,1.169,22.69,SENSING
81357.67,1245.19,2673.373,6422.211,-7.379,0.825,1.169,22.69,LISTENING
81400.0,931.923,2705.54,6465.163,-7.431,0.697,0.861,22.69,SENSING
81400.0,931.923,2705.54,6465.163,-7.431,0.697,0.861,22.69,LISTENING
81487.53,278.907,2754.725,6512.541,-7.49,0.428,0.221,22.69,SENSING
81487.53,278.907,2754.725,6512.541,-7.49,0.428,0.221,22.69,MANEUVERING
81487.53,278.907,2754.725,6512.541,-7.49,0.428,0.221,22.69,LISTENING
81526.86,-15.632,2769.145,6515.585,-7.496,0.306,-0.066,-16.64,MANEUVERING
81526.86,-15.632,2769.145,6515.585,-7.496,0.306,-0.066,-16.64,SENSING
81526.86,-15.632,2769.145,6515.585,-7.496,0.306,-0.066,-16.64,MANEUVERING
81526.86,-15.632,2769.145,6515.585,-7.496,0.306,-0.066,-16.64,LISTENING
81540.0,-114.056,2772.894,6514.08,-7.495,0.265,-0.163,-29.78,MANEUVERING
81540.0,-114.056,2772.894,6514.08,-7.495,0.265,-0.163,-29.78,SENSING
81540.0,-114.056,2772.894,6514.08,-7.495,0.265,-0.163,-29.78,MEASURING
81540.0,-114.056,2772.894,6514.08,-7.495,0.265,-0.163,-29.78,SENSING
81540.0,-114.056,2772.894,6514.08,-7.495,0.265,-0.163,-29.78,LISTENING
81550.0,-188.946,2775.389,6512.09,-7.493,0.234,-0.236,-29.78,SENSING
81550.0,-188.946,2775.389,6512.09,-7.493,0.234,-0.236,-29.78,MEASURING
81550.0,-188.946,2775.389,6512.09,-7.493,0.234,-0.236,-29.78,SENSING
81550.0,-188.946,2775.389,6512.09,-7.493,0.234,-0.236,-29.78,LISTENING
81560.0,-263.814,2777.574,6509.37,-7.491,0.203,-0.309,-29.78,SENSING
81560.0,-263.814,2777.574,6509.37,-7.491,0.203,-0.309,-29.78,MEASURING
81560.0,-263.814,2777.574,6509.37,-7.491,0.203,-0.309,-29.78,SENSING
81560.0,-263.814,2777.574,6509.37,-7.491,0.203,-0.309,-29.78,LISTENING
81561.43,-274.518,2777.861,6508.921,-7.49,0.198,-0.319,-29.78,SENSING
81561.43,-274.518,2777.861,6508.921,-7.49,0.198,-0.319,-29.78,LISTENING
81567.03,-316.43,2778.924,6507.021,-7.489,0.181,-0.36,-29.78,SENSING
81567.03,-316.43,2778.924,6507.021,-7.489,0.181,-0.36,-29.78,MANEUVERING
81567.03,-316.43,2778.924,6507.021,-7.489,0.181,-0.36,-29.78,LISTENING
81570.0,-338.653,2779.448,6505.92,-7.488,0.172,-0.382,-26.81,MANEUVERING
81570.0,-338.653,2779.448,6505.92,-7.488,0.172,-0.382,-26.81,SENSING
81570.0,-338.653,2779.448,6505.92,-7.488,0.172,-0.382,-26.81,MEASURING
81570.0,-338.653,2779.448,6505.92,-7.488,0.172,-0.382,-26.81,SENSING
81570.0,-338.653,2779.448,6505.92,-7.488,0.172,-0.382,-26.81,LISTENING
81575.68,-381.146,2780.374,6503.635,-7.485,0.154,-0.423,-26.81,SENSING
81575.68,-381.146,2780.374,6503.635,-7.485,0.154,-0.423,-26.81,MANEUVERING
81575.68,-381.146,2780.374,6503.635,-7.485,0.154,-0.423,-26.81,LISTENING
81580.0,-413.454,2781.011,6501.741,-7.483,0.141,-0.455,-31.13,MANEUVERING
81580.0,-413.454,2781.011,6501.741,-7.483,0.141,-0.455,-31.13,SENSING
81580.0,-413.454,2781.011,6501.741,-7.483,0.141,-0.455,-31.13,MEASURING
81580.0,-413.454,2781.011,6501.741,-7.483,0.141,-0.455,-31.13,SENSING
81580.0,-413.454,2781.011,6501.741,-7.483,0.141,-0.455,-31.13,LISTENING
81586.76,-463.994,2781.892,6498.503,-7.48,0.12,-0.504,-31.13,SENSING
81586.76,-463.994,2781.892,6498.503,-7.48,0.12,-0.504,-31.13,LISTENING
81590.0,-488.209,2782.264,6496.833,-7.478,0.11,-0.527,-31.13,SENSING
81590.0,-488.209,2782.264,6496.833,-7.478,0.11,-0.527,-31.13,LISTENING
81593.38,-513.464,2782.617,6495.01,-7.476,0.099,-0.552,-31.13,SENSING
81593.38,-513.464,2782.617,6495.01,-7.476,0.099,-0.552,-31.13,MANEUVERING
81593.38,-513.464,2782.617,6495.01,-7.476,0.099,-0.552,-31.13,LISTENING
81619.94,-711.665,2784.156,6477.793,-7.458,0.016,-0.745,-4.57,MANEUVERING
81619.94,-711.665,2784.156,6477.793,-7.458,0.016,-0.745,-4.57,SENSING
81619.94,-711.665,2784.156,6477.793,-7.458,0.016,-0.745,-4.57,MANEUVERING
81619.94,-711.665,2784.156,6477.793,-7.458,0.016,-0.745,-4.57,LISTENING
81630.0,-786.598,2784.166,6469.936,-7.45,-0.015,-0.818,5.49,MANEUVERING
81630.0,-786.598,2784.166,6469.936,-7.45,-0.015,-0.818,5.49,SENSING
81630.0,-786.598,2784.166,6469.936,-7.45,-0.015,-0.818,5.49,MEASURING
81630.0,-786.598,2784.166,6469.936,-7.45,-0.015,-0.818,5.49,SENSING
81630.0,-786.598,2784.166,6469.936,-7.45,-0.015,-0.818,5.49,LISTENING
81636.23,-832.959,2784.015,6464.703,-7.444,-0.034,-0.863,5.49,SENSING
81636.23,-832.959,2784.015,6464.703,-7.444,-0.034,-0.863,5.49,LISTENING
81637.5,-842.405,2783.969,6463.602,-7.443,-0.038,-0.872,5.49,SENSING
81637.5,-842.405,2783.969,6463.602,-7.443,-0.038,-0.872,5.49,MANEUVERING
81637.5,-842.405,2783.969,6463.602,-7.443,-0.038,-0.872,5.49,LISTENING
81640.0,-860.996,2783.865,6461.4,-7.44,-0.046,-0.89,7.99,MANEUVERING
81640.0,-860.996,2783.865,6461.4,-7.44,-0.046,-0.89,7.99,SENSING
81640.0,-860.996,2783.865,6461.4,-7.44,-0.046,-0.89,7.99,MEASURING
81640.0,-860.996,2783.865,6461.4,-7.44,-0.046,-0.89,7.99,SENSING
81640.0,-860.996,2783.865,6461.4,-7.44,-0.046,-0.89,7.99,LISTENING
81650.0,-935.298,2783.253,6452.142,-7.43,-0.077,-0.962,7.99,SENSING
81650.0,-935.298,2783.253,6452.142,-7.43,-0.077,-0.962,7.99,MEASURING
81650.0,-935.298,2783.253,6452.142,-7.43,-0.077,-0.962,7.99,SENSING
81650.0,-935.298,2783.253,6452.142,-7.43,-0.077,-0.962,7.99,LISTENING
81660.0,-1009.495,2782.332,6442.162,-7.42,-0.108,-1.035,7.99,SENSING
81660.0,-1009.495,2782.332,6442.162,-7.42,-0.108,-1.035,7.99,LISTENING
81660.0,-1009.495,2782.332,6442.162,-7.42,-0.108,-1.035,7.99,SENSING
81660.0,-1009.495,2782.332,6442.162,-7.42,-0.108,-1.035,7.99,LISTENING
81664.64,-1043.885,2781.799,6437.287,-7.414,-0.123,-1.068,7.99,SENSING
81664.64,-1043.885,2781.799,6437.287,-7.414,-0.123,-1.068,7.99,MANEUVERING
81664.64,-1043.885,2781.799,6437.287,-7.414,-0.123,-1.068,7.99,LISTENING
81670.0,-1083.579,2781.1,6431.462,-7.408,-0.139,-1.106,13.35,MANEUVERING
81670.0,-1083.579,2781.1,6431.462,-7.408,-0.139,-1.106,13.35,SENSING
81670.0,-1083.579,2781.1,6431.462,-7.408,-0.139,-1.106,13.35,MEASURING
81670.0,-1083.579,2781.1,6431.462,-7.408,-0.139,-1.106,13.35,SENSING
81670.0,-1083.579,2781.1,6431.462,-7.408,-0.139,-1.106,13.35,LISTENING
81675.7,-1125.754,2780.259,6425.042,-7.401,-0.157,-1.147,13.35,SENSING
81675.7,-1125.754,2780.259,6425.042,-7.401,-0.157,-1.147,13.35,MANEUVERING
81675.7,-1125.754,2780.259,6425.042,-7.401,-0.157,-1.147,13.35,LISTENING
81680.0,-1157.543,2779.558,6420.044,-7.395,-0.17,-1.178,9.05,MANEUVERING
81680.0,-1157.543,2779.558,6420.044,-7.395,-0.17,-1.178,9.05,SENSING
81680.0,-1157.543,2779.558,6420.044,-7.395,-0.17,-1.178,9.05,MEASURING
81680.0,-1157.543,2779.558,6420.044,-7.395,-0.17,-1.178,9.05,SENSING
81680.0,-1157.543,2779.558,6420.044,-7.395,-0.17,-1.178,9.05,LISTENING
81690.0,-1231.377,2777.707,6407.909,-7.382,-0.201,-1.25,9.05,SENSING
81690.0,-1231.377,2777.707,6407.909,-7.382,-0.201,-1.25,9.05,MEASURING
81690.0,-1231.377,2777.707,6407.909,-7.382,-0.201,-1.25,9.05,SENSING
81690.0,-1231.377,2777.707,6407.909,-7.382,-0.201,-1.25,9.05,LISTENING
81703.6,-1331.569,2774.692,6390.258,-7.363,-0.244,-1.347,9.05,SENSING
81703.6,-1331.569,2774.692,6390.258,-7.363,-0.244,-1.347,9.05,MANEUVERING
81703.6,-1331.569,2774.692,6390.258,-7.363,-0.244,-1.347,9.05,LISTENING
81713.7,-1405.8,2772.084,6376.295,-7.347,-0.275,-1.419,-1.05,MANEUVERING
81713.7,-1405.8,2772.084,6376.295,-7.347,-0.275,-1.419,-1.05,SENSING
81713.7,-1405.8,2772.084,6376.295,-7.347,-0.275,-1.419,-1.05,MANEUVERING
81713.7,-1405.8,2772.084,6376.295,-7.347,-0.275,-1.419,-1.05,LISTENING
81720.0,-1452.022,2770.298,6367.218,-7.337,-0.294,-1.464,-7.35,MANEUVERING
81720.0,-1452.022,2770.298,6367.218,-7.337,-0.294,-1.464,-7.35,SENSING
81720.0,-1452.022,2770.298,6367.218,-7.337,-0.294,-1.464,-7.35,MEASURING
81720.0,-1452.022,2770.298,6367.218,-7.337,-0.294,-1.464,-7.35,SENSING
81720.0,-1452.022,2770.298,6367.218,-7.337,-0.294,-1.464,-7.35,LISTENING
81734.64,-1559.181,2765.675,6345.038,-7.312,-0.339,-1.568,-7.35,SENSING
81734.64,-1559.181,2765.675,6345.038,-7.312,-0.339,-1.568,-7.35,LISTENING
81740.0,-1598.322,2763.817,6336.537,-7.303,-0.356,-1.606,-7.35,SENSING
81740.0,-1598.322,2763.817,6336.537,-7.303,-0.356,-1.606,-7.35,LISTENING
81746.97,-1649.144,2761.27,6325.18,-7.29,-0.377,-1.655,-7.35,SENSING
81746.97,-1649.144,2761.27,6325.18,-7.29,-0.377,-1.655,-7.35,MANEUVERING
81746.97,-1649.144,2761.27,6325.18,-7.29,-0.377,-1.655,-7.35,LISTENING
81750.0,-1671.209,2760.116,6320.136,-7.285,-0.387,-1.676,-4.32,MANEUVERING
81750.0,-1671.209,2760.116,6320.136,-7.285,-0.387,-1.676,-4.32,SENSING
81750.0,-1671.209,2760.116,6320.136,-7.285,-0.387,-1.676,-4.32,MEASURING
81750.0,-1671.209,2760.116,6320.136,-7.285,-0.387,-1.676,-4.32,SENSING
81750.0,-1671.209,2760.116,6320.136,-7.285,-0.387,-1.676,-4.32,LISTENING
81757.01,-1722.193,2757.338,6308.219,-7.272,-0.408,-1.726,-4.32,SENSING
81757.01,-1722.193,2757.338,6308.219,-7.272,-0.408,-1.726,-4.32,MANEUVERING
81757.01,-1722.193,2757.338,6308.219,-7.272,-0.408,-1.726,-4.32,LISTENING
81770.0,-1816.417,2751.793,6285.224,-7.246,-0.448,-1.817,-17.31,MANEUVERING
81770.0,-1816.417,2751.793,6285.224,-7.246,-0.448,-1.817,-17.31,SENSING
81770.0,-1816.417,2751.793,6285.224,-7.246,-0.448,-1.817,-17.31,MEASURING
81770.0,-1816.417,2751.793,6285.224,-7.246,-0.448,-1.817,-17.31,SENSING
81770.0,-1816.417,2751.793,6285.224,-7.246,-0.448,-1.817,-17.31,LISTENING
81782.57,-1907.27,2745.936,6261.847,-7.22,-0.486,-1.905,-17.31,SENSING
81782.57,-1907.27,2745.936,6261.847,-7.22,-0.486,-1.905,-17.31,LISTENING
81800.0,-2032.692,2737.018,6227.611,-7.182,-0.54,-2.026,-17.31,SENSING
81800.0,-2032.692,2737.018,6227.611,-7.182,-0.54,-2.026,-17.31,LISTENING
81805.33,-2070.91,2734.106,6216.721,-7.169,-0.556,-2.063,-17.31,SENSING
81805.33,-2070.91,2734.106,6216.721,-7.169,-0.556,-2.063,-17.31,MANEUVERING
81805.33,-2070.91,2734.106,6216.721,-7.169,-0.556,-2.063,-17.31,LISTENING
81806.62,-2080.15,2733.389,6214.056,-7.166,-0.56,-2.072,-18.6,MANEUVERING
81806.62,-2080.15,2733.389,6214.056,-7.166,-0.56,-2.072,-18.6,SENSING
81806.62,-2080.15,2733.389,6214.056,-7.166,-0.56,-2.072,-18.6,MANEUVERING
81806.62,-2080.15,2733.389,6214.056,-7.166,-0.56,-2.072,-18.6,LISTENING
81810.0,-2104.342,2731.485,6207.018,-7.159,-0.57,-2.095,-21.98,MANEUVERING
81810.0,-2104.342,2731.485,6207.018,-7.159,-0.57,-2.095,-21.98,SENSING
81810.0,-2104.342,2731.485,6207.018,-7.159,-0.57,-2.095,-21.98,MEASURING
81810.0,-2104.342,2731.485,6207.018,-7.159,-0.57,-2.095,-21.98,SENSING
81810.0,-2104.342,2731.485,6207.018,-7.159,-0.57,-2.095,-21.98,LISTENING
81816.86,-2153.359,2727.513,6192.491,-7.142,-0.591,-2.142,-21.98,SENSING
81816.86,-2153.359,2727.513,6192.491,-7.142,-0.591,-2.142,-21.98,LISTENING
81820.0,-2175.758,2725.648,6185.734,-7.135,-0.6,-2.164,-21.98,SENSING
81820.0,-2175.758,2725.648,6185.734,-7.135,-0.6,-2.164,-21.98,LISTENING
81826.63,-2222.974,2721.612,6171.243,-7.119,-0.62,-2.21,-21.98,SENSING
81826.63,-2222.974,2721.612,6171.243,-7.119,-0.62,-2.21,-21.98,LISTENING
81830.0,-2246.932,2719.509,6163.762,-7.11,-0.631,-2.233,-21.98,SENSING
81830.0,-2246.932,2719.509,6163.762,-7.11,-0.631,-2.233,-21.98,LISTENING
81830.1,-2247.643,2719.447,6163.539,-7.11,-0.631,-2.233,-21.98,SENSING
81830.1,-2247.643,2719.447,6163.539,-7.11,-0.631,-2.233,-21.98,MANEUVERING
81830.1,-2247.643,2719.447,6163.539,-7.11,-0.631,-2.233,-21.98,LISTENING
81840.0,-2317.856,2713.069,6141.106,-7.085,-0.661,-2.301,-31.88,MANEUVERING
81840.0,-2317.856,2713.069,6141.106,-7.085,-0.661,-2.301,-31.88,SENSING
81840.0,-2317.856,2713.069,6141.106,-7.085,-0.661,-2.301,-31.88,MEASURING
81840.0,-2317.856,2713.069,6141.106,-7.085,-0.661,-2.301,-31.88,SENSING
81840.0,-2317.856,2713.069,6141.106,-7.085,-0.661,-2.301,-31.88,LISTENING
81860.0,-2458.925,2699.287,6093.747,-7.032,-0.721,-2.437,-31.88,SENSING
81860.0,-2458.925,2699.287,6093.747,-7.032,-0.721,-2.437,-31.88,LISTENING
81863.79,-2485.536,2696.54,6084.467,-7.021,-0.732,-2.463,-31.88,SENSING
81863.79,-2485.536,2696.54,6084.467,-7.021,-0.732,-2.463,-31.88,MANEUVERING
81863.79,-2485.536,2696.54,6084.467,-7.021,-0.732,-2.463,-31.88,LISTENING
81870.0,-2529.053,2691.947,6069.052,-7.004,-0.751,-2.505,-25.67,MANEUVERING
81870.0,-2529.053,2691.947,6069.052,-7.004,-0.751,-2.505,-25.67,SENSING
81870.0,-2529.053,2691.947,6069.052,-7.004,-0.751,-2.505,-25.67,MEASURING
81870.0,-2529.053,2691.947,6069.052,-7.004,-0.751,-2.505,-25.67,SENSING
81870.0,-2529.053,2691.947,6069.052,-7.004,-0.751,-2.505,-25.67,LISTENING
81886.35,-2643.105,2679.305,6027.224,-6.957,-0.799,-2.614,-25.67,SENSING
81886.35,-2643.105,2679.305,6027.224,-6.957,-0.799,-2.614,-25.67,LISTENING
81893.24,-2690.935,2673.739,6009.061,-6.937,-0.82,-2.66,-25.67,SENSING
81893.24,-2690.935,2673.739,6009.061,-6.937,-0.82,-2.66,-25.67,MANEUVERING
81893.24,-2690.935,2673.739,6009.061,-6.937,-0.82,-2.66,-25.67,LISTENING
81900.0,-2737.724,2668.142,5990.933,-6.916,-0.84,-2.706,-18.91,MANEUVERING
81900.0,-2737.724,2668.142,5990.933,-6.916,-0.84,-2.706,-18.91,SENSING
81900.0,-2737.724,2668.142,5990.933,-6.916,-0.84,-2.706,-18.91,MANEUVERING
81900.0,-2737.724,2668.142,5990.933,-6.916,-0.84,-2.706,-18.91,LISTENING
81916.29,-2849.9,2654.101,5946.004,-6.866,-0.888,-2.813,-2.62,MANEUVERING
81916.29,-2849.9,2654.101,5946.004,-6.866,-0.888,-2.813,-2.62,SENSING
81916.29,-2849.9,2654.101,5946.004,-6.866,-0.888,-2.813,-2.62,MANEUVERING
81916.29,-2849.9,2654.101,5946.004,-6.866,-0.888,-2.813,-2.62,LISTENING
81920.0,-2875.332,2650.795,5935.526,-6.854,-0.899,-2.838,1.09,MANEUVERING
81920.0,-2875.332,2650.795,5935.526,-6.854,-0.899,-2.838,1.09,SENSING
81920.0,-2875.332,2650.795,5935.526,-6.854,-0.899,-2.838,1.09,MANEUVERING
81920.0,-2875.332,2650.795,5935.526,-6.854,-0.899,-2.838,1.09,LISTENING
81920.0,-2875.332,2650.795,5935.526,-6.854,-0.899,-2.838,1.09,MANEUVERING
81920.0,-2875.332,2650.795,5935.526,-6.854,-0.899,-2.838,1.09,SENSING
81920.0,-2875.332,2650.795,5935.526,-6.854,-0.899,-2.838,1.09,MANEUVERING
81920.0,-2875.332,2650.795,5935.526,-6.854,-0.899,-2.838,1.09,LISTENING
81930.0,-2943.662,2641.68,5906.834,-6.822,-0.928,-2.904,11.09,MANEUVERING
81930.0,-2943.662,2641.68,5906.834,-6.822,-0.928,-2.904,11.09,SENSING
81930.0,-2943.662,2641.68,5906.834,-6.822,-0.928,-2.904,11.09,MANEUVERING
81930.0,-2943.662,2641.68,5906.834,-6.822,-0.928,-2.904,11.09,LISTENING
81937.03,-2991.503,2635.098,5886.271,-6.799,-0.949,-2.95,18.12,MANEUVERING
81937.03,-2991.503,2635.098,5886.271,-6.799,-0.949,-2.95,18.12,SENSING
81937.03,-2991.503,2635.098,5886.271,-6.799,-0.949,-2.95,18.12,MANEUVERING
81937.03,-2991.503,2635.098,5886.271,-6.799,-0.949,-2.95,18.12,LISTENING
81940.0,-3011.666,2632.274,5877.487,-6.789,-0.957,-2.969,21.09,MANEUVERING
81940.0,-3011.666,2632.274,5877.487,-6.789,-0.957,-2.969,21.09,SENSING
81940.0,-3011.666,2632.274,5877.487,-6.789,-0.957,-2.969,21.09,MEASURING
81940.0,-3011.666,2632.274,5877.487,-6.789,-0.957,-2.969,21.09,SENSING
81940.0,-3011.666,2632.274,5877.487,-6.789,-0.957,-2.969,21.09,LISTENING
81950.0,-3079.336,2622.577,5847.488,-6.755,-0.986,-3.034,21.09,SENSING
81950.0,-3079.336,2622.577,5847.488,-6.755,-0.986,-3.034,21.09,MEASURING
81950.0,-3079.336,2622.577,5847.488,-6.755,-0.986,-3.034,21.09,SENSING
81950.0,-3079.336,2622.577,5847.488,-6.755,-0.986,-3.034,21.09,LISTENING
81955.94,-3119.371,2616.68,5829.362,-6.735,-1.004,-3.072,21.09,SENSING
81955.94,-3119.371,2616.68,5829.362,-6.735,-1.004,-3.072,21.09,LISTENING
81960.0,-3146.665,2612.59,5816.842,-6.72,-1.015,-3.098,21.09,SENSING
81960.0,-3146.665,2612.59,5816.842,-6.72,-1.015,-3.098,21.09,MEASURING
81960.0,-3146.665,2612.59,5816.842,-6.72,-1.015,-3.098,21.09,SENSING
81960.0,-3146.665,2612.59,5816.842,-6.72,-1.015,-3.098,21.09,LISTENING
81970.0,-3213.646,2602.314,5785.552,-6.685,-1.044,-3.163,21.09,SENSING
81970.0,-3213.646,2602.314,5785.552,-6.685,-1.044,-3.163,21.09,MEASURING
81970.0,-3213.646,2602.314,5785.552,-6.685,-1.044,-3.163,21.09,SENSING
81970.0,-3213.646,2602.314,5785.552,-6.685,-1.044,-3.163,21.09,LISTENING
81982.11,-3294.282,2589.486,5746.802,-6.642,-1.079,-3.24,21.09,SENSING
81982.11,-3294.282,2589.486,5746.802,-6.642,-1.079,-3.24,21.09,MANEUVERING
81982.11,-3294.282,2589.486,5746.802,-6.642,-1.079,-3.24,21.09,LISTENING
81990.0,-3346.532,2580.902,5721.053,-6.613,-1.102,-3.29,13.2,MANEUVERING
81990.0,-3346.532,2580.902,5721.053,-6.613,-1.102,-3.29,13.2,SENSING
81990.0,-3346.532,2580.902,5721.053,-6.613,-1.102,-3.29,13.2,MEASURING
81990.0,-3346.532,2580.902,5721.053,-6.613,-1.102,-3.29,13.2,SENSING
81990.0,-3346.532,2580.902,5721.053,-6.613,-1.102,-3.29,13.2,LISTENING
81995.21,-3380.909,2575.137,5703.834,-6.593,-1.116,-3.323,13.2,SENSING
81995.21,-3380.909,2575.137,5703.834,-6.593,-1.116,-3.323,13.2,LISTENING
82000.0,-3412.424,2569.768,5687.852,-6.575,-1.13,-3.353,13.2,SENSING
82000.0,-3412.424,2569.768,5687.852,-6.575,-1.13,-3.353,13.2,LISTENING
82001.41,-3421.685,2568.176,5683.12,-6.57,-1.134,-3.362,13.2,SENSING
82001.41,-3421.685,2568.176,5683.12,-6.57,-1.134,-3.362,13.2,MANEUVERING
82001.41,-3421.685,2568.176,5683.12,-6.57,-1.134,-3.362,13.2,LISTENING
82010.0,-3477.939,2558.351,5654.022,-6.537,-1.158,-3.416,21.79,MANEUVERING
82010.0,-3477.939,2558.351,5654.022,-6.537,-1.158,-3.416,21.79,SENSING
82010.0,-3477.939,2558.351,5654.022,-6.537,-1.158,-3.416,21.79,MEASURING
82010.0,-3477.939,2558.351,5654.022,-6.537,-1.158,-3.416,21.79,SENSING
82010.0,-3477.939,2558.351,5654.022,-6.537,-1.158,-3.416,21.79,LISTENING
82011.74,-3489.299,2556.335,5648.071,-6.53,-1.163,-3.427,21.79,SENSING
82011.74,-3489.299,2556.335,5648.071,-6.53,-1.163,-3.427,21.79,LISTENING
82020.0,-3543.069,2546.651,5619.566,-6.498,-1.187,-3.478,21.79,SENSING
82020.0,-3543.069,2546.651,5619.566,-6.498,-1.187,-3.478,21.79,LISTENING
82020.0,-3543.069,2546.651,5619.566,-6.498,-1.187,-3.478,21.79,SENSING
82020.0,-3543.069,2546.651,5619.566,-6.498,-1.187,-3.478,21.79,LISTENING
82026.12,-3582.735,2539.352,5598.173,-6.474,-1.204,-3.516,21.79,SENSING
82026.12,-3582.735,2539.352,5598.173,-6.474,-1.204,-3.516,21.79,MANEUVERING
82026.12,-3582.735,2539.352,5598.173,-6.474,-1.204,-3.516,21.79,LISTENING
82026.26,-3583.641,2539.184,5597.681,-6.474,-1.204,-3.517,21.65,MANEUVERING
82026.26,-3583.641,2539.184,5597.681,-6.474,-1.204,-3.517,21.65,SENSING
82026.26,-3583.641,2539.184,5597.681,-6.474,-1.204,-3.517,21.65,MANEUVERING
82026.26,-3583.641,2539.184,5597.681,-6.474,-1.204,-3.517,21.65,LISTENING
82030.0,-3607.807,2534.67,5584.49,-6.459,-1.215,-3.54,17.91,MANEUVERING
82030.0,-3607.807,2534.67,5584.49,-6.459,-1.215,-3.54,17.91,SENSING
82030.0,-3607.807,2534.67,5584.49,-6.459,-1.215,-3.54,17.91,MEASURING
82030.0,-3607.807,2534.67,5584.49,-6.459,-1.215,-3.54,17.91,SENSING
82030.0,-3607.807,2534.67,5584.49,-6.459,-1.215,-3.54,17.91,LISTENING
82040.0,-3672.146,2522.41,5548.796,-6.418,-1.243,-3.602,17.91,SENSING
82040.0,-3672.146,2522.41,5548.796,-6.418,-1.243,-3.602,17.91,MEASURING
82040.0,-3672.146,2522.41,5548.796,-6.418,-1.243,-3.602,17.91,SENSING
82040.0,-3672.146,2522.41,5548.796,-6.418,-1.243,-3.602,17.91,LISTENING
82045.19,-3705.379,2515.938,5530.028,-6.397,-1.257,-3.634,17.91,SENSING
82045.19,-3705.379,2515.938,5530.028,-6.397,-1.257,-3.634,17.91,LISTENING
82049.94,-3735.698,2509.948,5512.708,-6.378,-1.27,-3.663,17.91,SENSING
82049.94,-3735.698,2509.948,5512.708,-6.378,-1.27,-3.663,17.91,MANEUVERING
82049.94,-3735.698,2509.948,5512.708,-6.378,-1.27,-3.663,17.91,LISTENING
82050.0,-3736.08,2509.872,5512.488,-6.378,-1.27,-3.663,17.97,MANEUVERING
82050.0,-3736.08,2509.872,5512.488,-6.378,-1.27,-3.663,17.97,SENSING
82050.0,-3736.08,2509.872,5512.488,-6.378,-1.27,-3.663,17.97,MANEUVERING
82050.0,-3736.08,2509.872,5512.488,-6.378,-1.27,-3.663,17.97,LISTENING
82060.0,-3799.602,2497.057,5475.572,-6.336,-1.298,-3.724,27.97,MANEUVERING
82060.0,-3799.602,2497.057,5475.572,-6.336,-1.298,-3.724,27.97,SENSING
82060.0,-3799.602,2497.057,5475.572,-6.336,-1.298,-3.724,27.97,MEASURING
82060.0,-3799.602,2497.057,5475.572,-6.336,-1.298,-3.724,27.97,SENSING
82060.0,-3799.602,2497.057,5475.572,-6.336,-1.298,-3.724,27.97,LISTENING
82076.18,-3901.487,2475.741,5414.562,-6.267,-1.342,-3.821,27.97,SENSING
82076.18,-3901.487,2475.741,5414.562,-6.267,-1.342,-3.821,27.97,LISTENING
82080.0,-3925.379,2470.604,5399.929,-6.251,-1.353,-3.844,27.97,SENSING
82080.0,-3925.379,2470.604,5399.929,-6.251,-1.353,-3.844,27.97,MEASURING
82080.0,-3925.379,2470.604,5399.929,-6.251,-1.353,-3.844,27.97,SENSING
82080.0,-3925.379,2470.604,5399.929,-6.251,-1.353,-3.844,27.97,MESSAGING
82080.0,-3925.379,2470.604,5399.929,-6.251,-1.353,-3.844,27.97,MESSAGING
82080.0,-3925.379,2470.604,5399.929,-6.251,-1.353,-3.844,27.97,SENSING
82080.0,-3925.379,2470.604,5399.929,-6.251,-1.353,-3.844,27.97,LISTENING
82080.0,-3925.379,2470.604,5399.929,-6.251,-1.353,-3.844,27.97,SENSING
82080.0,-3925.379,2470.604,5399.929,-6.251,-1.353,-3.844,27.97,LISTENING
82080.0,-3925.379,2470.604,5399.929,-6.251,-1.353,-3.844,27.97,SENSING
82080.0,-3925.379,2470.604,5399.929,-6.251,-1.353,-3.844,27.97,LISTENING
82080.0,-3925.379,2470.604,5399.929,-6.251,-1.353,-3.844,27.97,SENSING
82080.0,-3925.379,2470.604,5399.929,-6.251,-1.353,-3.844,27.97,LISTENING
82080.0,-3925.379,2470.604,5399.929,-6.251,-1.353,-3.844,27.97,SENSING
82080.0,-3925.379,2470.604,5399.929,-6.251,-1.353,-3.844,27.97,LISTENING
82080.0,-3925.379,2470.604,5399.929,-6.251,-1.353,-3.844,27.97,SENSING
82080.0,-3925.379,2470.604,5399.929,-6.251,-1.353,-3.844,27.97,LISTENING
82093.18,-4007.322,2452.576,5348.775,-6.193,-1.389,-3.922,27.97,SENSING
82093.18,-4007.322,2452.576,5348.775,-6.193,-1.389,-3.922,27.97,MANEUVERING
82093.18,-4007.322,2452.576,5348.775,-6.193,-1.389,-3.922,27.97,LISTENING
82100.0,-4049.423,2443.063,5321.903,-6.163,-1.407,-3.962,21.15,MANEUVERING
82100.0,-4049.423,2443.063,5321.903,-6.163,-1.407,-3.962,21.15,SENSING
82100.0,-4049.423,2443.063,5321.903,-6.163,-1.407,-3.962,21.15,MEASURING
82100.0,-4049.423,2443.063,5321.903,-6.163,-1.407,-3.962,21.15,SENSING
82100.0,-4049.423,2443.063,5321.903,-6.163,-1.407,-3.962,21.15,LISTENING
82114.16,-4136.17,2422.912,5265.237,-6.099,-1.445,-4.045,21.15,SENSING
82114.16,-4136.17,2422.912,5265.237,-6.099,-1.445,-4.045,21.15,MANEUVERING
82114.16,-4136.17,2422.912,5265.237,-6.099,-1.445,-4.045,21.15,LISTENING
82120.0,-4171.681,2414.446,5241.527,-6.072,-1.461,-4.079,15.31,MANEUVERING
82120.0,-4171.681,2414.446,5241.527,-6.072,-1.461,-4.079,15.31,SENSING
82120.0,-4171.681,2414.446,5241.527,-6.072,-1.461,-4.079,15.31,MEASURING
82120.0,-4171.681,2414.446,5241.527,-6.072,-1.461,-4.079,15.31,SENSING
82120.0,-4171.681,2414.446,5241.527,-6.072,-1.461,-4.079,15.31,LISTENING
82129.02,-4226.221,2401.191,5204.519,-6.03,-1.484,-4.131,15.31,SENSING
82129.02,-4226.221,2401.191,5204.519,-6.03,-1.484,-4.131,15.31,LISTENING
82138.47,-4282.954,2387.074,5165.246,-5.986,-1.509,-4.185,15.31,SENSING
82138.47,-4282.954,2387.074,5165.246,-5.986,-1.509,-4.185,15.31,MANEUVERING
82138.47,-4282.954,2387.074,5165.246,-5.986,-1.509,-4.185,15.31,LISTENING
82140.0,-4292.1,2384.766,5158.839,-5.978,-1.513,-4.194,13.78,MANEUVERING
82140.0,-4292.1,2384.766,5158.839,-5.978,-1.513,-4.194,13.78,SENSING
82140.0,-4292.1,2384.766,5158.839,-5.978,-1.513,-4.194,13.78,MANEUVERING
82140.0,-4292.1,2384.766,5158.839,-5.978,-1.513,-4.194,13.78,LISTENING
82150.0,-4351.603,2369.532,5116.64,-5.931,-1.54,-4.25,3.78,MANEUVERING
82150.0,-4351.603,2369.532,5116.64,-5.931,-1.54,-4.25,3.78,SENSING
82150.0,-4351.603,2369.532,5116.64,-5.931,-1.54,-4.25,3.78,MEASURING
82150.0,-4351.603,2369.532,5116.64,-5.931,-1.54,-4.25,3.78,SENSING
82150.0,-4351.603,2369.532,5116.64,-5.931,-1.54,-4.25,3.78,LISTENING
82163.97,-4433.924,2347.815,5056.745,-5.863,-1.576,-4.329,3.78,SENSING
82163.97,-4433.924,2347.815,5056.745,-5.863,-1.576,-4.329,3.78,LISTENING
82170.0,-4469.164,2338.285,5030.555,-5.834,-1.591,-4.362,3.78,SENSING
82170.0,-4469.164,2338.285,5030.555,-5.834,-1.591,-4.362,3.78,LISTENING
82175.71,-4502.369,2329.175,5005.569,-5.805,-1.606,-4.394,3.78,SENSING
82175.71,-4502.369,2329.175,5005.569,-5.805,-1.606,-4.394,3.78,MANEUVERING
82175.71,-4502.369,2329.175,5005.569,-5.805,-1.606,-4.394,3.78,LISTENING
82180.0,-4527.21,2322.275,4986.679,-5.784,-1.617,-4.417,8.07,MANEUVERING
82180.0,-4527.21,2322.275,4986.679,-5.784,-1.617,-4.417,8.07,SENSING
82180.0,-4527.21,2322.275,4986.679,-5.784,-1.617,-4.417,8.07,MEASURING
82180.0,-4527.21,2322.275,4986.679,-5.784,-1.617,-4.417,8.07,SENSING
82180.0,-4527.21,2322.275,4986.679,-5.784,-1.617,-4.417,8.07,LISTENING
82199.5,-4638.96,2290.324,4899.546,-5.686,-1.667,-4.524,8.07,SENSING
82199.5,-4638.96,2290.324,4899.546,-5.686,-1.667,-4.524,8.07,LISTENING
82203.89,-4663.852,2282.998,4879.645,-5.663,-1.678,-4.547,8.07,SENSING
82203.89,-4663.852,2282.998,4879.645,-5.663,-1.678,-4.547,8.07,MANEUVERING
82203.89,-4663.852,2282.998,4879.645,-5.663,-1.678,-4.547,8.07,LISTENING
82210.0,-4698.332,2272.722,4851.776,-5.632,-1.693,-4.58,1.96,MANEUVERING
82210.0,-4698.332,2272.722,4851.776,-5.632,-1.693,-4.58,1.96,SENSING
82210.0,-4698.332,2272.722,4851.776,-5.632,-1.693,-4.58,1.96,MEASURING
82210.0,-4698.332,2272.722,4851.776,-5.632,-1.693,-4.58,1.96,SENSING
82210.0,-4698.332,2272.722,4851.776,-5.632,-1.693,-4.58,1.96,LISTENING
82226.67,-4791.42,2244.213,4774.729,-5.545,-1.734,-4.668,1.96,SENSING
82226.67,-4791.42,2244.213,4774.729,-5.545,-1.734,-4.668,1.96,LISTENING
82230.0,-4809.84,2238.436,4759.163,-5.527,-1.743,-4.686,1.96,SENSING
82230.0,-4809.84,2238.436,4759.163,-5.527,-1.743,-4.686,1.96,LISTENING
82235.61,-4840.74,2228.642,4732.807,-5.497,-1.756,-4.715,1.96,SENSING
82235.61,-4840.74,2228.642,4732.807,-5.497,-1.756,-4.715,1.96,MANEUVERING
82235.61,-4840.74,2228.642,4732.807,-5.497,-1.756,-4.715,1.96,LISTENING
82240.0,-4864.804,2220.924,4712.068,-5.474,-1.767,-4.738,6.35,MANEUVERING
82240.0,-4864.804,2220.924,4712.068,-5.474,-1.767,-4.738,6.35,SENSING
82240.0,-4864.804,2220.924,4712.068,-5.474,-1.767,-4.738,6.35,MEASURING
82240.0,-4864.804,2220.924,4712.068,-5.474,-1.767,-4.738,6.35,SENSING
82240.0,-4864.804,2220.924,4712.068,-5.474,-1.767,-4.738,6.35,LISTENING
82259.89,-4972.531,2185.37,4616.862,-5.366,-1.815,-4.84,6.35,SENSING
82259.89,-4972.531,2185.37,4616.862,-5.366,-1.815,-4.84,6.35,LISTENING
82260.0,-4973.121,2185.17,4616.33,-5.366,-1.815,-4.841,6.35,SENSING
82260.0,-4973.121,2185.17,4616.33,-5.366,-1.815,-4.841,6.35,MEASURING
82260.0,-4973.121,2185.17,4616.33,-5.366,-1.815,-4.841,6.35,SENSING
82260.0,-4973.121,2185.17,4616.33,-5.366,-1.815,-4.841,6.35,LISTENING
82269.07,-5021.525,2168.639,4572.241,-5.316,-1.837,-4.886,6.35,SENSING
82269.07,-5021.525,2168.639,4572.241,-5.316,-1.837,-4.886,6.35,MANEUVERING
82269.07,-5021.525,2168.639,4572.241,-5.316,-1.837,-4.886,6.35,LISTENING
82280.0,-5079.253,2148.459,4518.562,-5.255,-1.863,-4.941,17.28,MANEUVERING
82280.0,-5079.253,2148.459,4518.562,-5.255,-1.863,-4.941,17.28,SENSING
82280.0,-5079.253,2148.459,4518.562,-5.255,-1.863,-4.941,17.28,MEASURING
82280.0,-5079.253,2148.459,4518.562,-5.255,-1.863,-4.941,17.28,SENSING
82280.0,-5079.253,2148.459,4518.562,-5.255,-1.863,-4.941,17.28,LISTENING
82291.94,-5141.552,2126.091,4459.246,-5.188,-1.891,-5.0,17.28,SENSING
82291.94,-5141.552,2126.091,4459.246,-5.188,-1.891,-5.0,17.28,MANEUVERING
82291.94,-5141.552,2126.091,4459.246,-5.188,-1.891,-5.0,17.28,LISTENING
82300.0,-5183.152,2110.805,4418.809,-5.142,-1.91,-5.039,25.34,MANEUVERING
82300.0,-5183.152,2110.805,4418.809,-5.142,-1.91,-5.039,25.34,SENSING
82300.0,-5183.152,2110.805,4418.809,-5.142,-1.91,-5.039,25.34,MEASURING
82300.0,-5183.152,2110.805,4418.809,-5.142,-1.91,-5.039,25.34,SENSING
82300.0,-5183.152,2110.805,4418.809,-5.142,-1.91,-5.039,25.34,LISTENING
82305.44,-5211.021,2100.402,4391.338,-5.111,-1.922,-5.066,25.34,SENSING
82305.44,-5211.021,2100.402,4391.338,-5.111,-1.922,-5.066,25.34,LISTENING
82312.67,-5247.798,2086.471,4354.608,-5.07,-1.939,-5.1,25.34,SENSING
82312.67,-5247.798,2086.471,4354.608,-5.07,-1.939,-5.1,25.34,MANEUVERING
82312.67,-5247.798,2086.471,4354.608,-5.07,-1.939,-5.1,25.34,LISTENING
82320.0,-5284.777,2072.226,4317.114,-5.027,-1.956,-5.135,18.01,MANEUVERING
82320.0,-5284.777,2072.226,4317.114,-5.027,-1.956,-5.135,18.01,SENSING
82320.0,-5284.777,2072.226,4317.114,-5.027,-1.956,-5.135,18.01,MANEUVERING
82320.0,-5284.777,2072.226,4317.114,-5.027,-1.956,-5.135,18.01,LISTENING
82360.0,-5481.023,1992.363,4108.085,-4.791,-2.045,-5.32,-21.99,MANEUVERING
82360.0,-5481.023,1992.363,4108.085,-4.791,-2.045,-5.32,-21.99,SENSING
82360.0,-5481.023,1992.363,4108.085,-4.791,-2.045,-5.32,-21.99,MEASURING
82360.0,-5481.023,1992.363,4108.085,-4.791,-2.045,-5.32,-21.99,SENSING
82360.0,-5481.023,1992.363,4108.085,-4.791,-2.045,-5.32,-21.99,LISTENING
82370.0,-5528.595,1971.847,4054.686,-4.73,-2.067,-5.365,-21.99,SENSING
82370.0,-5528.595,1971.847,4054.686,-4.73,-2.067,-5.365,-21.99,MEASURING
82370.0,-5528.595,1971.847,4054.686,-4.73,-2.067,-5.365,-21.99,SENSING
82370.0,-5528.595,1971.847,4054.686,-4.73,-2.067,-5.365,-21.99,LISTENING
82380.0,-5575.561,1951.114,4000.843,-4.67,-2.088,-5.409,-21.99,SENSING
82380.0,-5575.561,1951.114,4000.843,-4.67,-2.088,-5.409,-21.99,MEASURING
82380.0,-5575.561,1951.114,4000.843,-4.67,-2.088,-5.409,-21.99,SENSING
82380.0,-5575.561,1951.114,4000.843,-4.67,-2.088,-5.409,-21.99,LISTENING
82388.17,-5613.479,1934.018,3956.527,-4.619,-2.105,-5.445,-21.99,SENSING
82388.17,-5613.479,1934.018,3956.527,-4.619,-2.105,-5.445,-21.99,MANEUVERING
82388.17,-5613.479,1934.018,3956.527,-4.619,-2.105,-5.445,-21.99,LISTENING
82396.21,-5650.392,1917.055,3912.633,-4.57,-2.122,-5.48,-13.95,MANEUVERING
82396.21,-5650.392,1917.055,3912.633,-4.57,-2.122,-5.48,-13.95,SENSING
82396.21,-5650.392,1917.055,3912.633,-4.57,-2.122,-5.48,-13.95,MANEUVERING
82396.21,-5650.392,1917.055,3912.633,-4.57,-2.122,-5.48,-13.95,LISTENING
82400.0,-5667.654,1909.012,3891.846,-4.546,-2.13,-5.496,-10.16,MANEUVERING
82400.0,-5667.654,1909.012,3891.846,-4.546,-2.13,-5.496,-10.16,SENSING
82400.0,-5667.654,1909.012,3891.846,-4.546,-2.13,-5.496,-10.16,MEASURING
82400.0,-5667.654,1909.012,3891.846,-4.546,-2.13,-5.496,-10.16,SENSING
82400.0,-5667.654,1909.012,3891.846,-4.546,-2.13,-5.496,-10.16,LISTENING
82410.0,-5712.772,1887.647,3836.705,-4.484,-2.151,-5.538,-10.16,SENSING
82410.0,-5712.772,1887.647,3836.705,-4.484,-2.151,-5.538,-10.16,MEASURING
82410.0,-5712.772,1887.647,3836.705,-4.484,-2.151,-5.538,-10.16,SENSING
82410.0,-5712.772,1887.647,3836.705,-4.484,-2.151,-5.538,-10.16,LISTENING
82420.0,-5757.264,1866.075,3781.143,-4.421,-2.172,-5.58,-10.16,SENSING
82420.0,-5757.264,1866.075,3781.143,-4.421,-2.172,-5.58,-10.16,MEASURING
82420.0,-5757.264,1866.075,3781.143,-4.421,-2.172,-5.58,-10.16,SENSING
82420.0,-5757.264,1866.075,3781.143,-4.421,-2.172,-5.58,-10.16,LISTENING
82430.47,-5803.171,1843.271,3722.526,-4.355,-2.193,-5.623,-10.16,SENSING
82430.47,-5803.171,1843.271,3722.526,-4.355,-2.193,-5.623,-10.16,MANEUVERING
82430.47,-5803.171,1843.271,3722.526,-4.355,-2.193,-5.623,-10.16,LISTENING
82434.79,-5821.91,1833.797,3698.21,-4.327,-2.202,-5.64,-5.84,MANEUVERING
82434.79,-5821.91,1833.797,3698.21,-4.327,-2.202,-5.64,-5.84,SENSING
82434.79,-5821.91,1833.797,3698.21,-4.327,-2.202,-5.64,-5.84,MANEUVERING
82434.79,-5821.91,1833.797,3698.21,-4.327,-2.202,-5.64,-5.84,LISTENING
82450.0,-5886.938,1800.145,3611.997,-4.23,-2.232,-5.701,9.37,MANEUVERING
82450.0,-5886.938,1800.145,3611.997,-4.23,-2.232,-5.701,9.37,SENSING
82450.0,-5886.938,1800.145,3611.997,-4.23,-2.232,-5.701,9.37,MANEUVERING
82450.0,-5886.938,1800.145,3611.997,-4.23,-2.232,-5.701,9.37,LISTENING
82450.0,-5886.938,1800.145,3611.997,-4.23,-2.232,-5.701,9.37,MANEUVERING
82450.0,-5886.938,1800.145,3611.997,-4.23,-2.232,-5.701,9.37,SENSING
82450.0,-5886.938,1800.145,3611.997,-4.23,-2.232,-5.701,9.37,MANEUVERING
82450.0,-5886.938,1800.145,3611.997,-4.23,-2.232,-5.701,9.37,LISTENING
82460.0,-5928.88,1777.772,3554.815,-4.165,-2.251,-5.741,19.37,MANEUVERING
82460.0,-5928.88,1777.772,3554.815,-4.165,-2.251,-5.741,19.37,SENSING
82460.0,-5928.88,1777.772,3554.815,-4.165,-2.251,-5.741,19.37,MEASURING
82460.0,-5928.88,1777.772,3554.815,-4.165,-2.251,-5.741,19.37,SENSING
82460.0,-5928.88,1777.772,3554.815,-4.165,-2.251,-5.741,19.37,LISTENING
82465.8,-5952.909,1764.706,3521.471,-4.127,-2.263,-5.763,19.37,SENSING
82465.8,-5952.909,1764.706,3521.471,-4.127,-2.263,-5.763,19.37,MANEUVERING
82465.8,-5952.909,1764.706,3521.471,-4.127,-2.263,-5.763,19.37,LISTENING
82470.0,-5970.172,1755.205,3497.245,-4.1,-2.271,-5.779,23.57,MANEUVERING
82470.0,-5970.172,1755.205,3497.245,-4.1,-2.271,-5.779,23.57,SENSING
82470.0,-5970.172,1755.205,3497.245,-4.1,-2.271,-5.779,23.57,MEASURING
82470.0,-5970.172,1755.205,3497.245,-4.1,-2.271,-5.779,23.57,SENSING
82470.0,-5970.172,1755.205,3497.245,-4.1,-2.271,-5.779,23.57,LISTENING
82483.18,-6023.598,1725.168,3420.783,-4.013,-2.296,-5.829,23.57,SENSING
82483.18,-6023.598,1725.168,3420.783,-4.013,-2.296,-5.829,23.57,MANEUVERING
82483.18,-6023.598,1725.168,3420.783,-4.013,-2.296,-5.829,23.57,LISTENING
82490.0,-6050.794,1709.497,3380.961,-3.968,-2.309,-5.855,30.39,MANEUVERING
82490.0,-6050.794,1709.497,3380.961,-3.968,-2.309,-5.855,30.39,SENSING
82490.0,-6050.794,1709.497,3380.961,-3.968,-2.309,-5.855,30.39,MEASURING
82490.0,-6050.794,1709.497,3380.961,-3.968,-2.309,-5.855,30.39,SENSING
82490.0,-6050.794,1709.497,3380.961,-3.968,-2.309,-5.855,30.39,LISTENING
82504.8,-6108.751,1675.192,3293.956,-3.87,-2.336,-5.909,30.39,SENSING
82504.8,-6108.751,1675.192,3293.956,-3.87,-2.336,-5.909,30.39,MANEUVERING
82504.8,-6108.751,1675.192,3293.956,-3.87,-2.336,-5.909,30.39,LISTENING
82510.0,-6128.768,1663.043,3263.197,-3.835,-2.346,-5.927,25.19,MANEUVERING
82510.0,-6128.768,1663.043,3263.197,-3.835,-2.346,-5.927,25.19,SENSING
82510.0,-6128.768,1663.043,3263.197,-3.835,-2.346,-5.927,25.19,MANEUVERING
82510.0,-6128.768,1663.043,3263.197,-3.835,-2.346,-5.927,25.19,LISTENING
82518.35,-6160.53,1643.433,3213.606,-3.779,-2.361,-5.957,16.84,MANEUVERING
82518.35,-6160.53,1643.433,3213.606,-3.779,-2.361,-5.957,16.84,SENSING
82518.35,-6160.53,1643.433,3213.606,-3.779,-2.361,-5.957,16.84,MANEUVERING
82518.35,-6160.53,1643.433,3213.606,-3.779,-2.361,-5.957,16.84,LISTENING
82530.0,-6204.06,1615.863,3144.006,-3.7,-2.381,-5.998,5.19,MANEUVERING
82530.0,-6204.06,1615.863,3144.006,-3.7,-2.381,-5.998,5.19,SENSING
82530.0,-6204.06,1615.863,3144.006,-3.7,-2.381,-5.998,5.19,MANEUVERING
82530.0,-6204.06,1615.863,3144.006,-3.7,-2.381,-5.998,5.19,LISTENING
82536.39,-6227.546,1600.64,3105.632,-3.656,-2.393,-6.019,-1.2,MANEUVERING
82536.39,-6227.546,1600.64,3105.632,-3.656,-2.393,-6.019,-1.2,SENSING
82536.39,-6227.546,1600.64,3105.632,-3.656,-2.393,-6.019,-1.2,MANEUVERING
82536.39,-6227.546,1600.64,3105.632,-3.656,-2.393,-6.019,-1.2,LISTENING
82540.0,-6240.691,1592.008,3083.891,-3.632,-2.399,-6.032,-4.81,MANEUVERING
82540.0,-6240.691,1592.008,3083.891,-3.632,-2.399,-6.032,-4.81,SENSING
82540.0,-6240.691,1592.008,3083.891,-3.632,-2.399,-6.032,-4.81,MANEUVERING
82540.0,-6240.691,1592.008,3083.891,-3.632,-2.399,-6.032,-4.81,LISTENING
82560.0,-6311.902,1543.778,2962.656,-3.494,-2.433,-6.098,-24.81,MANEUVERING
82560.0,-6311.902,1543.778,2962.656,-3.494,-2.433,-6.098,-24.81,SENSING
82560.0,-6311.902,1543.778,2962.656,-3.494,-2.433,-6.098,-24.81,MEASURING
82560.0,-6311.902,1543.778,2962.656,-3.494,-2.433,-6.098,-24.81,SENSING
82560.0,-6311.902,1543.778,2962.656,-3.494,-2.433,-6.098,-24.81,LISTENING
82570.0,-6346.475,1519.409,2901.549,-3.425,-2.45,-6.13,-24.81,SENSING
82570.0,-6346.475,1519.409,2901.549,-3.425,-2.45,-6.13,-24.81,MEASURING
82570.0,-6346.475,1519.409,2901.549,-3.425,-2.45,-6.13,-24.81,SENSING
82570.0,-6346.475,1519.409,2901.549,-3.425,-2.45,-6.13,-24.81,LISTENING
82583.97,-6393.612,1485.088,2815.654,-3.328,-2.473,-6.173,-24.81,SENSING
82583.97,-6393.612,1485.088,2815.654,-3.328,-2.473,-6.173,-24.81,LISTENING
82586.93,-6403.424,1477.776,2797.377,-3.307,-2.478,-6.183,-24.81,SENSING
82586.93,-6403.424,1477.776,2797.377,-3.307,-2.478,-6.183,-24.81,MANEUVERING
82586.93,-6403.424,1477.776,2797.377,-3.307,-2.478,-6.183,-24.81,LISTENING
82590.0,-6413.537,1470.176,2778.392,-3.286,-2.483,-6.192,-21.74,MANEUVERING
82590.0,-6413.537,1470.176,2778.392,-3.286,-2.483,-6.192,-21.74,SENSING
82590.0,-6413.537,1470.176,2778.392,-3.286,-2.483,-6.192,-21.74,MEASURING
82590.0,-6413.537,1470.176,2778.392,-3.286,-2.483,-6.192,-21.74,SENSING
82590.0,-6413.537,1470.176,2778.392,-3.286,-2.483,-6.192,-21.74,LISTENING
82631.51,-6543.748,1365.973,2518.963,-2.992,-2.547,-6.312,-21.74,SENSING
82631.51,-6543.748,1365.973,2518.963,-2.992,-2.547,-6.312,-21.74,MANEUVERING
82631.51,-6543.748,1365.973,2518.963,-2.992,-2.547,-6.312,-21.74,LISTENING
82640.0,-6568.871,1344.338,2465.303,-2.931,-2.559,-6.335,-30.23,MANEUVERING
82640.0,-6568.871,1344.338,2465.303,-2.931,-2.559,-6.335,-30.23,SENSING
82640.0,-6568.871,1344.338,2465.303,-2.931,-2.559,-6.335,-30.23,MEASURING
82640.0,-6568.871,1344.338,2465.303,-2.931,-2.559,-6.335,-30.23,SENSING
82640.0,-6568.871,1344.338,2465.303,-2.931,-2.559,-6.335,-30.23,LISTENING
82648.74,-6594.194,1321.956,2409.859,-2.868,-2.572,-6.359,-30.23,SENSING
82648.74,-6594.194,1321.956,2409.859,-2.868,-2.572,-6.359,-30.23,MANEUVERING
82648.74,-6594.194,1321.956,2409.859,-2.868,-2.572,-6.359,-30.23,LISTENING
82670.0,-6653.492,1267.055,2274.164,-2.714,-2.602,-6.413,-8.97,MANEUVERING
82670.0,-6653.492,1267.055,2274.164,-2.714,-2.602,-6.413,-8.97,SENSING
82670.0,-6653.492,1267.055,2274.164,-2.714,-2.602,-6.413,-8.97,MEASURING
82670.0,-6653.492,1267.055,2274.164,-2.714,-2.602,-6.413,-8.97,SENSING
82670.0,-6653.492,1267.055,2274.164,-2.714,-2.602,-6.413,-8.97,LISTENING
82704.3,-6742.231,1177.177,2052.901,-2.463,-2.648,-6.494,-8.97,SENSING
82704.3,-6742.231,1177.177,2052.901,-2.463,-2.648,-6.494,-8.97,LISTENING
82710.0,-6756.142,1162.092,2015.868,-2.421,-2.655,-6.507,-8.97,SENSING
82710.0,-6756.142,1162.092,2015.868,-2.421,-2.655,-6.507,-8.97,LISTENING
82718.88,-6777.337,1138.509,1958.033,-2.356,-2.666,-6.526,-8.97,SENSING
82718.88,-6777.337,1138.509,1958.033,-2.356,-2.666,-6.526,-8.97,LISTENING
82730.0,-6803.056,1108.84,1885.372,-2.273,-2.68,-6.549,-8.97,SENSING
82730.0,-6803.056,1108.84,1885.372,-2.273,-2.68,-6.549,-8.97,LISTENING
82746.49,-6839.504,1064.569,1777.157,-2.151,-2.7,-6.582,-8.97,SENSING
82746.49,-6839.504,1064.569,1777.157,-2.151,-2.7,-6.582,-8.97,LISTENING
82760.0,-6867.855,1028.063,1688.103,-2.05,-2.715,-6.608,-8.97,SENSING
82760.0,-6867.855,1028.063,1688.103,-2.05,-2.715,-6.608,-8.97,LISTENING
83282.71,-6888.623,-468.354,-1840.458,1.972,-2.879,-6.563,-8.97,SENSING
83282.71,-6888.623,-468.354,-1840.458,1.972,-2.879,-6.563,-8.97,LISTENING
83290.0,-6874.057,-489.287,-1888.224,2.027,-2.875,-6.548,-8.97,SENSING
83290.0,-6874.057,-489.287,-1888.224,2.027,-2.875,-6.548,-8.97,LISTENING
83290.0,-6874.057,-489.287,-1888.224,2.027,-2.875,-6.548,-8.97,SENSING
83290.0,-6874.057,-489.287,-1888.224,2.027,-2.875,-6.548,-8.97,LISTENING
83302.02,-6849.17,-523.739,-1966.743,2.117,-2.868,-6.523,-8.97,SENSING
83302.02,-6849.17,-523.739,-1966.743,2.117,-2.868,-6.523,-8.97,LISTENING
83310.0,-6832.051,-546.567,-2018.701,2.176,-2.863,-6.506,-8.97,SENSING
83310.0,-6832.051,-546.567,-2018.701,2.176,-2.863,-6.506,-8.97,LISTENING
83317.37,-6815.818,-567.616,-2066.562,2.231,-2.859,-6.489,-8.97,SENSING
83317.37,-6815.818,-567.616,-2066.562,2.231,-2.859,-6.489,-8.97,LISTENING
83330.0,-6787.062,-603.609,-2148.296,2.325,-2.851,-6.46,-8.97,SENSING
83330.0,-6787.062,-603.609,-2148.296,2.325,-2.851,-6.46,-8.97,LISTENING
83330.0,-6787.062,-603.609,-2148.296,2.325,-2.851,-6.46,-8.97,SENSING
83330.0,-6787.062,-603.609,-2148.296,2.325,-2.851,-6.46,-8.97,LISTENING
83340.12,-6763.168,-632.374,-2213.517,2.4,-2.844,-6.436,-8.97,SENSING
83340.12,-6763.168,-632.374,-2213.517,2.4,-2.844,-6.436,-8.97,LISTENING
83350.0,-6739.111,-660.389,-2276.952,2.473,-2.837,-6.412,-8.97,SENSING
83350.0,-6739.111,-660.389,-2276.952,2.473,-2.837,-6.412,-8.97,LISTENING
83350.0,-6739.111,-660.389,-2276.952,2.473,-2.837,-6.412,-8.97,SENSING
83350.0,-6739.111,-660.389,-2276.952,2.473,-2.837,-6.412,-8.97,LISTENING
83351.29,-6735.917,-664.041,-2285.217,2.482,-2.836,-6.409,-8.97,SENSING
83351.29,-6735.917,-664.041,-2285.217,2.482,-2.836,-6.409,-8.97,LISTENING
83372.32,-6682.124,-723.414,-2419.356,2.637,-2.82,-6.354,-8.97,SENSING
83372.32,-6682.124,-723.414,-2419.356,2.637,-2.82,-6.354,-8.97,LISTENING
83410.0,-6577.688,-828.904,-2656.731,2.91,-2.788,-6.25,-8.97,SENSING
83410.0,-6577.688,-828.904,-2656.731,2.91,-2.788,-6.25,-8.97,LISTENING
83415.18,-6562.53,-843.31,-2689.05,2.947,-2.784,-6.235,-8.97,SENSING
83415.18,-6562.53,-843.31,-2689.05,2.947,-2.784,-6.235,-8.97,LISTENING
83420.0,-6548.252,-856.692,-2719.051,2.981,-2.779,-6.221,-8.97,SENSING
83420.0,-6548.252,-856.692,-2719.051,2.981,-2.779,-6.221,-8.97,LISTENING
83420.0,-6548.252,-856.692,-2719.051,2.981,-2.779,-6.221,-8.97,SENSING
83420.0,-6548.252,-856.692,-2719.051,2.981,-2.779,-6.221,-8.97,LISTENING
83430.0,-6518.101,-884.387,-2781.075,3.053,-2.77,-6.19,-8.97,SENSING
83430.0,-6518.101,-884.387,-2781.075,3.053,-2.77,-6.19,-8.97,LISTENING
83452.53,-6447.564,-946.425,-2919.689,3.213,-2.747,-6.12,-8.97,SENSING
83452.53,-6447.564,-946.425,-2919.689,3.213,-2.747,-6.12,-8.97,LISTENING
83457.15,-6432.657,-959.083,-2947.915,3.245,-2.742,-6.105,-8.97,SENSING
83457.15,-6432.657,-959.083,-2947.915,3.245,-2.742,-6.105,-8.97,LISTENING
83460.0,-6423.386,-966.88,-2965.293,3.265,-2.739,-6.096,-8.97,SENSING
83460.0,-6423.386,-966.88,-2965.293,3.265,-2.739,-6.096,-8.97,LISTENING
83480.0,-6356.726,-1021.354,-3086.495,3.405,-2.718,-6.03,-8.97,SENSING
83480.0,-6356.726,-1021.354,-3086.495,3.405,-2.718,-6.03,-8.97,LISTENING
83480.0,-6356.726,-1021.354,-3086.495,3.405,-2.718,-6.03,-8.97,SENSING
83480.0,-6356.726,-1021.354,-3086.495,3.405,-2.718,-6.03,-8.97,LISTENING
83497.09,-6297.561,-1067.55,-3188.994,3.523,-2.698,-5.971,-8.97,SENSING
83497.09,-6297.561,-1067.55,-3188.994,3.523,-2.698,-5.971,-8.97,LISTENING
83500.0,-6287.285,-1075.382,-3206.347,3.543,-2.695,-5.961,-8.97,SENSING
83500.0,-6287.285,-1075.382,-3206.347,3.543,-2.695,-5.961,-8.97,LISTENING
83500.0,-6287.285,-1075.382,-3206.347,3.543,-2.695,-5.961,-8.97,SENSING
83500.0,-6287.285,-1075.382,-3206.347,3.543,-2.695,-5.961,-8.97,LISTENING
83522.91,-6204.363,-1136.694,-3341.909,3.7,-2.667,-5.879,-8.97,SENSING
83522.91,-6204.363,-1136.694,-3341.909,3.7,-2.667,-5.879,-8.97,LISTENING
83542.84,-6129.326,-1189.502,-3458.279,3.835,-2.642,-5.805,-8.97,SENSING
83542.84,-6129.326,-1189.502,-3458.279,3.835,-2.642,-5.805,-8.97,LISTENING
83560.0,-6062.583,-1234.558,-3557.271,3.949,-2.619,-5.739,-8.97,SENSING
83560.0,-6062.583,-1234.558,-3557.271,3.949,-2.619,-5.739,-8.97,LISTENING
83560.0,-6062.583,-1234.558,-3557.271,3.949,-2.619,-5.739,-8.97,SENSING
83560.0,-6062.583,-1234.558,-3557.271,3.949,-2.619,-5.739,-8.97,LISTENING
83570.0,-6022.785,-1260.633,-3614.432,4.016,-2.605,-5.699,-8.97,SENSING
83570.0,-6022.785,-1260.633,-3614.432,4.016,-2.605,-5.699,-8.97,LISTENING
83577.05,-5994.331,-1278.933,-3654.493,4.062,-2.595,-5.671,-8.97,SENSING
83577.05,-5994.331,-1278.933,-3654.493,4.062,-2.595,-5.671,-8.97,LISTENING
83580.0,-5982.327,-1286.569,-3671.197,4.081,-2.591,-5.659,-8.97,SENSING
83580.0,-5982.327,-1286.569,-3671.197,4.081,-2.591,-5.659,-8.97,LISTENING
83584.19,-5965.181,-1297.395,-3694.863,4.109,-2.585,-5.642,-8.97,SENSING
83584.19,-5965.181,-1297.395,-3694.863,4.109,-2.585,-5.642,-8.97,LISTENING
83590.0,-5941.215,-1312.366,-3727.56,4.147,-2.577,-5.619,-8.97,SENSING
83590.0,-5941.215,-1312.366,-3727.56,4.147,-2.577,-5.619,-8.97,LISTENING
83591.09,-5936.694,-1315.169,-3733.679,4.154,-2.576,-5.614,-8.97,SENSING
83591.09,-5936.694,-1315.169,-3733.679,4.154,-2.576,-5.614,-8.97,LISTENING
83600.0,-5899.451,-1338.018,-3783.514,4.212,-2.563,-5.578,-8.97,SENSING
83600.0,-5899.451,-1338.018,-3783.514,4.212,-2.563,-5.578,-8.97,LISTENING
83600.0,-5899.451,-1338.018,-3783.514,4.212,-2.563,-5.578,-8.97,SENSING
83600.0,-5899.451,-1338.018,-3783.514,4.212,-2.563,-5.578,-8.97,LISTENING
83612.67,-5845.609,-1370.31,-3853.812,4.293,-2.544,-5.525,-8.97,SENSING
83612.67,-5845.609,-1370.31,-3853.812,4.293,-2.544,-5.525,-8.97,LISTENING
83620.0,-5813.989,-1388.883,-3894.172,4.34,-2.533,-5.493,-8.97,SENSING
83620.0,-5813.989,-1388.883,-3894.172,4.34,-2.533,-5.493,-8.97,LISTENING
83630.0,-5770.3,-1414.088,-3948.863,4.404,-2.517,-5.45,-8.97,SENSING
83630.0,-5770.3,-1414.088,-3948.863,4.404,-2.517,-5.45,-8.97,LISTENING
83635.55,-5745.779,-1428.011,-3979.031,4.439,-2.509,-5.426,-8.97,SENSING
83635.55,-5745.779,-1428.011,-3979.031,4.439,-2.509,-5.426,-8.97,LISTENING
83640.0,-5725.978,-1439.139,-4003.122,4.467,-2.502,-5.407,-8.97,SENSING
83640.0,-5725.978,-1439.139,-4003.122,4.467,-2.502,-5.407,-8.97,LISTENING
83654.79,-5659.277,-1475.901,-4082.563,4.559,-2.478,-5.341,-8.97,SENSING
83654.79,-5659.277,-1475.901,-4082.563,4.559,-2.478,-5.341,-8.97,LISTENING
83655.98,-5653.851,-1478.843,-4088.912,4.567,-2.476,-5.336,-8.97,SENSING
83655.98,-5653.851,-1478.843,-4088.912,4.567,-2.476,-5.336,-8.97,LISTENING
83660.0,-5635.456,-1488.767,-4110.315,4.591,-2.47,-5.318,-8.97,SENSING
83660.0,-5635.456,-1488.767,-4110.315,4.591,-2.47,-5.318,-8.97,LISTENING
83660.0,-5635.456,-1488.767,-4110.315,4.591,-2.47,-5.318,-8.97,SENSING
83660.0,-5635.456,-1488.767,-4110.315,4.591,-2.47,-5.318,-8.97,LISTENING
83680.0,-5542.461,-1537.742,-4215.703,4.714,-2.436,-5.226,-8.97,SENSING
83680.0,-5542.461,-1537.742,-4215.703,4.714,-2.436,-5.226,-8.97,LISTENING
83680.0,-5542.461,-1537.742,-4215.703,4.714,-2.436,-5.226,-8.97,SENSING
83680.0,-5542.461,-1537.742,-4215.703,4.714,-2.436,-5.226,-8.97,LISTENING
83696.67,-5463.088,-1578.05,-4302.132,4.815,-2.408,-5.148,-8.97,SENSING
83696.67,-5463.088,-1578.05,-4302.132,4.815,-2.408,-5.148,-8.97,LISTENING
83700.0,-5447.032,-1586.045,-4319.241,4.835,-2.402,-5.132,-8.97,SENSING
83700.0,-5447.032,-1586.045,-4319.241,4.835,-2.402,-5.132,-8.97,LISTENING
83722.2,-5338.308,-1638.846,-4431.943,4.966,-2.363,-5.026,-8.97,SENSING
83722.2,-5338.308,-1638.846,-4431.943,4.966,-2.363,-5.026,-8.97,LISTENING
83741.16,-5243.161,-1683.242,-4526.299,5.077,-2.328,-4.932,-8.97,SENSING
83741.16,-5243.161,-1683.242,-4526.299,5.077,-2.328,-4.932,-8.97,LISTENING
83760.0,-5146.564,-1726.7,-4618.286,5.184,-2.293,-4.838,-8.97,SENSING
83760.0,-5146.564,-1726.7,-4618.286,5.184,-2.293,-4.838,-8.97,LISTENING
83760.0,-5146.564,-1726.7,-4618.286,5.184,-2.293,-4.838,-8.97,SENSING
83760.0,-5146.564,-1726.7,-4618.286,5.184,-2.293,-4.838,-8.97,LISTENING
83766.72,-5111.621,-1742.039,-4650.662,5.222,-2.28,-4.803,-8.97,SENSING
83766.72,-5111.621,-1742.039,-4650.662,5.222,-2.28,-4.803,-8.97,LISTENING
83770.0,-5094.474,-1749.494,-4666.381,5.241,-2.274,-4.786,-8.97,SENSING
83770.0,-5094.474,-1749.494,-4666.381,5.241,-2.274,-4.786,-8.97,LISTENING
83774.83,-5069.113,-1760.436,-4689.428,5.268,-2.265,-4.762,-8.97,SENSING
83774.83,-5069.113,-1760.436,-4689.428,5.268,-2.265,-4.762,-8.97,LISTENING
83780.0,-5041.823,-1772.097,-4713.963,5.297,-2.255,-4.735,-8.97,SENSING
83780.0,-5041.823,-1772.097,-4713.963,5.297,-2.255,-4.735,-8.97,LISTENING
83786.43,-5007.676,-1786.528,-4744.284,5.332,-2.242,-4.701,-8.97,SENSING
83786.43,-5007.676,-1786.528,-4744.284,5.332,-2.242,-4.701,-8.97,LISTENING
83787.23,-5003.412,-1788.318,-4748.042,5.337,-2.24,-4.697,-8.97,SENSING
83787.23,-5003.412,-1788.318,-4748.042,5.337,-2.24,-4.697,-8.97,LISTENING
83790.0,-4988.618,-1794.506,-4761.026,5.352,-2.235,-4.683,-8.97,SENSING
83790.0,-4988.618,-1794.506,-4761.026,5.352,-2.235,-4.683,-8.97,LISTENING
83790.0,-4988.618,-1794.506,-4761.026,5.352,-2.235,-4.683,-8.97,SENSING
83790.0,-4988.618,-1794.506,-4761.026,5.352,-2.235,-4.683,-8.97,LISTENING
83793.44,-4970.189,-1802.169,-4777.095,5.371,-2.228,-4.665,-8.97,SENSING
83793.44,-4970.189,-1802.169,-4777.095,5.371,-2.228,-4.665,-8.97,LISTENING
83795.3,-4960.197,-1806.303,-4785.757,5.381,-2.224,-4.655,-8.97,SENSING
83795.3,-4960.197,-1806.303,-4785.757,5.381,-2.224,-4.655,-8.97,LISTENING
83800.0,-4934.865,-1816.717,-4807.565,5.406,-2.215,-4.63,-8.97,SENSING
83800.0,-4934.865,-1816.717,-4807.565,5.406,-2.215,-4.63,-8.97,LISTENING
83800.0,-4934.865,-1816.717,-4807.565,5.406,-2.215,-4.63,-8.97,SENSING
83800.0,-4934.865,-1816.717,-4807.565,5.406,-2.215,-4.63,-8.97,LISTENING
83810.0,-4880.568,-1838.73,-4853.575,5.46,-2.195,-4.577,-8.97,SENSING
83810.0,-4880.568,-1838.73,-4853.575,5.46,-2.195,-4.577,-8.97,LISTENING
83813.71,-4860.287,-1846.845,-4870.509,5.48,-2.187,-4.557,-8.97,SENSING
83813.71,-4860.287,-1846.845,-4870.509,5.48,-2.187,-4.557,-8.97,LISTENING
83817.11,-4841.636,-1854.258,-4885.963,5.499,-2.181,-4.539,-8.97,SENSING
83817.11,-4841.636,-1854.258,-4885.963,5.499,-2.181,-4.539,-8.97,LISTENING
83820.0,-4825.734,-1860.54,-4899.051,5.514,-2.175,-4.523,-8.97,SENSING
83820.0,-4825.734,-1860.54,-4899.051,5.514,-2.175,-4.523,-8.97,LISTENING
83820.0,-4825.734,-1860.54,-4899.051,5.514,-2.175,-4.523,-8.97,SENSING
83820.0,-4825.734,-1860.54,-4899.051,5.514,-2.175,-4.523,-8.97,LISTENING
83826.49,-4789.862,-1874.586,-4928.276,5.548,-2.161,-4.488,-8.97,SENSING
83826.49,-4789.862,-1874.586,-4928.276,5.548,-2.161,-4.488,-8.97,LISTENING
83830.0,-4770.369,-1882.146,-4943.987,5.567,-2.154,-4.469,-8.97,SENSING
83830.0,-4770.369,-1882.146,-4943.987,5.567,-2.154,-4.469,-8.97,LISTENING
83841.55,-4705.769,-1906.844,-4995.209,5.627,-2.13,-4.405,-8.97,SENSING
83841.55,-4705.769,-1906.844,-4995.209,5.627,-2.13,-4.405,-8.97,LISTENING
83845.18,-4685.323,-1914.548,-5011.157,5.646,-2.122,-4.385,-8.97,SENSING
83845.18,-4685.323,-1914.548,-5011.157,5.646,-2.122,-4.385,-8.97,LISTENING
83850.0,-4658.069,-1924.735,-5032.22,5.671,-2.112,-4.359,-8.97,SENSING
83850.0,-4658.069,-1924.735,-5032.22,5.671,-2.112,-4.359,-8.97,LISTENING
83850.0,-4658.069,-1924.735,-5032.22,5.671,-2.112,-4.359,-8.97,SENSING
83850.0,-4658.069,-1924.735,-5032.22,5.671,-2.112,-4.359,-8.97,LISTENING
83855.57,-4626.426,-1936.447,-5056.399,5.699,-2.1,-4.328,-8.97,SENSING
83855.57,-4626.426,-1936.447,-5056.399,5.699,-2.1,-4.328,-8.97,LISTENING
83860.0,-4601.146,-1945.714,-5075.507,5.722,-2.091,-4.303,-8.97,SENSING
83860.0,-4601.146,-1945.714,-5075.507,5.722,-2.091,-4.303,-8.97,LISTENING
83865.99,-4566.806,-1958.178,-5101.168,5.752,-2.078,-4.269,-8.97,SENSING
83865.99,-4566.806,-1958.178,-5101.168,5.752,-2.078,-4.269,-8.97,LISTENING
83870.0,-4543.716,-1966.479,-5118.234,5.772,-2.069,-4.247,-8.97,SENSING
83870.0,-4543.716,-1966.479,-5118.234,5.772,-2.069,-4.247,-8.97,LISTENING
83870.0,-4543.716,-1966.479,-5118.234,5.772,-2.069,-4.247,-8.97,SENSING
83870.0,-4543.716,-1966.479,-5118.234,5.772,-2.069,-4.247,-8.97,LISTENING
83875.46,-4512.147,-1977.725,-5141.325,5.799,-2.057,-4.216,-8.97,SENSING
83875.46,-4512.147,-1977.725,-5141.325,5.799,-2.057,-4.216,-8.97,LISTENING
83880.0,-4485.785,-1987.027,-5160.397,5.822,-2.047,-4.19,-8.97,SENSING
83880.0,-4485.785,-1987.027,-5160.397,5.822,-2.047,-4.19,-8.97,LISTENING
83880.0,-4485.785,-1987.027,-5160.397,5.822,-2.047,-4.19,-8.97,SENSING
83880.0,-4485.785,-1987.027,-5160.397,5.822,-2.047,-4.19,-8.97,LISTENING
83880.0,-4485.785,-1987.027,-5160.397,5.822,-2.047,-4.19,-8.97,SENSING
83880.0,-4485.785,-1987.027,-5160.397,5.822,-2.047,-4.19,-8.97,MESSAGING
83880.0,-4485.785,-1987.027,-5160.397,5.822,-2.047,-4.19,-8.97,SENSING
83880.0,-4485.785,-1987.027,-5160.397,5.822,-2.047,-4.19,-8.97,MESSAGING
83880.0,-4485.785,-1987.027,-5160.397,5.822,-2.047,-4.19,-8.97,SENSING
83880.0,-4485.785,-1987.027,-5160.397,5.822,-2.047,-4.19,-8.97,LISTENING
83880.0,-4485.785,-1987.027,-5160.397,5.822,-2.047,-4.19,-8.97,SENSING
83880.0,-4485.785,-1987.027,-5160.397,5.822,-2.047,-4.19,-8.97,MESSAGING
83880.0,-4485.785,-1987.027,-5160.397,5.822,-2.047,-4.19,-8.97,MESSAGING
83880.0,-4485.785,-1987.027,-5160.397,5.822,-2.047,-4.19,-8.97,SENSING
83880.0,-4485.785,-1987.027,-5160.397,5.822,-2.047,-4.19,-8.97,LISTENING
83888.36,-4436.975,-2004.038,-5195.209,5.863,-2.029,-4.142,-8.97,SENSING
83888.36,-4436.975,-2004.038,-5195.209,5.863,-2.029,-4.142,-8.97,LISTENING
83890.0,-4427.36,-2007.357,-5201.991,5.871,-2.025,-4.133,-8.97,SENSING
83890.0,-4427.36,-2007.357,-5201.991,5.871,-2.025,-4.133,-8.97,LISTENING
83900.0,-4368.446,-2027.467,-5243.011,5.92,-2.003,-4.075,-8.97,SENSING
83900.0,-4368.446,-2027.467,-5243.011,5.92,-2.003,-4.075,-8.97,LISTENING
83900.0,-4368.446,-2027.467,-5243.011,5.92,-2.003,-4.075,-8.97,SENSING
83900.0,-4368.446,-2027.467,-5243.011,5.92,-2.003,-4.075,-8.97,LISTENING
83916.48,-4270.308,-2060.119,-5309.347,5.998,-1.966,-3.979,-8.97,SENSING
83916.48,-4270.308,-2060.119,-5309.347,5.998,-1.966,-3.979,-8.97,LISTENING
83920.0,-4249.18,-2067.013,-5323.31,6.015,-1.958,-3.959,-8.97,SENSING
83920.0,-4249.18,-2067.013,-5323.31,6.015,-1.958,-3.959,-8.97,LISTENING
83920.0,-4249.18,-2067.013,-5323.31,6.015,-1.958,-3.959,-8.97,SENSING
83920.0,-4249.18,-2067.013,-5323.31,6.015,-1.958,-3.959,-8.97,LISTENING
83926.26,-4211.462,-2079.205,-5347.963,6.044,-1.944,-3.922,-8.97,SENSING
83926.26,-4211.462,-2079.205,-5347.963,6.044,-1.944,-3.922,-8.97,LISTENING
83930.0,-4188.84,-2086.447,-5362.581,6.061,-1.935,-3.9,-8.97,SENSING
83930.0,-4188.84,-2086.447,-5362.581,6.061,-1.935,-3.9,-8.97,LISTENING
83935.89,-4153.083,-2097.785,-5385.434,6.089,-1.922,-3.865,-8.97,SENSING
83935.89,-4153.083,-2097.785,-5385.434,6.089,-1.922,-3.865,-8.97,LISTENING
83940.0,-4128.038,-2105.65,-5401.259,6.107,-1.912,-3.84,-8.97,SENSING
83940.0,-4128.038,-2105.65,-5401.259,6.107,-1.912,-3.84,-8.97,LISTENING
83945.23,-4096.056,-2115.601,-5421.25,6.131,-1.9,-3.809,-8.97,SENSING
83945.23,-4096.056,-2115.601,-5421.25,6.131,-1.9,-3.809,-8.97,LISTENING
83950.0,-4066.78,-2124.622,-5439.341,6.153,-1.889,-3.78,-8.97,SENSING
83950.0,-4066.78,-2124.622,-5439.341,6.153,-1.889,-3.78,-8.97,LISTENING
83961.64,-3994.911,-2146.409,-5482.91,6.205,-1.861,-3.71,-8.97,SENSING
83961.64,-3994.911,-2146.409,-5482.91,6.205,-1.861,-3.71,-8.97,LISTENING
83970.0,-3942.923,-2161.86,-5513.696,6.241,-1.841,-3.659,-8.97,SENSING
83970.0,-3942.923,-2161.86,-5513.696,6.241,-1.841,-3.659,-8.97,LISTENING
83984.86,-3849.766,-2188.912,-5567.365,6.305,-1.806,-3.568,-8.97,SENSING
83984.86,-3849.766,-2188.912,-5567.365,6.305,-1.806,-3.568,-8.97,LISTENING
83990.0,-3817.324,-2198.145,-5585.613,6.327,-1.793,-3.536,-8.97,SENSING
83990.0,-3817.324,-2198.145,-5585.613,6.327,-1.793,-3.536,-8.97,LISTENING
84033.07,-3541.185,-2272.972,-5732.054,6.503,-1.687,-3.266,-8.97,SENSING
84033.07,-3541.185,-2272.972,-5732.054,6.503,-1.687,-3.266,-8.97,LISTENING
84040.0,-3496.06,-2284.58,-5754.524,6.53,-1.669,-3.222,-8.97,SENSING
84040.0,-3496.06,-2284.58,-5754.524,6.53,-1.669,-3.222,-8.97,LISTENING
84211.94,-2323.125,-2532.282,-6211.104,7.087,-1.208,-2.076,-8.97,SENSING
84211.94,-2323.125,-2532.282,-6211.104,7.087,-1.208,-2.076,-8.97,LISTENING
84220.0,-2265.963,-2541.915,-6227.603,7.107,-1.186,-2.02,-8.97,SENSING
84220.0,-2265.963,-2541.915,-6227.603,7.107,-1.186,-2.02,-8.97,LISTENING
84295.95,-1719.848,-2623.59,-6360.787,7.276,-0.967,-1.487,-8.97,SENSING
84295.95,-1719.848,-2623.59,-6360.787,7.276,-0.967,-1.487,-8.97,LISTENING
84350.0,-1324.26,-2671.488,-6430.683,7.368,-0.807,-1.1,-8.97,SENSING
84350.0,-1324.26,-2671.488,-6430.683,7.368,-0.807,-1.1,-8.97,LISTENING
84350.0,-1324.26,-2671.488,-6430.683,7.368,-0.807,-1.1,-8.97,SENSING
84350.0,-1324.26,-2671.488,-6430.683,7.368,-0.807,-1.1,-8.97,LISTENING
84390.0,-1028.648,-2701.343,-6468.901,7.421,-0.687,-0.811,-8.97,SENSING
84390.0,-1028.648,-2701.343,-6468.901,7.421,-0.687,-0.811,-8.97,LISTENING
84604.58,575.335,-2778.046,-6475.039,7.475,-0.025,0.756,-8.97,SENSING
84604.58,575.335,-2778.046,-6475.039,7.475,-0.025,0.756,-8.97,LISTENING
84619.98,690.292,-2778.057,-6462.535,7.464,0.024,0.869,-8.97,SENSING
84619.98,690.292,-2778.057,-6462.535,7.464,0.024,0.869,-8.97,LISTENING
84620.0,690.442,-2778.057,-6462.518,7.464,0.024,0.869,-8.97,SENSING
84620.0,690.442,-2778.057,-6462.518,7.464,0.024,0.869,-8.97,LISTENING
84630.0,764.992,-2777.667,-6453.472,7.456,0.055,0.942,-8.97,SENSING
84630.0,764.992,-2777.667,-6453.472,7.456,0.055,0.942,-8.97,LISTENING
84630.0,764.992,-2777.667,-6453.472,7.456,0.055,0.942,-8.97,SENSING
84630.0,764.992,-2777.667,-6453.472,7.456,0.055,0.942,-8.97,LISTENING
84641.96,854.04,-2776.79,-6441.696,7.445,0.093,1.029,-8.97,SENSING
84641.96,854.04,-2776.79,-6441.696,7.445,0.093,1.029,-8.97,LISTENING
84650.0,913.825,-2775.949,-6433.196,7.437,0.118,1.087,-8.97,SENSING
84650.0,913.825,-2775.949,-6433.196,7.437,0.118,1.087,-8.97,LISTENING
84656.84,964.635,-2775.075,-6425.594,7.43,0.139,1.137,-8.97,SENSING
84656.84,964.635,-2775.075,-6425.594,7.43,0.139,1.137,-8.97,LISTENING
84660.0,988.092,-2774.622,-6421.968,7.427,0.149,1.16,-8.97,SENSING
84660.0,988.092,-2774.622,-6421.968,7.427,0.149,1.16,-8.97,LISTENING
84688.77,1201.104,-2769.061,-6385.626,7.391,0.239,1.368,-8.97,SENSING
84688.77,1201.104,-2769.061,-6385.626,7.391,0.239,1.368,-8.97,LISTENING
84700.0,1283.957,-2766.189,-6369.818,7.375,0.274,1.449,-8.97,SENSING
84700.0,1283.957,-2766.189,-6369.818,7.375,0.274,1.449,-8.97,LISTENING
84705.03,1321.009,-2764.775,-6362.443,7.368,0.29,1.485,-8.97,SENSING
84705.03,1321.009,-2764.775,-6362.443,7.368,0.29,1.485,-8.97,LISTENING
84710.0,1357.582,-2763.3,-6354.977,7.36,0.305,1.521,-8.97,SENSING
84710.0,1357.582,-2763.3,-6354.977,7.36,0.305,1.521,-8.97,LISTENING
84717.21,1410.57,-2761.024,-6343.831,7.349,0.328,1.573,-8.97,SENSING
84717.21,1410.57,-2761.024,-6343.831,7.349,0.328,1.573,-8.97,LISTENING
84720.0,1431.053,-2760.1,-6339.417,7.344,0.337,1.593,-8.97,SENSING
84720.0,1431.053,-2760.1,-6339.417,7.344,0.337,1.593,-8.97,LISTENING
84726.86,1481.361,-2757.724,-6328.328,7.333,0.358,1.642,-8.97,SENSING
84726.86,1481.361,-2757.724,-6328.328,7.333,0.358,1.642,-8.97,LISTENING
84727.97,1489.494,-2757.326,-6326.503,7.331,0.361,1.65,-8.97,SENSING
84727.97,1489.494,-2757.326,-6326.503,7.331,0.361,1.65,-8.97,LISTENING
84730.0,1504.362,-2756.588,-6323.14,7.328,0.368,1.664,-8.97,SENSING
84730.0,1504.362,-2756.588,-6323.14,7.328,0.368,1.664,-8.97,LISTENING
84750.0,1650.462,-2748.632,-6288.442,7.292,0.43,1.807,-8.97,SENSING
84750.0,1650.462,-2748.632,-6288.442,7.292,0.43,1.807,-8.97,LISTENING
84760.0,1723.235,-2744.188,-6270.024,7.273,0.461,1.878,-8.97,SENSING
84760.0,1723.235,-2744.188,-6270.024,7.273,0.461,1.878,-8.97,LISTENING
84773.15,1818.635,-2737.872,-6244.724,7.247,0.502,1.972,-8.97,SENSING
84773.15,1818.635,-2737.872,-6244.724,7.247,0.502,1.972,-8.97,LISTENING
84790.0,1940.353,-2728.998,-6210.517,7.211,0.554,2.091,-8.97,SENSING
84790.0,1940.353,-2728.998,-6210.517,7.211,0.554,2.091,-8.97,LISTENING
84790.0,1940.353,-2728.998,-6210.517,7.211,0.554,2.091,-8.97,SENSING
84790.0,1940.353,-2728.998,-6210.517,7.211,0.554,2.091,-8.97,LISTENING
84806.57,2059.44,-2719.416,-6174.929,7.173,0.605,2.207,-8.97,SENSING
84806.57,2059.44,-2719.416,-6174.929,7.173,0.605,2.207,-8.97,LISTENING
84810.0,2084.012,-2717.327,-6167.322,7.165,0.616,2.231,-8.97,SENSING
84810.0,2084.012,-2717.327,-6167.322,7.165,0.616,2.231,-8.97,LISTENING
84820.0,2155.491,-2711.031,-6144.674,7.141,0.647,2.301,-8.97,SENSING
84820.0,2155.491,-2711.031,-6144.674,7.141,0.647,2.301,-8.97,LISTENING
84822.12,2170.614,-2709.656,-6139.783,7.136,0.653,2.316,-8.97,SENSING
84822.12,2170.614,-2709.656,-6139.783,7.136,0.653,2.316,-8.97,LISTENING
84830.0,2226.726,-2704.427,-6121.329,7.116,0.677,2.371,-8.97,SENSING
84830.0,2226.726,-2704.427,-6121.329,7.116,0.677,2.371,-8.97,LISTENING
84840.0,2297.708,-2697.518,-6097.289,7.09,0.708,2.44,-8.97,SENSING
84840.0,2297.708,-2697.518,-6097.289,7.09,0.708,2.44,-8.97,LISTENING
84854.1,2397.348,-2687.256,-6062.217,7.053,0.751,2.537,-8.97,SENSING
84854.1,2397.348,-2687.256,-6062.217,7.053,0.751,2.537,-8.97,LISTENING
84860.86,2444.928,-2682.122,-6044.916,7.034,0.772,2.584,-8.97,SENSING
84860.86,2444.928,-2682.122,-6044.916,7.034,0.772,2.584,-8.97,LISTENING
84870.0,2509.057,-2674.959,-6021.026,7.008,0.799,2.646,-8.97,SENSING
84870.0,2509.057,-2674.959,-6021.026,7.008,0.799,2.646,-8.97,LISTENING
84890.0,2648.544,-2658.402,-5966.759,6.95,0.86,2.783,-8.97,SENSING
84890.0,2648.544,-2658.402,-5966.759,6.95,0.86,2.783,-8.97,LISTENING
84908.56,2776.913,-2641.958,-5913.971,6.893,0.916,2.908,-8.97,SENSING
84908.56,2776.913,-2641.958,-5913.971,6.893,0.916,2.908,-8.97,LISTENING
84920.0,2855.498,-2631.308,-5880.277,6.856,0.95,2.985,-8.97,SENSING
84920.0,2855.498,-2631.308,-5880.277,6.856,0.95,2.985,-8.97,LISTENING
84967.18,3174.972,-2583.272,-5732.123,6.694,1.09,3.297,-8.97,SENSING
84967.18,3174.972,-2583.272,-5732.123,6.694,1.09,3.297,-8.97,LISTENING
84970.0,3193.82,-2580.192,-5722.803,6.684,1.098,3.316,-8.97,SENSING
84970.0,3193.82,-2580.192,-5722.803,6.684,1.098,3.316,-8.97,LISTENING
84987.42,3309.605,-2560.654,-5664.087,6.619,1.149,3.429,-8.97,SENSING
84987.42,3309.605,-2560.654,-5664.087,6.619,1.149,3.429,-8.97,LISTENING
84990.0,3326.657,-2557.685,-5655.224,6.609,1.157,3.445,-8.97,SENSING
84990.0,3326.657,-2557.685,-5655.224,6.609,1.157,3.445,-8.97,LISTENING
85000.0,3392.51,-2545.994,-5620.466,6.571,1.186,3.51,-8.97,SENSING
85000.0,3392.51,-2545.994,-5620.466,6.571,1.186,3.51,-8.97,LISTENING
85012.36,3473.369,-2531.144,-5576.618,6.522,1.222,3.589,-8.97,SENSING
85012.36,3473.369,-2531.144,-5576.618,6.522,1.222,3.589,-8.97,LISTENING
85020.0,3523.048,-2521.745,-5549.029,6.492,1.244,3.637,-8.97,SENSING
85020.0,3523.048,-2521.745,-5549.029,6.492,1.244,3.637,-8.97,LISTENING
85020.0,3523.048,-2521.745,-5549.029,6.492,1.244,3.637,-8.97,SENSING
85020.0,3523.048,-2521.745,-5549.029,6.492,1.244,3.637,-8.97,LISTENING
85027.44,3571.201,-2512.431,-5521.806,6.462,1.265,3.684,-8.97,SENSING
85027.44,3571.201,-2512.431,-5521.806,6.462,1.265,3.684,-8.97,LISTENING
85030.0,3587.718,-2509.189,-5512.359,6.451,1.272,3.7,-8.97,SENSING
85030.0,3587.718,-2509.189,-5512.359,6.451,1.272,3.7,-8.97,LISTENING
85030.0,3587.718,-2509.189,-5512.359,6.451,1.272,3.7,-8.97,SENSING
85030.0,3587.718,-2509.189,-5512.359,6.451,1.272,3.7,-8.97,LISTENING
85038.78,3644.161,-2497.93,-5479.643,6.415,1.298,3.756,-8.97,SENSING
85038.78,3644.161,-2497.93,-5479.643,6.415,1.298,3.756,-8.97,LISTENING
85040.0,3651.979,-2496.348,-5475.059,6.41,1.301,3.763,-8.97,SENSING
85040.0,3651.979,-2496.348,-5475.059,6.41,1.301,3.763,-8.97,LISTENING
85050.0,3715.823,-2483.222,-5437.135,6.368,1.329,3.826,-8.97,SENSING
85050.0,3715.823,-2483.222,-5437.135,6.368,1.329,3.826,-8.97,LISTENING
85050.0,3715.823,-2483.222,-5437.135,6.368,1.329,3.826,-8.97,SENSING
85050.0,3715.823,-2483.222,-5437.135,6.368,1.329,3.826,-8.97,LISTENING
85056.2,3755.193,-2474.942,-5413.309,6.341,1.347,3.864,-8.97,SENSING
85056.2,3755.193,-2474.942,-5413.309,6.341,1.347,3.864,-8.97,LISTENING
85060.0,3779.242,-2469.813,-5398.589,6.325,1.358,3.887,-8.97,SENSING
85060.0,3779.242,-2469.813,-5398.589,6.325,1.358,3.887,-8.97,LISTENING
85067.32,3825.392,-2459.82,-5369.983,6.293,1.378,3.932,-8.97,SENSING
85067.32,3825.392,-2459.82,-5369.983,6.293,1.378,3.932,-8.97,LISTENING
85070.0,3842.23,-2456.123,-5359.427,6.282,1.386,3.949,-8.97,SENSING
85070.0,3842.23,-2456.123,-5359.427,6.282,1.386,3.949,-8.97,LISTENING
85080.0,3904.779,-2442.153,-5319.652,6.237,1.414,4.01,-8.97,SENSING
85080.0,3904.779,-2442.153,-5319.652,6.237,1.414,4.01,-8.97,LISTENING
85084.84,3934.893,-2435.291,-5300.183,6.216,1.427,4.039,-8.97,SENSING
85084.84,3934.893,-2435.291,-5300.183,6.216,1.427,4.039,-8.97,LISTENING
85087.78,3953.134,-2431.092,-5288.287,6.202,1.435,4.057,-8.97,SENSING
85087.78,3953.134,-2431.092,-5288.287,6.202,1.435,4.057,-8.97,LISTENING
85090.0,3966.882,-2427.904,-5279.269,6.192,1.442,4.071,-8.97,SENSING
85090.0,3966.882,-2427.904,-5279.269,6.192,1.442,4.071,-8.97,LISTENING
85090.0,3966.882,-2427.904,-5279.269,6.192,1.442,4.071,-8.97,SENSING
85090.0,3966.882,-2427.904,-5279.269,6.192,1.442,4.071,-8.97,LISTENING
85090.0,3966.882,-2427.904,-5279.269,6.192,1.442,4.071,-8.97,SENSING
85090.0,3966.882,-2427.904,-5279.269,6.192,1.442,4.071,-8.97,MESSAGING
85090.0,3966.882,-2427.904,-5279.269,6.192,1.442,4.071,-8.97,SENSING
85090.0,3966.882,-2427.904,-5279.269,6.192,1.442,4.071,-8.97,LISTENING
85090.0,3966.882,-2427.904,-5279.269,6.192,1.442,4.071,-8.97,SENSING
85090.0,3966.882,-2427.904,-5279.269,6.192,1.442,4.071,-8.97,LISTENING
85110.0,4089.721,-2398.578,-5196.698,6.1,1.497,4.19,-8.97,SENSING
85110.0,4089.721,-2398.578,-5196.698,6.1,1.497,4.19,-8.97,LISTENING
85115.01,4120.201,-2391.06,-5175.64,6.077,1.511,4.22,-8.97,SENSING
85115.01,4120.201,-2391.06,-5175.64,6.077,1.511,4.22,-8.97,LISTENING
85120.0,4150.442,-2383.503,-5154.518,6.053,1.524,4.25,-8.97,SENSING
85120.0,4150.442,-2383.503,-5154.518,6.053,1.524,4.25,-8.97,LISTENING
85120.0,4150.442,-2383.503,-5154.518,6.053,1.524,4.25,-8.97,SENSING
85120.0,4150.442,-2383.503,-5154.518,6.053,1.524,4.25,-8.97,LISTENING
85126.33,4188.634,-2373.82,-5127.513,6.023,1.541,4.287,-8.97,SENSING
85126.33,4188.634,-2373.82,-5127.513,6.023,1.541,4.287,-8.97,LISTENING
85129.11,4205.346,-2369.534,-5115.579,6.009,1.549,4.303,-8.97,SENSING
85129.11,4205.346,-2369.534,-5115.579,6.009,1.549,4.303,-8.97,LISTENING
85130.0,4210.689,-2368.157,-5111.748,6.005,1.551,4.308,-8.97,SENSING
85130.0,4210.689,-2368.157,-5111.748,6.005,1.551,4.308,-8.97,LISTENING
85130.0,4210.689,-2368.157,-5111.748,6.005,1.551,4.308,-8.97,SENSING
85130.0,4210.689,-2368.157,-5111.748,6.005,1.551,4.308,-8.97,LISTENING
85137.07,4252.993,-2357.143,-5081.157,5.971,1.57,4.35,-8.97,SENSING
85137.07,4252.993,-2357.143,-5081.157,5.971,1.57,4.35,-8.97,LISTENING
85140.0,4270.454,-2352.54,-5068.394,5.957,1.578,4.367,-8.97,SENSING
85140.0,4270.454,-2352.54,-5068.394,5.957,1.578,4.367,-8.97,LISTENING
85150.0,4329.73,-2336.654,-5024.459,5.907,1.605,4.425,-8.97,SENSING
85150.0,4329.73,-2336.654,-5024.459,5.907,1.605,4.425,-8.97,LISTENING
85160.0,4388.511,-2320.502,-4979.949,5.857,1.632,4.482,-8.97,SENSING
85160.0,4388.511,-2320.502,-4979.949,5.857,1.632,4.482,-8.97,LISTENING
85186.91,4544.175,-2275.723,-4857.354,5.72,1.703,4.634,-8.97,SENSING
85186.91,4544.175,-2275.723,-4857.354,5.72,1.703,4.634,-8.97,LISTENING
85190.0,4561.811,-2270.46,-4843.017,5.703,1.711,4.651,-8.97,SENSING
85190.0,4561.811,-2270.46,-4843.017,5.703,1.711,4.651,-8.97,LISTENING
85190.0,4561.811,-2270.46,-4843.017,5.703,1.711,4.651,-8.97,SENSING
85190.0,4561.811,-2270.46,-4843.017,5.703,1.711,4.651,-8.97,LISTENING
85196.0,4595.912,-2260.17,-4815.026,5.672,1.726,4.684,-8.97,SENSING
85196.0,4595.912,-2260.17,-4815.026,5.672,1.726,4.684,-8.97,LISTENING
85200.0,4618.541,-2253.258,-4796.255,5.651,1.737,4.706,-8.97,SENSING
85200.0,4618.541,-2253.258,-4796.255,5.651,1.737,4.706,-8.97,LISTENING
85206.14,4653.112,-2242.568,-4767.271,5.618,1.752,4.74,-8.97,SENSING
85206.14,4653.112,-2242.568,-4767.271,5.618,1.752,4.74,-8.97,LISTENING
85210.0,4674.742,-2235.798,-4748.944,5.598,1.762,4.761,-8.97,SENSING
85210.0,4674.742,-2235.798,-4748.944,5.598,1.762,4.761,-8.97,LISTENING
85210.0,4674.742,-2235.798,-4748.944,5.598,1.762,4.761,-8.97,SENSING
85210.0,4674.742,-2235.798,-4748.944,5.598,1.762,4.761,-8.97,LISTENING
85220.0,4730.407,-2218.083,-4701.089,5.544,1.788,4.815,-8.97,SENSING
85220.0,4730.407,-2218.083,-4701.089,5.544,1.788,4.815,-8.97,LISTENING
85222.56,4744.571,-2213.507,-4688.751,5.53,1.794,4.829,-8.97,SENSING
85222.56,4744.571,-2213.507,-4688.751,5.53,1.794,4.829,-8.97,LISTENING
85230.0,4785.53,-2200.114,-4652.694,5.489,1.813,4.869,-8.97,SENSING
85230.0,4785.53,-2200.114,-4652.694,5.489,1.813,4.869,-8.97,LISTENING
85237.52,4826.621,-2186.435,-4615.95,5.447,1.832,4.909,-8.97,SENSING
85237.52,4826.621,-2186.435,-4615.95,5.447,1.832,4.909,-8.97,LISTENING
85240.0,4840.104,-2181.892,-4603.766,5.434,1.838,4.922,-8.97,SENSING
85240.0,4840.104,-2181.892,-4603.766,5.434,1.838,4.922,-8.97,LISTENING
85250.0,4894.123,-2163.422,-4554.309,5.378,1.863,4.974,-8.97,SENSING
85250.0,4894.123,-2163.422,-4554.309,5.378,1.863,4.974,-8.97,LISTENING
85250.52,4896.917,-2162.454,-4551.723,5.375,1.864,4.977,-8.97,SENSING
85250.52,4896.917,-2162.454,-4551.723,5.375,1.864,4.977,-8.97,LISTENING
85260.0,4947.581,-2144.703,-4504.33,5.321,1.888,5.026,-8.97,SENSING
85260.0,4947.581,-2144.703,-4504.33,5.321,1.888,5.026,-8.97,LISTENING
85266.0,4979.383,-2133.354,-4474.093,5.287,1.903,5.057,-8.97,SENSING
85266.0,4979.383,-2133.354,-4474.093,5.287,1.903,5.057,-8.97,LISTENING
85270.0,5000.47,-2125.739,-4453.833,5.264,1.912,5.078,-8.97,SENSING
85270.0,5000.47,-2125.739,-4453.833,5.264,1.912,5.078,-8.97,LISTENING
85276.99,5037.1,-2112.338,-4418.232,5.224,1.929,5.114,-8.97,SENSING
85276.99,5037.1,-2112.338,-4418.232,5.224,1.929,5.114,-8.97,LISTENING
85280.0,5052.786,-2106.531,-4402.825,5.206,1.937,5.129,-8.97,SENSING
85280.0,5052.786,-2106.531,-4402.825,5.206,1.937,5.129,-8.97,LISTENING
85292.36,5116.646,-2082.457,-4339.082,5.134,1.966,5.191,-8.97,SENSING
85292.36,5116.646,-2082.457,-4339.082,5.134,1.966,5.191,-8.97,LISTENING
85300.0,5155.671,-2067.394,-4299.298,5.089,1.985,5.229,-8.97,SENSING
85300.0,5155.671,-2067.394,-4299.298,5.089,1.985,5.229,-8.97,LISTENING
85317.15,5242.01,-2033.078,-4208.949,4.987,2.025,5.313,-8.97,SENSING
85317.15,5242.01,-2033.078,-4208.949,4.987,2.025,5.313,-8.97,LISTENING
85320.0,5256.187,-2027.308,-4193.796,4.969,2.032,5.326,-8.97,SENSING
85320.0,5256.187,-2027.308,-4193.796,4.969,2.032,5.326,-8.97,LISTENING
85320.0,5256.187,-2027.308,-4193.796,4.969,2.032,5.326,-8.97,SENSING
85320.0,5256.187,-2027.308,-4193.796,4.969,2.032,5.326,-8.97,LISTENING
85340.0,5354.288,-1986.293,-4086.365,4.847,2.078,5.422,-8.97,SENSING
85340.0,5354.288,-1986.293,-4086.365,4.847,2.078,5.422,-8.97,LISTENING
85350.0,5402.418,-1965.443,-4031.941,4.786,2.1,5.468,-8.97,SENSING
85350.0,5402.418,-1965.443,-4031.941,4.786,2.1,5.468,-8.97,LISTENING
85360.0,5449.927,-1944.366,-3977.054,4.723,2.123,5.514,-8.97,SENSING
85360.0,5449.927,-1944.366,-3977.054,4.723,2.123,5.514,-8.97,LISTENING
85361.23,5455.728,-1941.759,-3970.271,4.715,2.126,5.52,-8.97,SENSING
85361.23,5455.728,-1941.759,-3970.271,4.715,2.126,5.52,-8.97,LISTENING
85367.34,5484.4,-1928.754,-3936.476,4.677,2.139,5.548,-8.97,SENSING
85367.34,5484.4,-1928.754,-3936.476,4.677,2.139,5.548,-8.97,LISTENING
85370.0,5496.81,-1923.067,-3921.71,4.66,2.145,5.56,-8.97,SENSING
85370.0,5496.81,-1923.067,-3921.71,4.66,2.145,5.56,-8.97,LISTENING
85370.0,5496.81,-1923.067,-3921.71,4.66,2.145,5.56,-8.97,SENSING
85370.0,5496.81,-1923.067,-3921.71,4.66,2.145,5.56,-8.97,LISTENING
85380.0,5543.06,-1901.547,-3865.914,4.597,2.167,5.605,-8.97,SENSING
85380.0,5543.06,-1901.547,-3865.914,4.597,2.167,5.605,-8.97,LISTENING
85400.0,5633.641,-1857.855,-3752.994,4.468,2.21,5.693,-8.97,SENSING
85400.0,5633.641,-1857.855,-3752.994,4.468,2.21,5.693,-8.97,LISTENING
85436.37,5791.69,-1776.227,-3543.257,4.229,2.286,5.845,-8.97,SENSING
85436.37,5791.69,-1776.227,-3543.257,4.229,2.286,5.845,-8.97,LISTENING
85450.0,5848.661,-1744.933,-3463.248,4.137,2.314,5.9,-8.97,SENSING
85450.0,5848.661,-1744.933,-3463.248,4.137,2.314,5.9,-8.97,LISTENING
85450.0,5848.661,-1744.933,-3463.248,4.137,2.314,5.9,-8.97,SENSING
85450.0,5848.661,-1744.933,-3463.248,4.137,2.314,5.9,-8.97,LISTENING
85455.97,5873.221,-1731.109,-3427.97,4.097,2.326,5.924,-8.97,SENSING
85455.97,5873.221,-1731.109,-3427.97,4.097,2.326,5.924,-8.97,LISTENING
85469.29,5927.147,-1700.01,-3348.752,4.006,2.352,5.976,-8.97,SENSING
85469.29,5927.147,-1700.01,-3348.752,4.006,2.352,5.976,-8.97,LISTENING
85470.0,5929.988,-1698.342,-3344.51,4.001,2.354,5.979,-8.97,SENSING
85470.0,5929.988,-1698.342,-3344.51,4.001,2.354,5.979,-8.97,LISTENING
85475.36,5951.321,-1685.723,-3312.424,3.965,2.364,6.0,-8.97,SENSING
85475.36,5951.321,-1685.723,-3312.424,3.965,2.364,6.0,-8.97,LISTENING
85480.0,5969.629,-1674.753,-3284.559,3.933,2.373,6.017,-8.97,SENSING
85480.0,5969.629,-1674.753,-3284.559,3.933,2.373,6.017,-8.97,LISTENING
85490.0,6008.582,-1650.97,-3224.23,3.864,2.392,6.055,-8.97,SENSING
85490.0,6008.582,-1650.97,-3224.23,3.864,2.392,6.055,-8.97,LISTENING
85490.0,6008.582,-1650.97,-3224.23,3.864,2.392,6.055,-8.97,SENSING
85490.0,6008.582,-1650.97,-3224.23,3.864,2.392,6.055,-8.97,LISTENING
85507.22,6074.034,-1609.574,-3119.475,3.744,2.425,6.118,-8.97,SENSING
85507.22,6074.034,-1609.574,-3119.475,3.744,2.425,6.118,-8.97,LISTENING
85510.0,6084.406,-1602.839,-3102.463,3.724,2.43,6.128,-8.97,SENSING
85510.0,6084.406,-1602.839,-3102.463,3.724,2.43,6.128,-8.97,LISTENING
85510.0,6084.406,-1602.839,-3102.463,3.724,2.43,6.128,-8.97,SENSING
85510.0,6084.406,-1602.839,-3102.463,3.724,2.43,6.128,-8.97,LISTENING
85538.61,6187.987,-1532.709,-2925.801,3.522,2.481,6.227,-8.97,SENSING
85538.61,6187.987,-1532.709,-2925.801,3.522,2.481,6.227,-8.97,LISTENING
85550.0,6227.603,-1504.384,-2854.692,3.44,2.501,6.265,-8.97,SENSING
85550.0,6227.603,-1504.384,-2854.692,3.44,2.501,6.265,-8.97,LISTENING
85550.0,6227.603,-1504.384,-2854.692,3.44,2.501,6.265,-8.97,SENSING
85550.0,6227.603,-1504.384,-2854.692,3.44,2.501,6.265,-8.97,LISTENING
85570.04,6295.039,-1454.005,-2728.548,3.295,2.536,6.33,-8.97,SENSING
85570.04,6295.039,-1454.005,-2728.548,3.295,2.536,6.33,-8.97,LISTENING
85580.0,6327.473,-1428.715,-2665.38,3.222,2.552,6.361,-8.97,SENSING
85580.0,6327.473,-1428.715,-2665.38,3.222,2.552,6.361,-8.97,LISTENING
85580.0,6327.473,-1428.715,-2665.38,3.222,2.552,6.361,-8.97,SENSING
85580.0,6327.473,-1428.715,-2665.38,3.222,2.552,6.361,-8.97,LISTENING
85580.88,6330.303,-1426.472,-2659.784,3.216,2.554,6.364,-8.97,SENSING
85580.88,6330.303,-1426.472,-2659.784,3.216,2.554,6.364,-8.97,LISTENING
85590.0,6359.307,-1403.158,-2601.65,3.149,2.569,6.391,-8.97,SENSING
85590.0,6359.307,-1403.158,-2601.65,3.149,2.569,6.391,-8.97,LISTENING
85602.74,6398.801,-1370.366,-2520.025,3.055,2.589,6.429,-8.97,SENSING
85602.74,6398.801,-1370.366,-2520.025,3.055,2.589,6.429,-8.97,LISTENING
85610.0,6420.771,-1351.564,-2473.298,3.002,2.6,6.45,-8.97,SENSING
85610.0,6420.771,-1351.564,-2473.298,3.002,2.6,6.45,-8.97,LISTENING
85640.0,6507.399,-1273.011,-2278.646,2.777,2.646,6.532,-8.97,SENSING
85640.0,6507.399,-1273.011,-2278.646,2.777,2.646,6.532,-8.97,LISTENING
85643.91,6518.193,-1262.674,-2253.098,2.748,2.652,6.543,-8.97,SENSING
85643.91,6518.193,-1262.674,-2253.098,2.748,2.652,6.543,-8.97,LISTENING
85650.0,6534.776,-1246.529,-2213.226,2.702,2.66,6.558,-8.97,SENSING
85650.0,6534.776,-1246.529,-2213.226,2.702,2.66,6.558,-8.97,LISTENING
85665.68,6576.183,-1204.718,-2110.135,2.583,2.683,6.597,-8.97,SENSING
85665.68,6576.183,-1204.718,-2110.135,2.583,2.683,6.597,-8.97,LISTENING
85670.0,6587.264,-1193.138,-2081.625,2.55,2.689,6.608,-8.97,SENSING
85670.0,6587.264,-1193.138,-2081.625,2.55,2.689,6.608,-8.97,LISTENING
85670.0,6587.264,-1193.138,-2081.625,2.55,2.689,6.608,-8.97,SENSING
85670.0,6587.264,-1193.138,-2081.625,2.55,2.689,6.608,-8.97,LISTENING
85682.46,6618.426,-1159.595,-1999.148,2.455,2.705,6.637,-8.97,SENSING
85682.46,6618.426,-1159.595,-1999.148,2.455,2.705,6.637,-8.97,LISTENING
85690.0,6636.707,-1139.196,-1949.063,2.398,2.715,6.655,-8.97,SENSING
85690.0,6636.707,-1139.196,-1949.063,2.398,2.715,6.655,-8.97,LISTENING
85700.0,6660.281,-1112.026,-1882.44,2.321,2.728,6.677,-8.97,SENSING
85700.0,6660.281,-1112.026,-1882.44,2.321,2.728,6.677,-8.97,LISTENING
85711.5,6686.438,-1080.623,-1805.555,2.232,2.743,6.701,-8.97,SENSING
85711.5,6686.438,-1080.623,-1805.555,2.232,2.743,6.701,-8.97,LISTENING
85720.0,6705.115,-1057.305,-1748.549,2.166,2.754,6.719,-8.97,SENSING
85720.0,6705.115,-1057.305,-1748.549,2.166,2.754,6.719,-8.97,LISTENING
85720.0,6705.115,-1057.305,-1748.549,2.166,2.754,6.719,-8.97,SENSING
85720.0,6705.115,-1057.305,-1748.549,2.166,2.754,6.719,-8.97,LISTENING
85740.0,6746.85,-1002.096,-1613.849,2.011,2.777,6.758,-8.97,SENSING
85740.0,6746.85,-1002.096,-1613.849,2.011,2.777,6.758,-8.97,LISTENING
85752.88,6772.078,-966.295,-1526.703,1.91,2.792,6.781,-8.97,SENSING
85752.88,6772.078,-966.295,-1526.703,1.91,2.792,6.781,-8.97,LISTENING
85760.0,6785.466,-946.425,-1478.402,1.854,2.8,6.793,-8.97,SENSING
85760.0,6785.466,-946.425,-1478.402,1.854,2.8,6.793,-8.97,LISTENING
85770.0,6803.599,-918.423,-1410.419,1.775,2.811,6.81,-8.97,SENSING
85770.0,6803.599,-918.423,-1410.419,1.775,2.811,6.81,-8.97,LISTENING
85781.31,6823.158,-886.626,-1333.333,1.686,2.822,6.828,-8.97,SENSING
85781.31,6823.158,-886.626,-1333.333,1.686,2.822,6.828,-8.97,LISTENING
85790.0,6837.501,-862.106,-1273.97,1.618,2.831,6.841,-8.97,SENSING
85790.0,6837.501,-862.106,-1273.97,1.618,2.831,6.841,-8.97,LISTENING
85800.19,6853.56,-833.257,-1204.219,1.537,2.841,6.856,-8.97,SENSING
85800.19,6853.56,-833.257,-1204.219,1.537,2.841,6.856,-8.97,LISTENING
85810.0,6868.242,-805.39,-1136.933,1.459,2.851,6.869,-8.97,SENSING
85810.0,6868.242,-805.39,-1136.933,1.459,2.851,6.869,-8.97,LISTENING
86159.69,6886.016,222.563,1287.165,-1.358,2.97,6.838,-8.97,SENSING
86159.69,6886.016,222.563,1287.165,-1.358,2.97,6.838,-8.97,LISTENING
86200.0,6824.862,341.821,1561.383,-1.678,2.957,6.772,-8.97,SENSING
86200.0,6824.862,341.821,1561.383,-1.678,2.957,6.772,-8.97,LISTENING
86273.19,6681.168,556.568,2051.422,-2.249,2.919,6.619,-8.97,SENSING
86273.19,6681.168,556.568,2051.422,-2.249,2.919,6.619,-8.97,MANEUVERING
86273.19,6681.168,556.568,2051.422,-2.249,2.919,6.619,-8.97,LISTENING
86277.78,6670.769,569.935,2081.763,-2.285,2.916,6.608,-4.38,MANEUVERING
86277.78,6670.769,569.935,2081.763,-2.285,2.916,6.608,-4.38,SENSING
86277.78,6670.769,569.935,2081.763,-2.285,2.916,6.608,-4.38,MANEUVERING
86277.78,6670.769,569.935,2081.763,-2.285,2.916,6.608,-4.38,LISTENING
86290.0,6642.293,605.454,2162.289,-2.379,2.908,6.578,7.84,MANEUVERING
86290.0,6642.293,605.454,2162.289,-2.379,2.908,6.578,7.84,SENSING
86290.0,6642.293,605.454,2162.289,-2.379,2.908,6.578,7.84,MEASURING
86290.0,6642.293,605.454,2162.289,-2.379,2.908,6.578,7.84,SENSING
86290.0,6642.293,605.454,2162.289,-2.379,2.908,6.578,7.84,LISTENING
86300.0,6618.137,634.443,2227.91,-2.455,2.9,6.553,7.84,SENSING
86300.0,6618.137,634.443,2227.91,-2.455,2.9,6.553,7.84,LISTENING
86315.65,6578.802,679.663,2330.086,-2.575,2.889,6.511,7.84,SENSING
86315.65,6578.802,679.663,2330.086,-2.575,2.889,6.511,7.84,MANEUVERING
86315.65,6578.802,679.663,2330.086,-2.575,2.889,6.511,7.84,LISTENING
86328.53,6545.032,716.736,2413.684,-2.672,2.878,6.476,20.72,MANEUVERING
86328.53,6545.032,716.736,2413.684,-2.672,2.878,6.476,20.72,SENSING
86328.53,6545.032,716.736,2413.684,-2.672,2.878,6.476,20.72,MANEUVERING
86328.53,6545.032,716.736,2413.684,-2.672,2.878,6.476,20.72,LISTENING
86340.0,6513.905,749.635,2487.742,-2.759,2.868,6.444,32.19,MANEUVERING
86340.0,6513.905,749.635,2487.742,-2.759,2.868,6.444,32.19,SENSING
86340.0,6513.905,749.635,2487.742,-2.759,2.868,6.444,32.19,MEASURING
86340.0,6513.905,749.635,2487.742,-2.759,2.868,6.444,32.19,SENSING
86340.0,6513.905,749.635,2487.742,-2.759,2.868,6.444,32.19,LISTENING
86346.46,6495.938,768.115,2529.287,-2.807,2.863,6.425,32.19,SENSING
86346.46,6495.938,768.115,2529.287,-2.807,2.863,6.425,32.19,LISTENING
86370.0,6427.827,835.135,2679.628,-2.983,2.841,6.354,32.19,SENSING
86370.0,6427.827,835.135,2679.628,-2.983,2.841,6.354,32.19,LISTENING
86400.0,6335.077,919.771,2868.73,-3.204,2.811,6.258,32.19,SENSING
