t,x_pos,y_pos,z_pos,x_vel,y_vel,z_vel,attitude,status
0.0,-4217.821,-3777.481,-4155.722,-0.441,-5.315,5.361,0.0,SENSING
0.0,-4217.821,-3777.481,-4155.722,-0.441,-5.315,5.361,0.0,MANEUVERING
7.887,-4221.164,-3819.228,-4113.314,-0.403,-5.281,5.399,-7.887,MANEUVERING
7.887,-4221.164,-3819.228,-4113.314,-0.403,-5.281,5.399,-7.887,SENSING
7.887,-4221.164,-3819.228,-4113.314,-0.403,-5.281,5.399,-7.887,MANEUVERING
9.052,-4221.633,-3825.372,-4107.024,-0.397,-5.276,5.404,-9.052,MANEUVERING
9.052,-4221.633,-3825.372,-4107.024,-0.397,-5.276,5.404,-9.052,MANEUVERING
9.106,-4221.654,-3825.656,-4106.734,-0.397,-5.276,5.404,-9.106,MANEUVERING
9.106,-4221.654,-3825.656,-4106.734,-0.397,-5.276,5.404,-9.106,SENSING
9.106,-4221.654,-3825.656,-4106.734,-0.397,-5.276,5.404,-9.106,MANEUVERING
9.114,-4221.658,-3825.7,-4106.688,-0.397,-5.276,5.404,-9.114,MANEUVERING
9.114,-4221.658,-3825.7,-4106.688,-0.397,-5.276,5.404,-9.114,SENSING
9.114,-4221.658,-3825.7,-4106.688,-0.397,-5.276,5.404,-9.114,TRAVELING
11.131,-4222.452,-3836.319,-4095.787,-0.387,-5.267,5.414,-9.114,TRAVELING
11.131,-4222.452,-3836.319,-4095.787,-0.387,-5.267,5.414,-9.114,SENSING
11.131,-4222.452,-3836.319,-4095.787,-0.387,-5.267,5.414,-9.114,TRAVELING
11.166,-4222.466,-3836.506,-4095.595,-0.387,-5.267,5.414,-9.114,TRAVELING
11.166,-4222.466,-3836.506,-4095.595,-0.387,-5.267,5.414,-9.114,SENSING
11.166,-4222.466,-3836.506,-4095.595,-0.387,-5.267,5.414,-9.114,MANEUVERING
11.18,-4222.472,-3836.581,-4095.518,-0.387,-5.267,5.414,-9.128,MANEUVERING
11.18,-4222.472,-3836.581,-4095.518,-0.387,-5.267,5.414,-9.128,SENSING
11.18,-4222.472,-3836.581,-4095.518,-0.387,-5.267,5.414,-9.128,TRAVELING
31.383,-4229.338,-3941.971,-3985.24,-0.289,-5.176,5.508,-9.128,TRAVELING
31.383,-4229.338,-3941.971,-3985.24,-0.289,-5.176,5.508,-9.128,SENSING
31.383,-4229.338,-3941.971,-3985.24,-0.289,-5.176,5.508,-9.128,TRAVELING
32.571,-4229.68,-3948.107,-3978.701,-0.283,-5.171,5.513,-9.128,TRAVELING
32.571,-4229.68,-3948.107,-3978.701,-0.283,-5.171,5.513,-9.128,SENSING
32.571,-4229.68,-3948.107,-3978.701,-0.283,-5.171,5.513,-9.128,MANEUVERING
32.721,-4229.723,-3948.885,-3977.871,-0.282,-5.17,5.514,-9.279,MANEUVERING
32.721,-4229.723,-3948.885,-3977.871,-0.282,-5.17,5.514,-9.279,SENSING
32.721,-4229.723,-3948.885,-3977.871,-0.282,-5.17,5.514,-9.279,MANEUVERING
32.722,-4229.723,-3948.891,-3977.865,-0.282,-5.17,5.514,-9.28,MANEUVERING
32.722,-4229.723,-3948.891,-3977.865,-0.282,-5.17,5.514,-9.28,SENSING
32.722,-4229.723,-3948.891,-3977.865,-0.282,-5.17,5.514,-9.28,TRAVELING
32.937,-4229.784,-3949.997,-3976.684,-0.281,-5.169,5.515,-9.28,TRAVELING
32.937,-4229.784,-3949.997,-3976.684,-0.281,-5.169,5.515,-9.28,SENSING
32.937,-4229.784,-3949.997,-3976.684,-0.281,-5.169,5.515,-9.28,TRAVELING
33.09,-4229.827,-3950.788,-3975.84,-0.281,-5.168,5.516,-9.28,TRAVELING
33.09,-4229.827,-3950.788,-3975.84,-0.281,-5.168,5.516,-9.28,SENSING
33.09,-4229.827,-3950.788,-3975.84,-0.281,-5.168,5.516,-9.28,MANEUVERING
33.092,-4229.828,-3950.801,-3975.826,-0.281,-5.168,5.516,-9.283,MANEUVERING
33.092,-4229.828,-3950.801,-3975.826,-0.281,-5.168,5.516,-9.283,SENSING
33.092,-4229.828,-3950.801,-3975.826,-0.281,-5.168,5.516,-9.283,TRAVELING
34.337,-4230.176,-3957.227,-3968.958,-0.274,-5.163,5.521,-9.283,TRAVELING
34.337,-4230.176,-3957.227,-3968.958,-0.274,-5.163,5.521,-9.283,SENSING
34.337,-4230.176,-3957.227,-3968.958,-0.274,-5.163,5.521,-9.283,TRAVELING
42.977,-4232.384,-4001.619,-3921.107,-0.232,-5.123,5.561,-9.283,TRAVELING
42.977,-4232.384,-4001.619,-3921.107,-0.232,-5.123,5.561,-9.283,SENSING
42.977,-4232.384,-4001.619,-3921.107,-0.232,-5.123,5.561,-9.283,TRAVELING
44.87,-4232.819,-4011.298,-3910.579,-0.223,-5.114,5.569,-9.283,TRAVELING
44.87,-4232.819,-4011.298,-3910.579,-0.223,-5.114,5.569,-9.283,SENSING
44.87,-4232.819,-4011.298,-3910.579,-0.223,-5.114,5.569,-9.283,TRAVELING
45.179,-4232.888,-4012.877,-3908.858,-0.222,-5.113,5.571,-9.283,TRAVELING
45.179,-4232.888,-4012.877,-3908.858,-0.222,-5.113,5.571,-9.283,SENSING
45.179,-4232.888,-4012.877,-3908.858,-0.222,-5.113,5.571,-9.283,TRAVELING
45.188,-4232.89,-4012.923,-3908.808,-0.222,-5.113,5.571,-9.283,TRAVELING
45.188,-4232.89,-4012.923,-3908.808,-0.222,-5.113,5.571,-9.283,SENSING
45.188,-4232.89,-4012.923,-3908.808,-0.222,-5.113,5.571,-9.283,TRAVELING
45.681,-4233.0,-4015.438,-3906.066,-0.219,-5.111,5.573,-9.283,TRAVELING
45.681,-4233.0,-4015.438,-3906.066,-0.219,-5.111,5.573,-9.283,SENSING
45.681,-4233.0,-4015.438,-3906.066,-0.219,-5.111,5.573,-9.283,TRAVELING
50.138,-4233.938,-4038.148,-3881.196,-0.198,-5.09,5.593,-9.283,TRAVELING
50.138,-4233.938,-4038.148,-3881.196,-0.198,-5.09,5.593,-9.283,SENSING
50.138,-4233.938,-4038.148,-3881.196,-0.198,-5.09,5.593,-9.283,TRAVELING
52.198,-4234.339,-4048.613,-3869.671,-0.188,-5.08,5.602,-9.283,TRAVELING
52.198,-4234.339,-4048.613,-3869.671,-0.188,-5.08,5.602,-9.283,SENSING
52.198,-4234.339,-4048.613,-3869.671,-0.188,-5.08,5.602,-9.283,TRAVELING
60.0,-4235.67,-4088.072,-3825.849,-0.15,-5.044,5.637,-9.283,TRAVELING
60.0,-4235.67,-4088.072,-3825.849,-0.15,-5.044,5.637,-9.283,SENSING
60.0,-4235.67,-4088.072,-3825.849,-0.15,-5.044,5.637,-9.283,TRAVELING
61.35,-4235.871,-4094.869,-3818.241,-0.143,-5.038,5.643,-9.283,TRAVELING
61.35,-4235.871,-4094.869,-3818.241,-0.143,-5.038,5.643,-9.283,SENSING
61.35,-4235.871,-4094.869,-3818.241,-0.143,-5.038,5.643,-9.283,TRAVELING
130.0,-4234.349,-4428.944,-3421.072,0.192,-4.7,5.929,-9.283,TRAVELING
130.0,-4234.349,-4428.944,-3421.072,0.192,-4.7,5.929,-9.283,SENSING
130.0,-4234.349,-4428.944,-3421.072,0.192,-4.7,5.929,-9.283,TRAVELING
130.886,-4234.179,-4433.102,-3415.822,0.196,-4.696,5.932,-9.283,TRAVELING
130.886,-4234.179,-4433.102,-3415.822,0.196,-4.696,5.932,-9.283,SENSING
130.886,-4234.179,-4433.102,-3415.822,0.196,-4.696,5.932,-9.283,TRAVELING
160.0,-4226.473,-4567.491,-3241.551,0.338,-4.545,6.044,-9.283,TRAVELING
160.0,-4226.473,-4567.491,-3241.551,0.338,-4.545,6.044,-9.283,SENSING
160.0,-4226.473,-4567.491,-3241.551,0.338,-4.545,6.044,-9.283,TRAVELING
161.897,-4225.828,-4576.096,-3230.082,0.347,-4.535,6.051,-9.283,TRAVELING
161.897,-4225.828,-4576.096,-3230.082,0.347,-4.535,6.051,-9.283,SENSING
161.897,-4225.828,-4576.096,-3230.082,0.347,-4.535,6.051,-9.283,TRAVELING
210.0,-4203.618,-4787.805,-2934.97,0.581,-4.275,6.222,-9.283,TRAVELING
210.0,-4203.618,-4787.805,-2934.97,0.581,-4.275,6.222,-9.283,SENSING
210.0,-4203.618,-4787.805,-2934.97,0.581,-4.275,6.222,-9.283,TRAVELING
210.017,-4203.609,-4787.876,-2934.867,0.581,-4.275,6.222,-9.283,TRAVELING
210.017,-4203.609,-4787.876,-2934.867,0.581,-4.275,6.222,-9.283,SENSING
210.017,-4203.609,-4787.876,-2934.867,0.581,-4.275,6.222,-9.283,TRAVELING
214.1,-4201.206,-4805.269,-2909.44,0.601,-4.252,6.236,-9.283,TRAVELING
214.1,-4201.206,-4805.269,-2909.44,0.601,-4.252,6.236,-9.283,SENSING
214.1,-4201.206,-4805.269,-2909.44,0.601,-4.252,6.236,-9.283,TRAVELING
250.0,-4176.613,-4954.147,-2683.569,0.775,-4.05,6.352,-9.283,TRAVELING
250.0,-4176.613,-4954.147,-2683.569,0.775,-4.05,6.352,-9.283,SENSING
250.0,-4176.613,-4954.147,-2683.569,0.775,-4.05,6.352,-9.283,TRAVELING
256.496,-4171.498,-4980.308,-2642.259,0.806,-4.013,6.372,-9.283,TRAVELING
256.496,-4171.498,-4980.308,-2642.259,0.806,-4.013,6.372,-9.283,SENSING
256.496,-4171.498,-4980.308,-2642.259,0.806,-4.013,6.372,-9.283,TRAVELING
260.0,-4168.655,-4994.316,-2619.927,0.823,-3.992,6.383,-9.283,TRAVELING
260.0,-4168.655,-4994.316,-2619.927,0.823,-3.992,6.383,-9.283,SENSING
260.0,-4168.655,-4994.316,-2619.927,0.823,-3.992,6.383,-9.283,TRAVELING
261.767,-4167.2,-5001.352,-2608.653,0.831,-3.982,6.388,-9.283,TRAVELING
261.767,-4167.2,-5001.352,-2608.653,0.831,-3.982,6.388,-9.283,SENSING
261.767,-4167.2,-5001.352,-2608.653,0.831,-3.982,6.388,-9.283,TRAVELING
270.0,-4160.217,-5033.907,-2555.982,0.871,-3.934,6.413,-9.283,TRAVELING
270.0,-4160.217,-5033.907,-2555.982,0.871,-3.934,6.413,-9.283,SENSING
270.0,-4160.217,-5033.907,-2555.982,0.871,-3.934,6.413,-9.283,TRAVELING
270.919,-4159.418,-5037.516,-2550.091,0.875,-3.929,6.415,-9.283,TRAVELING
270.919,-4159.418,-5037.516,-2550.091,0.875,-3.929,6.415,-9.283,SENSING
270.919,-4159.418,-5037.516,-2550.091,0.875,-3.929,6.415,-9.283,TRAVELING
272.358,-4158.157,-5043.159,-2540.859,0.882,-3.921,6.42,-9.283,TRAVELING
272.358,-4158.157,-5043.159,-2540.859,0.882,-3.921,6.42,-9.283,SENSING
272.358,-4158.157,-5043.159,-2540.859,0.882,-3.921,6.42,-9.283,TRAVELING
290.0,-4141.902,-5111.343,-2427.214,0.967,-3.817,6.47,-9.283,TRAVELING
290.0,-4141.902,-5111.343,-2427.214,0.967,-3.817,6.47,-9.283,SENSING
290.0,-4141.902,-5111.343,-2427.214,0.967,-3.817,6.47,-9.283,TRAVELING
310.0,-4121.676,-5186.419,-2297.325,1.062,-3.698,6.525,-9.283,TRAVELING
310.0,-4121.676,-5186.419,-2297.325,1.062,-3.698,6.525,-9.283,SENSING
310.0,-4121.676,-5186.419,-2297.325,1.062,-3.698,6.525,-9.283,TRAVELING
315.742,-4115.517,-5207.532,-2259.835,1.09,-3.664,6.54,-9.283,TRAVELING
315.742,-4115.517,-5207.532,-2259.835,1.09,-3.664,6.54,-9.283,SENSING
315.742,-4115.517,-5207.532,-2259.835,1.09,-3.664,6.54,-9.283,TRAVELING
350.0,-4075.524,-5329.348,-2034.423,1.252,-3.455,6.625,-9.283,TRAVELING
350.0,-4075.524,-5329.348,-2034.423,1.252,-3.455,6.625,-9.283,SENSING
350.0,-4075.524,-5329.348,-2034.423,1.252,-3.455,6.625,-9.283,TRAVELING
358.007,-4065.379,-5356.784,-1981.329,1.289,-3.406,6.644,-9.283,TRAVELING
358.007,-4065.379,-5356.784,-1981.329,1.289,-3.406,6.644,-9.283,SENSING
358.007,-4065.379,-5356.784,-1981.329,1.289,-3.406,6.644,-9.283,TRAVELING
387.02,-4026.102,-5452.859,-1787.745,1.425,-3.224,6.707,-9.283,TRAVELING
387.02,-4026.102,-5452.859,-1787.745,1.425,-3.224,6.707,-9.283,SENSING
387.02,-4026.102,-5452.859,-1787.745,1.425,-3.224,6.707,-9.283,TRAVELING
570.0,-3690.033,-5933.158,-534.562,2.245,-2.015,6.953,-9.283,TRAVELING
570.0,-3690.033,-5933.158,-534.562,2.245,-2.015,6.953,-9.283,SENSING
570.0,-3690.033,-5933.158,-534.562,2.245,-2.015,6.953,-9.283,TRAVELING
571.427,-3686.833,-5936.022,-524.647,2.251,-2.005,6.954,-9.283,TRAVELING
571.427,-3686.833,-5936.022,-524.647,2.251,-2.005,6.954,-9.283,SENSING
571.427,-3686.833,-5936.022,-524.647,2.251,-2.005,6.954,-9.283,TRAVELING
580.0,-3667.419,-5952.935,-465.034,2.287,-1.946,6.959,-9.283,TRAVELING
580.0,-3667.419,-5952.935,-465.034,2.287,-1.946,6.959,-9.283,SENSING
580.0,-3667.419,-5952.935,-465.034,2.287,-1.946,6.959,-9.283,TRAVELING
585.248,-3655.382,-5963.038,-428.526,2.309,-1.91,6.962,-9.283,TRAVELING
585.248,-3655.382,-5963.038,-428.526,2.309,-1.91,6.962,-9.283,SENSING
585.248,-3655.382,-5963.038,-428.526,2.309,-1.91,6.962,-9.283,TRAVELING
630.0,-3548.037,-6041.448,-116.744,2.496,-1.599,6.976,-9.283,TRAVELING
630.0,-3548.037,-6041.448,-116.744,2.496,-1.599,6.976,-9.283,SENSING
630.0,-3548.037,-6041.448,-116.744,2.496,-1.599,6.976,-9.283,TRAVELING
631.265,-3544.881,-6043.462,-107.92,2.501,-1.59,6.976,-9.283,TRAVELING
631.265,-3544.881,-6043.462,-107.92,2.501,-1.59,6.976,-9.283,SENSING
631.265,-3544.881,-6043.462,-107.92,2.501,-1.59,6.976,-9.283,TRAVELING
632.997,-3540.553,-6046.2,-95.85,2.508,-1.578,6.976,-9.283,TRAVELING
632.997,-3540.553,-6046.2,-95.85,2.508,-1.578,6.976,-9.283,SENSING
632.997,-3540.553,-6046.2,-95.85,2.508,-1.578,6.976,-9.283,TRAVELING
635.071,-3535.35,-6049.453,-81.382,2.517,-1.564,6.977,-9.283,TRAVELING
635.071,-3535.35,-6049.453,-81.382,2.517,-1.564,6.977,-9.283,SENSING
635.071,-3535.35,-6049.453,-81.382,2.517,-1.564,6.977,-9.283,TRAVELING
670.0,-3445.129,-6099.691,162.179,2.658,-1.318,6.975,-9.283,TRAVELING
670.0,-3445.129,-6099.691,162.179,2.658,-1.318,6.975,-9.283,SENSING
670.0,-3445.129,-6099.691,162.179,2.658,-1.318,6.975,-9.283,TRAVELING
695.152,-3377.143,-6130.539,337.442,2.757,-1.14,6.968,-9.283,TRAVELING
695.152,-3377.143,-6130.539,337.442,2.757,-1.14,6.968,-9.283,SENSING
695.152,-3377.143,-6130.539,337.442,2.757,-1.14,6.968,-9.283,TRAVELING
700.0,-3363.752,-6135.97,371.203,2.776,-1.105,6.966,-9.283,TRAVELING
700.0,-3363.752,-6135.97,371.203,2.776,-1.105,6.966,-9.283,SENSING
700.0,-3363.752,-6135.97,371.203,2.776,-1.105,6.966,-9.283,TRAVELING
701.018,-3360.927,-6137.09,378.293,2.78,-1.098,6.965,-9.283,TRAVELING
701.018,-3360.927,-6137.09,378.293,2.78,-1.098,6.965,-9.283,SENSING
701.018,-3360.927,-6137.09,378.293,2.78,-1.098,6.965,-9.283,TRAVELING
720.0,-3307.55,-6156.61,510.351,2.853,-0.963,6.956,-9.283,TRAVELING
720.0,-3307.55,-6156.61,510.351,2.853,-0.963,6.956,-9.283,SENSING
720.0,-3307.55,-6156.61,510.351,2.853,-0.963,6.956,-9.283,TRAVELING
721.171,-3304.211,-6157.731,518.493,2.858,-0.955,6.955,-9.283,TRAVELING
721.171,-3304.211,-6157.731,518.493,2.858,-0.955,6.955,-9.283,SENSING
721.171,-3304.211,-6157.731,518.493,2.858,-0.955,6.955,-9.283,TRAVELING
760.0,-3190.58,-6189.336,787.873,3.004,-0.677,6.926,-9.283,TRAVELING
760.0,-3190.58,-6189.336,787.873,3.004,-0.677,6.926,-9.283,SENSING
760.0,-3190.58,-6189.336,787.873,3.004,-0.677,6.926,-9.283,TRAVELING
761.618,-3185.723,-6190.419,799.072,3.01,-0.666,6.924,-9.283,TRAVELING
761.618,-3185.723,-6190.419,799.072,3.01,-0.666,6.924,-9.283,SENSING
761.618,-3185.723,-6190.419,799.072,3.01,-0.666,6.924,-9.283,TRAVELING
860.0,-2872.826,-6220.976,1474.184,3.355,0.041,6.794,-9.283,TRAVELING
860.0,-2872.826,-6220.976,1474.184,3.355,0.041,6.794,-9.283,SENSING
860.0,-2872.826,-6220.976,1474.184,3.355,0.041,6.794,-9.283,TRAVELING
860.059,-2872.63,-6220.974,1474.582,3.355,0.042,6.794,-9.283,TRAVELING
860.059,-2872.63,-6220.974,1474.582,3.355,0.042,6.794,-9.283,SENSING
860.059,-2872.63,-6220.974,1474.582,3.355,0.042,6.794,-9.283,TRAVELING
880.0,-2805.168,-6218.68,1609.653,3.421,0.185,6.759,-9.283,TRAVELING
880.0,-2805.168,-6218.68,1609.653,3.421,0.185,6.759,-9.283,SENSING
880.0,-2805.168,-6218.68,1609.653,3.421,0.185,6.759,-9.283,TRAVELING
881.018,-2801.689,-6218.486,1616.528,3.424,0.193,6.757,-9.283,TRAVELING
881.018,-2801.689,-6218.486,1616.528,3.424,0.193,6.757,-9.283,SENSING
881.018,-2801.689,-6218.486,1616.528,3.424,0.193,6.757,-9.283,TRAVELING
890.0,-2770.85,-6216.453,1677.112,3.453,0.257,6.74,-9.283,TRAVELING
890.0,-2770.85,-6216.453,1677.112,3.453,0.257,6.74,-9.283,SENSING
890.0,-2770.85,-6216.453,1677.112,3.453,0.257,6.74,-9.283,TRAVELING
890.571,-2768.882,-6216.304,1680.956,3.455,0.261,6.739,-9.283,TRAVELING
890.571,-2768.882,-6216.304,1680.956,3.455,0.261,6.739,-9.283,SENSING
890.571,-2768.882,-6216.304,1680.956,3.455,0.261,6.739,-9.283,TRAVELING
930.0,-2630.415,-6200.369,1944.932,3.578,0.544,6.656,-9.283,TRAVELING
930.0,-2630.415,-6200.369,1944.932,3.578,0.544,6.656,-9.283,SENSING
930.0,-2630.415,-6200.369,1944.932,3.578,0.544,6.656,-9.283,TRAVELING
940.0,-2594.536,-6194.556,2011.345,3.608,0.616,6.633,-9.283,TRAVELING
940.0,-2594.536,-6194.556,2011.345,3.608,0.616,6.633,-9.283,SENSING
940.0,-2594.536,-6194.556,2011.345,3.608,0.616,6.633,-9.283,TRAVELING
940.822,-2591.573,-6194.046,2016.794,3.611,0.622,6.631,-9.283,TRAVELING
940.822,-2591.573,-6194.046,2016.794,3.611,0.622,6.631,-9.283,SENSING
940.822,-2591.573,-6194.046,2016.794,3.611,0.622,6.631,-9.283,TRAVELING
944.145,-2579.578,-6191.937,2038.802,3.621,0.646,6.623,-9.283,TRAVELING
944.145,-2579.578,-6191.937,2038.802,3.621,0.646,6.623,-9.283,SENSING
944.145,-2579.578,-6191.937,2038.802,3.621,0.646,6.623,-9.283,TRAVELING
960.0,-2521.883,-6180.784,2143.464,3.667,0.759,6.585,-9.283,TRAVELING
960.0,-2521.883,-6180.784,2143.464,3.667,0.759,6.585,-9.283,SENSING
960.0,-2521.883,-6180.784,2143.464,3.667,0.759,6.585,-9.283,TRAVELING
961.471,-2516.494,-6179.659,2153.141,3.672,0.77,6.581,-9.283,TRAVELING
961.471,-2516.494,-6179.659,2153.141,3.672,0.77,6.581,-9.283,SENSING
961.471,-2516.494,-6179.659,2153.141,3.672,0.77,6.581,-9.283,TRAVELING
969.675,-2486.317,-6173.097,2207.023,3.695,0.828,6.561,-9.283,TRAVELING
969.675,-2486.317,-6173.097,2207.023,3.695,0.828,6.561,-9.283,SENSING
969.675,-2486.317,-6173.097,2207.023,3.695,0.828,6.561,-9.283,TRAVELING
1630.0,350.883,-4185.496,5653.323,4.545,4.931,3.45,-9.283,TRAVELING
1630.0,350.883,-4185.496,5653.323,4.545,4.931,3.45,-9.283,SENSING
1630.0,350.883,-4185.496,5653.323,4.545,4.931,3.45,-9.283,TRAVELING
1634.714,372.282,-4162.211,5669.507,4.543,4.954,3.42,-9.283,TRAVELING
1634.714,372.282,-4162.211,5669.507,4.543,4.954,3.42,-9.283,SENSING
1634.714,372.282,-4162.211,5669.507,4.543,4.954,3.42,-9.283,TRAVELING
1730.0,802.084,-3669.798,5965.366,4.479,5.379,2.788,-9.283,TRAVELING
1730.0,802.084,-3669.798,5965.366,4.479,5.379,2.788,-9.283,SENSING
1730.0,802.084,-3669.798,5965.366,4.479,5.379,2.788,-9.283,TRAVELING
1733.096,815.937,-3653.133,5973.963,4.477,5.392,2.767,-9.283,TRAVELING
1733.096,815.937,-3653.133,5973.963,4.477,5.392,2.767,-9.283,SENSING
1733.096,815.937,-3653.133,5973.963,4.477,5.392,2.767,-9.283,TRAVELING
1750.0,891.4,-3561.463,6019.74,4.46,5.461,2.652,-9.283,TRAVELING
1750.0,891.4,-3561.463,6019.74,4.46,5.461,2.652,-9.283,SENSING
1750.0,891.4,-3561.463,6019.74,4.46,5.461,2.652,-9.283,TRAVELING
1751.008,895.893,-3555.958,6022.41,4.459,5.465,2.645,-9.283,TRAVELING
1751.008,895.893,-3555.958,6022.41,4.459,5.465,2.645,-9.283,SENSING
1751.008,895.893,-3555.958,6022.41,4.459,5.465,2.645,-9.283,TRAVELING
1760.0,935.909,-3506.687,6045.903,4.45,5.501,2.583,-9.283,TRAVELING
1760.0,935.909,-3506.687,6045.903,4.45,5.501,2.583,-9.283,SENSING
1760.0,935.909,-3506.687,6045.903,4.45,5.501,2.583,-9.283,TRAVELING
1760.719,939.107,-3502.731,6047.759,4.449,5.504,2.578,-9.283,TRAVELING
1760.719,939.107,-3502.731,6047.759,4.449,5.504,2.578,-9.283,SENSING
1760.719,939.107,-3502.731,6047.759,4.449,5.504,2.578,-9.283,TRAVELING
1770.0,980.313,-3451.512,6071.38,4.439,5.54,2.514,-9.283,TRAVELING
1770.0,980.313,-3451.512,6071.38,4.439,5.54,2.514,-9.283,SENSING
1770.0,980.313,-3451.512,6071.38,4.439,5.54,2.514,-9.283,TRAVELING
1779.316,1021.581,-3399.759,6094.493,4.429,5.577,2.45,-9.283,TRAVELING
1779.316,1021.581,-3399.759,6094.493,4.429,5.577,2.45,-9.283,SENSING
1779.316,1021.581,-3399.759,6094.493,4.429,5.577,2.45,-9.283,TRAVELING
1780.0,1024.606,-3395.947,6096.166,4.428,5.579,2.445,-9.283,TRAVELING
1780.0,1024.606,-3395.947,6096.166,4.428,5.579,2.445,-9.283,SENSING
1780.0,1024.606,-3395.947,6096.166,4.428,5.579,2.445,-9.283,TRAVELING
1820.744,1203.826,-3165.639,6189.98,4.376,5.731,2.161,-9.283,TRAVELING
1820.744,1203.826,-3165.639,6189.98,4.376,5.731,2.161,-9.283,SENSING
1820.744,1203.826,-3165.639,6189.98,4.376,5.731,2.161,-9.283,TRAVELING
1824.263,1219.202,-3145.465,6197.538,4.372,5.744,2.137,-9.283,TRAVELING
1824.263,1219.202,-3145.465,6197.538,4.372,5.744,2.137,-9.283,SENSING
1824.263,1219.202,-3145.465,6197.538,4.372,5.744,2.137,-9.283,TRAVELING
1830.0,1244.238,-3112.474,6209.674,4.364,5.764,2.096,-9.283,TRAVELING
1830.0,1244.238,-3112.474,6209.674,4.364,5.764,2.096,-9.283,MANEUVERING
1832.727,1256.123,-3096.75,6215.363,4.36,5.773,2.077,-12.01,MANEUVERING
1832.727,1256.123,-3096.75,6215.363,4.36,5.773,2.077,-12.01,SENSING
1832.727,1256.123,-3096.75,6215.363,4.36,5.773,2.077,-12.01,MANEUVERING
1832.748,1256.212,-3096.633,6215.405,4.36,5.774,2.077,-12.031,MANEUVERING
1832.748,1256.212,-3096.633,6215.405,4.36,5.774,2.077,-12.031,MANEUVERING
1833.256,1258.426,-3093.699,6216.459,4.359,5.775,2.073,-12.539,MANEUVERING
1833.256,1258.426,-3093.699,6216.459,4.359,5.775,2.073,-12.539,SENSING
1833.256,1258.426,-3093.699,6216.459,4.359,5.775,2.073,-12.539,MANEUVERING
1848.23,1323.473,-3006.888,6246.697,4.337,5.827,1.968,-27.512,MANEUVERING
1848.23,1323.473,-3006.888,6246.697,4.337,5.827,1.968,-27.512,MANEUVERING
1848.347,1323.983,-3006.203,6246.929,4.337,5.827,1.967,-27.63,MANEUVERING
1848.347,1323.983,-3006.203,6246.929,4.337,5.827,1.967,-27.63,SENSING
1848.347,1323.983,-3006.203,6246.929,4.337,5.827,1.967,-27.63,MANEUVERING
1849.049,1327.021,-3002.119,6248.305,4.336,5.83,1.962,-28.331,MANEUVERING
1849.049,1327.021,-3002.119,6248.305,4.336,5.83,1.962,-28.331,MANEUVERING
1927.021,1659.865,-2538.055,6379.533,4.204,6.074,1.404,49.641,MANEUVERING
1927.021,1659.865,-2538.055,6379.533,4.204,6.074,1.404,49.641,SENSING
1927.021,1659.865,-2538.055,6379.533,4.204,6.074,1.404,49.641,MANEUVERING
1927.574,1662.186,-2534.7,6380.308,4.203,6.076,1.4,50.194,MANEUVERING
1927.574,1662.186,-2534.7,6380.308,4.203,6.076,1.4,50.194,SENSING
1927.574,1662.186,-2534.7,6380.308,4.203,6.076,1.4,50.194,MANEUVERING
1927.58,1662.212,-2534.662,6380.317,4.203,6.076,1.4,50.187,MANEUVERING
1927.58,1662.212,-2534.662,6380.317,4.203,6.076,1.4,50.187,SENSING
1927.58,1662.212,-2534.662,6380.317,4.203,6.076,1.4,50.187,TRAVELING
1927.675,1662.612,-2534.083,6380.45,4.203,6.076,1.4,50.187,TRAVELING
1927.675,1662.612,-2534.083,6380.45,4.203,6.076,1.4,50.187,SENSING
1927.675,1662.612,-2534.083,6380.45,4.203,6.076,1.4,50.187,TRAVELING
1990.0,1920.52,-2150.371,6453.583,4.077,6.241,0.948,50.187,TRAVELING
1990.0,1920.52,-2150.371,6453.583,4.077,6.241,0.948,50.187,SENSING
1990.0,1920.52,-2150.371,6453.583,4.077,6.241,0.948,50.187,MANEUVERING
1990.944,1924.364,-2144.483,6454.473,4.075,6.243,0.941,49.244,MANEUVERING
1990.944,1924.364,-2144.483,6454.473,4.075,6.243,0.941,49.244,SENSING
1990.944,1924.364,-2144.483,6454.473,4.075,6.243,0.941,49.244,MANEUVERING
1991.536,1926.773,-2140.791,6455.029,4.074,6.245,0.937,48.652,MANEUVERING
1991.536,1926.773,-2140.791,6455.029,4.074,6.245,0.937,48.652,SENSING
1991.536,1926.773,-2140.791,6455.029,4.074,6.245,0.937,48.652,MANEUVERING
1991.541,1926.796,-2140.755,6455.034,4.074,6.245,0.937,48.646,MANEUVERING
1991.541,1926.796,-2140.755,6455.034,4.074,6.245,0.937,48.646,SENSING
1991.541,1926.796,-2140.755,6455.034,4.074,6.245,0.937,48.646,MANEUVERING
2000.0,1961.149,-2087.884,6462.691,4.055,6.265,0.875,40.187,MANEUVERING
2000.0,1961.149,-2087.884,6462.691,4.055,6.265,0.875,40.187,SENSING
2000.0,1961.149,-2087.884,6462.691,4.055,6.265,0.875,40.187,MANEUVERING
2013.62,2016.132,-2002.399,6473.926,4.025,6.296,0.776,26.567,MANEUVERING
2013.62,2016.132,-2002.399,6473.926,4.025,6.296,0.776,26.567,SENSING
2013.62,2016.132,-2002.399,6473.926,4.025,6.296,0.776,26.567,MANEUVERING
2060.0,2200.141,-1708.284,6502.024,3.915,6.393,0.437,-19.813,MANEUVERING
2060.0,2200.141,-1708.284,6502.024,3.915,6.393,0.437,-19.813,SENSING
2060.0,2200.141,-1708.284,6502.024,3.915,6.393,0.437,-19.813,MANEUVERING
2062.562,2210.153,-1691.913,6503.117,3.908,6.398,0.418,-22.374,MANEUVERING
2062.562,2210.153,-1691.913,6503.117,3.908,6.398,0.418,-22.374,SENSING
2062.562,2210.153,-1691.913,6503.117,3.908,6.398,0.418,-22.374,MANEUVERING
2095.574,2337.703,-1479.861,6512.915,3.824,6.457,0.176,-55.386,MANEUVERING
2095.574,2337.703,-1479.861,6512.915,3.824,6.457,0.176,-55.386,SENSING
2095.574,2337.703,-1479.861,6512.915,3.824,6.457,0.176,-55.386,TRAVELING
2120.0,2430.251,-1321.782,6515.03,3.759,6.495,-0.003,-55.386,TRAVELING
2120.0,2430.251,-1321.782,6515.03,3.759,6.495,-0.003,-55.386,SENSING
2120.0,2430.251,-1321.782,6515.03,3.759,6.495,-0.003,-55.386,TRAVELING
2120.888,2433.584,-1316.019,6515.025,3.756,6.496,-0.009,-55.386,TRAVELING
2120.888,2433.584,-1316.019,6515.025,3.756,6.496,-0.009,-55.386,SENSING
2120.888,2433.584,-1316.019,6515.025,3.756,6.496,-0.009,-55.386,TRAVELING
2150.0,2541.687,-1126.434,6511.656,3.675,6.536,-0.222,-55.386,TRAVELING
2150.0,2541.687,-1126.434,6511.656,3.675,6.536,-0.222,-55.386,SENSING
2150.0,2541.687,-1126.434,6511.656,3.675,6.536,-0.222,-55.386,TRAVELING
2153.366,2554.032,-1104.443,6510.867,3.665,6.541,-0.247,-55.386,TRAVELING
2153.366,2554.032,-1104.443,6510.867,3.665,6.541,-0.247,-55.386,SENSING
2153.366,2554.032,-1104.443,6510.867,3.665,6.541,-0.247,-55.386,TRAVELING
2160.0,2578.27,-1061.056,6509.07,3.646,6.549,-0.295,-55.386,TRAVELING
2160.0,2578.27,-1061.056,6509.07,3.646,6.549,-0.295,-55.386,SENSING
2160.0,2578.27,-1061.056,6509.07,3.646,6.549,-0.295,-55.386,TRAVELING
2161.996,2585.535,-1047.996,6508.466,3.641,6.551,-0.31,-55.386,TRAVELING
2161.996,2585.535,-1047.996,6508.466,3.641,6.551,-0.31,-55.386,SENSING
2161.996,2585.535,-1047.996,6508.466,3.641,6.551,-0.31,-55.386,TRAVELING
2250.0,2894.06,-468.207,6453.034,3.371,6.626,-0.949,-55.386,TRAVELING
2250.0,2894.06,-468.207,6453.034,3.371,6.626,-0.949,-55.386,SENSING
2250.0,2894.06,-468.207,6453.034,3.371,6.626,-0.949,-55.386,TRAVELING
2256.912,2917.265,-422.435,6446.303,3.348,6.629,-0.999,-55.386,TRAVELING
2256.912,2917.265,-422.435,6446.303,3.348,6.629,-0.999,-55.386,SENSING
2256.912,2917.265,-422.435,6446.303,3.348,6.629,-0.999,-55.386,TRAVELING
2303.926,3070.922,-110.621,6391.409,3.191,6.643,-1.337,-55.386,TRAVELING
2303.926,3070.922,-110.621,6391.409,3.191,6.643,-1.337,-55.386,SENSING
2303.926,3070.922,-110.621,6391.409,3.191,6.643,-1.337,-55.386,TRAVELING
2316.289,3110.085,-28.554,6374.349,3.148,6.644,-1.425,-55.386,TRAVELING
2316.289,3110.085,-28.554,6374.349,3.148,6.644,-1.425,-55.386,SENSING
2316.289,3110.085,-28.554,6374.349,3.148,6.644,-1.425,-55.386,TRAVELING
2630.0,3910.966,2017.771,5589.935,1.914,6.294,-3.53,-55.386,TRAVELING
2630.0,3910.966,2017.771,5589.935,1.914,6.294,-3.53,-55.386,SENSING
2630.0,3910.966,2017.771,5589.935,1.914,6.294,-3.53,-55.386,TRAVELING
2634.011,3918.61,2042.977,5575.735,1.897,6.285,-3.555,-55.386,TRAVELING
2634.011,3918.61,2042.977,5575.735,1.897,6.285,-3.555,-55.386,SENSING
2634.011,3918.61,2042.977,5575.735,1.897,6.285,-3.555,-55.386,TRAVELING
2710.0,4050.147,2513.135,5288.274,1.563,6.094,-4.011,-55.386,TRAVELING
2710.0,4050.147,2513.135,5288.274,1.563,6.094,-4.011,-55.386,SENSING
2710.0,4050.147,2513.135,5288.274,1.563,6.094,-4.011,-55.386,TRAVELING
2710.103,4050.308,2513.76,5287.862,1.562,6.093,-4.012,-55.386,TRAVELING
2710.103,4050.308,2513.76,5287.862,1.562,6.093,-4.012,-55.386,SENSING
2710.103,4050.308,2513.76,5287.862,1.562,6.093,-4.012,-55.386,TRAVELING
2730.0,4080.514,2634.335,5206.934,1.473,6.037,-4.127,-55.386,TRAVELING
2730.0,4080.514,2634.335,5206.934,1.473,6.037,-4.127,-55.386,SENSING
2730.0,4080.514,2634.335,5206.934,1.473,6.037,-4.127,-55.386,TRAVELING
2730.34,4081.015,2636.387,5205.531,1.471,6.036,-4.129,-55.386,TRAVELING
2730.34,4081.015,2636.387,5205.531,1.471,6.036,-4.129,-55.386,SENSING
2730.34,4081.015,2636.387,5205.531,1.471,6.036,-4.129,-55.386,TRAVELING
2760.0,4122.691,2813.939,5080.63,1.337,5.947,-4.297,-55.386,TRAVELING
2760.0,4122.691,2813.939,5080.63,1.337,5.947,-4.297,-55.386,SENSING
2760.0,4122.691,2813.939,5080.63,1.337,5.947,-4.297,-55.386,TRAVELING
2764.108,4128.148,2838.317,5062.941,1.319,5.934,-4.32,-55.386,TRAVELING
2764.108,4128.148,2838.317,5062.941,1.319,5.934,-4.32,-55.386,SENSING
2764.108,4128.148,2838.317,5062.941,1.319,5.934,-4.32,-55.386,TRAVELING
2800.0,4172.568,3049.037,4904.408,1.154,5.817,-4.517,-55.386,TRAVELING
2800.0,4172.568,3049.037,4904.408,1.154,5.817,-4.517,-55.386,SENSING
2800.0,4172.568,3049.037,4904.408,1.154,5.817,-4.517,-55.386,TRAVELING
2806.615,4180.112,3087.412,4874.422,1.124,5.795,-4.553,-55.386,TRAVELING
2806.615,4180.112,3087.412,4874.422,1.124,5.795,-4.553,-55.386,SENSING
2806.615,4180.112,3087.412,4874.422,1.124,5.795,-4.553,-55.386,TRAVELING
2809.403,4183.23,3103.537,4861.717,1.111,5.785,-4.568,-55.386,TRAVELING
2809.403,4183.23,3103.537,4861.717,1.111,5.785,-4.568,-55.386,SENSING
2809.403,4183.23,3103.537,4861.717,1.111,5.785,-4.568,-55.386,TRAVELING
2880.0,4250.237,3502.716,4526.382,0.784,5.529,-4.933,-55.386,TRAVELING
2880.0,4250.237,3502.716,4526.382,0.784,5.529,-4.933,-55.386,SENSING
2880.0,4250.237,3502.716,4526.382,0.784,5.529,-4.933,-55.386,TRAVELING
2890.0,4257.855,3557.757,4476.833,0.737,5.49,-4.982,-55.386,TRAVELING
2890.0,4257.855,3557.757,4476.833,0.737,5.49,-4.982,-55.386,SENSING
2890.0,4257.855,3557.757,4476.833,0.737,5.49,-4.982,-55.386,TRAVELING
2890.198,4258.002,3558.845,4475.845,0.736,5.489,-4.983,-55.386,TRAVELING
2890.198,4258.002,3558.845,4475.845,0.736,5.489,-4.983,-55.386,SENSING
2890.198,4258.002,3558.845,4475.845,0.736,5.489,-4.983,-55.386,TRAVELING
2900.0,4265.006,3612.407,4426.792,0.69,5.45,-5.031,-55.386,TRAVELING
2900.0,4265.006,3612.407,4426.792,0.69,5.45,-5.031,-55.386,SENSING
2900.0,4265.006,3612.407,4426.792,0.69,5.45,-5.031,-55.386,TRAVELING
2900.297,4265.211,3614.022,4425.3,0.689,5.449,-5.033,-55.386,TRAVELING
2900.297,4265.211,3614.022,4425.3,0.689,5.449,-5.033,-55.386,SENSING
2900.297,4265.211,3614.022,4425.3,0.689,5.449,-5.033,-55.386,TRAVELING
2910.0,4271.689,3666.66,4376.265,0.643,5.41,-5.079,-55.386,TRAVELING
2910.0,4271.689,3666.66,4376.265,0.643,5.41,-5.079,-55.386,SENSING
2910.0,4271.689,3666.66,4376.265,0.643,5.41,-5.079,-55.386,TRAVELING
2911.471,4272.633,3674.608,4368.791,0.636,5.404,-5.087,-55.386,TRAVELING
2911.471,4272.633,3674.608,4368.791,0.636,5.404,-5.087,-55.386,SENSING
2911.471,4272.633,3674.608,4368.791,0.636,5.404,-5.087,-55.386,TRAVELING
2960.0,4298.065,3931.767,4116.535,0.408,5.202,-5.313,-55.386,TRAVELING
2960.0,4298.065,3931.767,4116.535,0.408,5.202,-5.313,-55.386,SENSING
2960.0,4298.065,3931.767,4116.535,0.408,5.202,-5.313,-55.386,TRAVELING
2962.991,4299.271,3947.292,4100.632,0.394,5.189,-5.326,-55.386,TRAVELING
2962.991,4299.271,3947.292,4100.632,0.394,5.189,-5.326,-55.386,SENSING
2962.991,4299.271,3947.292,4100.632,0.394,5.189,-5.326,-55.386,TRAVELING
3500.0,3840.943,5980.664,759.631,-2.06,2.196,-6.793,-55.386,TRAVELING
3500.0,3840.943,5980.664,759.631,-2.06,2.196,-6.793,-55.386,SENSING
3500.0,3840.943,5980.664,759.631,-2.06,2.196,-6.793,-55.386,TRAVELING
3502.44,3835.915,5985.995,743.06,-2.07,2.18,-6.795,-55.386,TRAVELING
3502.44,3835.915,5985.995,743.06,-2.07,2.18,-6.795,-55.386,SENSING
3502.44,3835.915,5985.995,743.06,-2.07,2.18,-6.795,-55.386,TRAVELING
3508.708,3822.887,5999.51,700.48,-2.096,2.139,-6.8,-55.386,TRAVELING
3508.708,3822.887,5999.51,700.48,-2.096,2.139,-6.8,-55.386,SENSING
3508.708,3822.887,5999.51,700.48,-2.096,2.139,-6.8,-55.386,TRAVELING
3680.0,3405.552,6267.773,-468.648,-2.773,0.99,-6.822,-55.386,TRAVELING
3680.0,3405.552,6267.773,-468.648,-2.773,0.99,-6.822,-55.386,SENSING
3680.0,3405.552,6267.773,-468.648,-2.773,0.99,-6.822,-55.386,TRAVELING
3681.526,3401.323,6269.273,-479.053,-2.779,0.98,-6.821,-55.386,TRAVELING
3681.526,3401.323,6269.273,-479.053,-2.779,0.98,-6.821,-55.386,SENSING
3681.526,3401.323,6269.273,-479.053,-2.779,0.98,-6.821,-55.386,TRAVELING
3690.0,3377.687,6277.312,-536.801,-2.81,0.922,-6.816,-55.386,TRAVELING
3690.0,3377.687,6277.312,-536.801,-2.81,0.922,-6.816,-55.386,SENSING
3690.0,3377.687,6277.312,-536.801,-2.81,0.922,-6.816,-55.386,TRAVELING
3698.743,3353.021,6285.092,-596.342,-2.842,0.862,-6.811,-55.386,TRAVELING
3698.743,3353.021,6285.092,-596.342,-2.842,0.862,-6.811,-55.386,SENSING
3698.743,3353.021,6285.092,-596.342,-2.842,0.862,-6.811,-55.386,TRAVELING
3770.0,3141.773,6328.929,-1079.298,-3.094,0.372,-6.745,-55.386,TRAVELING
3770.0,3141.773,6328.929,-1079.298,-3.094,0.372,-6.745,-55.386,SENSING
3770.0,3141.773,6328.929,-1079.298,-3.094,0.372,-6.745,-55.386,TRAVELING
3788.001,3085.607,6334.471,-1200.466,-3.156,0.248,-6.723,-55.386,TRAVELING
3788.001,3085.607,6334.471,-1200.466,-3.156,0.248,-6.723,-55.386,SENSING
3788.001,3085.607,6334.471,-1200.466,-3.156,0.248,-6.723,-55.386,TRAVELING
3930.0,2606.002,6299.734,-2137.97,-3.598,-0.733,-6.464,-55.386,TRAVELING
3930.0,2606.002,6299.734,-2137.97,-3.598,-0.733,-6.464,-55.386,SENSING
3930.0,2606.002,6299.734,-2137.97,-3.598,-0.733,-6.464,-55.386,TRAVELING
3932.052,2598.625,6298.213,-2151.222,-3.603,-0.747,-6.459,-55.386,TRAVELING
3932.052,2598.625,6298.213,-2151.222,-3.603,-0.747,-6.459,-55.386,SENSING
3932.052,2598.625,6298.213,-2151.222,-3.603,-0.747,-6.459,-55.386,TRAVELING
3970.0,2460.076,6264.874,-2394.449,-3.708,-1.008,-6.365,-55.386,TRAVELING
3970.0,2460.076,6264.874,-2394.449,-3.708,-1.008,-6.365,-55.386,SENSING
3970.0,2460.076,6264.874,-2394.449,-3.708,-1.008,-6.365,-55.386,TRAVELING
3976.003,2437.801,6258.697,-2432.587,-3.724,-1.049,-6.349,-55.386,TRAVELING
3976.003,2437.801,6258.697,-2432.587,-3.724,-1.049,-6.349,-55.386,SENSING
3976.003,2437.801,6258.697,-2432.587,-3.724,-1.049,-6.349,-55.386,TRAVELING
4010.0,2309.85,6219.074,-2646.744,-3.813,-1.281,-6.255,-55.386,TRAVELING
4010.0,2309.85,6219.074,-2646.744,-3.813,-1.281,-6.255,-55.386,SENSING
4010.0,2309.85,6219.074,-2646.744,-3.813,-1.281,-6.255,-55.386,TRAVELING
4016.685,2284.344,6210.358,-2688.468,-3.829,-1.326,-6.235,-55.386,TRAVELING
4016.685,2284.344,6210.358,-2688.468,-3.829,-1.326,-6.235,-55.386,SENSING
4016.685,2284.344,6210.358,-2688.468,-3.829,-1.326,-6.235,-55.386,TRAVELING
4110.0,1917.197,6057.249,-3256.288,-4.044,-1.952,-5.931,-55.386,TRAVELING
4110.0,1917.197,6057.249,-3256.288,-4.044,-1.952,-5.931,-55.386,SENSING
4110.0,1917.197,6057.249,-3256.288,-4.044,-1.952,-5.931,-55.386,TRAVELING
4110.441,1915.416,6056.388,-3258.902,-4.045,-1.955,-5.93,-55.386,TRAVELING
4110.441,1915.416,6056.388,-3258.902,-4.045,-1.955,-5.93,-55.386,SENSING
4110.441,1915.416,6056.388,-3258.902,-4.045,-1.955,-5.93,-55.386,TRAVELING
4140.0,1795.11,5995.702,-3432.505,-4.105,-2.15,-5.822,-55.386,TRAVELING
4140.0,1795.11,5995.702,-3432.505,-4.105,-2.15,-5.822,-55.386,SENSING
4140.0,1795.11,5995.702,-3432.505,-4.105,-2.15,-5.822,-55.386,TRAVELING
4142.864,1783.359,5989.516,-3449.156,-4.111,-2.169,-5.811,-55.386,TRAVELING
4142.864,1783.359,5989.516,-3449.156,-4.111,-2.169,-5.811,-55.386,SENSING
4142.864,1783.359,5989.516,-3449.156,-4.111,-2.169,-5.811,-55.386,TRAVELING
4150.0,1754.015,5973.871,-3490.501,-4.125,-2.216,-5.784,-55.386,TRAVELING
4150.0,1754.015,5973.871,-3490.501,-4.125,-2.216,-5.784,-55.386,SENSING
4150.0,1754.015,5973.871,-3490.501,-4.125,-2.216,-5.784,-55.386,TRAVELING
4152.065,1745.504,5969.281,-3502.431,-4.129,-2.229,-5.776,-55.386,TRAVELING
4152.065,1745.504,5969.281,-3502.431,-4.129,-2.229,-5.776,-55.386,SENSING
4152.065,1745.504,5969.281,-3502.431,-4.129,-2.229,-5.776,-55.386,TRAVELING
4180.0,1629.593,5904.466,-3662.171,-4.18,-2.411,-5.666,-55.386,TRAVELING
4180.0,1629.593,5904.466,-3662.171,-4.18,-2.411,-5.666,-55.386,SENSING
4180.0,1629.593,5904.466,-3662.171,-4.18,-2.411,-5.666,-55.386,TRAVELING
4232.77,1406.909,5768.313,-3955.271,-4.268,-2.749,-5.446,-55.386,TRAVELING
4232.77,1406.909,5768.313,-3955.271,-4.268,-2.749,-5.446,-55.386,SENSING
4232.77,1406.909,5768.313,-3955.271,-4.268,-2.749,-5.446,-55.386,TRAVELING
4249.228,1336.544,5722.228,-4044.257,-4.293,-2.853,-5.373,-55.386,TRAVELING
4249.228,1336.544,5722.228,-4044.257,-4.293,-2.853,-5.373,-55.386,SENSING
4249.228,1336.544,5722.228,-4044.257,-4.293,-2.853,-5.373,-55.386,TRAVELING
4290.0,1160.558,5600.772,-4259.471,-4.349,-3.106,-5.187,-55.386,TRAVELING
4290.0,1160.558,5600.772,-4259.471,-4.349,-3.106,-5.187,-55.386,SENSING
4290.0,1160.558,5600.772,-4259.471,-4.349,-3.106,-5.187,-55.386,TRAVELING
4298.058,1125.514,5575.552,-4301.099,-4.359,-3.155,-5.15,-55.386,TRAVELING
4298.058,1125.514,5575.552,-4301.099,-4.359,-3.155,-5.15,-55.386,SENSING
4298.058,1125.514,5575.552,-4301.099,-4.359,-3.155,-5.15,-55.386,TRAVELING
4460.0,407.599,4987.055,-5068.738,-4.496,-4.099,-4.312,-55.386,TRAVELING
4460.0,407.599,4987.055,-5068.738,-4.496,-4.099,-4.312,-55.386,SENSING
4460.0,407.599,4987.055,-5068.738,-4.496,-4.099,-4.312,-55.386,TRAVELING
4464.839,385.862,4967.169,-5089.528,-4.498,-4.125,-4.285,-55.386,TRAVELING
4464.839,385.862,4967.169,-5089.528,-4.498,-4.125,-4.285,-55.386,SENSING
4464.839,385.862,4967.169,-5089.528,-4.498,-4.125,-4.285,-55.386,TRAVELING
4510.0,182.569,4775.451,-5277.168,-4.513,-4.368,-4.027,-55.386,TRAVELING
4510.0,182.569,4775.451,-5277.168,-4.513,-4.368,-4.027,-55.386,SENSING
4510.0,182.569,4775.451,-5277.168,-4.513,-4.368,-4.027,-55.386,TRAVELING
4510.069,182.257,4775.148,-5277.447,-4.513,-4.368,-4.027,-55.386,TRAVELING
4510.069,182.257,4775.148,-5277.447,-4.513,-4.368,-4.027,-55.386,SENSING
4510.069,182.257,4775.148,-5277.447,-4.513,-4.368,-4.027,-55.386,TRAVELING
4520.0,137.482,4731.532,-5317.126,-4.515,-4.42,-3.969,-55.386,TRAVELING
4520.0,137.482,4731.532,-5317.126,-4.515,-4.42,-3.969,-55.386,SENSING
4520.0,137.482,4731.532,-5317.126,-4.515,-4.42,-3.969,-55.386,TRAVELING
4520.643,134.583,4728.691,-5319.675,-4.515,-4.424,-3.965,-55.386,TRAVELING
4520.643,134.583,4728.691,-5319.675,-4.515,-4.424,-3.965,-55.386,SENSING
4520.643,134.583,4728.691,-5319.675,-4.515,-4.424,-3.965,-55.386,TRAVELING
4522.477,126.31,4720.572,-5326.934,-4.515,-4.433,-3.954,-55.386,TRAVELING
4522.477,126.31,4720.572,-5326.934,-4.515,-4.433,-3.954,-55.386,SENSING
4522.477,126.31,4720.572,-5326.934,-4.515,-4.433,-3.954,-55.386,TRAVELING
4540.0,47.265,4642.134,-5395.277,-4.517,-4.524,-3.85,-55.386,TRAVELING
4540.0,47.265,4642.134,-5395.277,-4.517,-4.524,-3.85,-55.386,SENSING
4540.0,47.265,4642.134,-5395.277,-4.517,-4.524,-3.85,-55.386,TRAVELING
4542.011,38.193,4633.033,-5403.002,-4.517,-4.534,-3.838,-55.386,TRAVELING
4542.011,38.193,4633.033,-5403.002,-4.517,-4.534,-3.838,-55.386,SENSING
4542.011,38.193,4633.033,-5403.002,-4.517,-4.534,-3.838,-55.386,TRAVELING
4560.0,-42.976,4550.688,-5471.044,-4.517,-4.625,-3.73,-55.386,TRAVELING
4560.0,-42.976,4550.688,-5471.044,-4.517,-4.625,-3.73,-55.386,SENSING
4560.0,-42.976,4550.688,-5471.044,-4.517,-4.625,-3.73,-55.386,TRAVELING
4563.396,-58.296,4534.961,-5483.669,-4.517,-4.642,-3.71,-55.386,TRAVELING
4563.396,-58.296,4534.961,-5483.669,-4.517,-4.642,-3.71,-55.386,SENSING
4563.396,-58.296,4534.961,-5483.669,-4.517,-4.642,-3.71,-55.386,TRAVELING
4600.0,-223.365,4361.809,-5615.292,-4.511,-4.822,-3.485,-55.386,TRAVELING
4600.0,-223.365,4361.809,-5615.292,-4.511,-4.822,-3.485,-55.386,SENSING
4600.0,-223.365,4361.809,-5615.292,-4.511,-4.822,-3.485,-55.386,TRAVELING
4600.849,-227.19,4357.715,-5618.247,-4.511,-4.826,-3.48,-55.386,TRAVELING
4600.849,-227.19,4357.715,-5618.247,-4.511,-4.826,-3.48,-55.386,SENSING
4600.849,-227.19,4357.715,-5618.247,-4.511,-4.826,-3.48,-55.386,TRAVELING
4602.239,-233.453,4351.006,-5623.074,-4.51,-4.833,-3.471,-55.386,TRAVELING
4602.239,-233.453,4351.006,-5623.074,-4.51,-4.833,-3.471,-55.386,SENSING
4602.239,-233.453,4351.006,-5623.074,-4.51,-4.833,-3.471,-55.386,TRAVELING
4602.255,-233.525,4350.929,-5623.13,-4.51,-4.833,-3.471,-55.386,TRAVELING
4602.255,-233.525,4350.929,-5623.13,-4.51,-4.833,-3.471,-55.386,MANEUVERING
4604.676,-244.435,4339.217,-5631.512,-4.51,-4.845,-3.456,-52.965,MANEUVERING
4604.676,-244.435,4339.217,-5631.512,-4.51,-4.845,-3.456,-52.965,SENSING
4604.676,-244.435,4339.217,-5631.512,-4.51,-4.845,-3.456,-52.965,MANEUVERING
4616.704,-298.598,4280.632,-5672.603,-4.506,-4.902,-3.381,-40.937,MANEUVERING
4616.704,-298.598,4280.632,-5672.603,-4.506,-4.902,-3.381,-40.937,SENSING
4616.704,-298.598,4280.632,-5672.603,-4.506,-4.902,-3.381,-40.937,MANEUVERING
4616.794,-299.005,4280.19,-5672.908,-4.506,-4.903,-3.38,-40.847,MANEUVERING
4616.794,-299.005,4280.19,-5672.908,-4.506,-4.903,-3.38,-40.847,SENSING
4616.794,-299.005,4280.19,-5672.908,-4.506,-4.903,-3.38,-40.847,MANEUVERING
4617.169,-300.691,4278.354,-5674.173,-4.506,-4.904,-3.378,-40.472,MANEUVERING
4617.169,-300.691,4278.354,-5674.173,-4.506,-4.904,-3.378,-40.472,SENSING
4617.169,-300.691,4278.354,-5674.173,-4.506,-4.904,-3.378,-40.472,MANEUVERING
4617.18,-300.744,4278.296,-5674.213,-4.506,-4.904,-3.378,-40.461,MANEUVERING
4617.18,-300.744,4278.296,-5674.213,-4.506,-4.904,-3.378,-40.461,SENSING
4617.18,-300.744,4278.296,-5674.213,-4.506,-4.904,-3.378,-40.461,MANEUVERING
4619.461,-311.009,4267.105,-5681.895,-4.505,-4.915,-3.363,-38.18,MANEUVERING
4619.461,-311.009,4267.105,-5681.895,-4.505,-4.915,-3.363,-38.18,SENSING
4619.461,-311.009,4267.105,-5681.895,-4.505,-4.915,-3.363,-38.18,MANEUVERING
4624.418,-333.312,4242.698,-5698.479,-4.503,-4.939,-3.332,-33.223,MANEUVERING
4624.418,-333.312,4242.698,-5698.479,-4.503,-4.939,-3.332,-33.223,SENSING
4624.418,-333.312,4242.698,-5698.479,-4.503,-4.939,-3.332,-33.223,MANEUVERING
4624.646,-334.34,4241.57,-5699.239,-4.503,-4.94,-3.331,-32.995,MANEUVERING
4624.646,-334.34,4241.57,-5699.239,-4.503,-4.94,-3.331,-32.995,SENSING
4624.646,-334.34,4241.57,-5699.239,-4.503,-4.94,-3.331,-32.995,MANEUVERING
4624.653,-334.372,4241.535,-5699.263,-4.503,-4.94,-3.33,-32.988,MANEUVERING
4624.653,-334.372,4241.535,-5699.263,-4.503,-4.94,-3.33,-32.988,SENSING
4624.653,-334.372,4241.535,-5699.263,-4.503,-4.94,-3.33,-32.988,MANEUVERING
4630.0,-358.42,4215.071,-5716.971,-4.501,-4.965,-3.297,-27.641,MANEUVERING
4630.0,-358.42,4215.071,-5716.971,-4.501,-4.965,-3.297,-27.641,SENSING
4630.0,-358.42,4215.071,-5716.971,-4.501,-4.965,-3.297,-27.641,MANEUVERING
4630.837,-362.184,4210.917,-5719.726,-4.501,-4.969,-3.291,-26.804,MANEUVERING
4630.837,-362.184,4210.917,-5719.726,-4.501,-4.969,-3.291,-26.804,SENSING
4630.837,-362.184,4210.917,-5719.726,-4.501,-4.969,-3.291,-26.804,MANEUVERING
4631.034,-363.072,4209.936,-5720.376,-4.501,-4.97,-3.29,-26.607,MANEUVERING
4631.034,-363.072,4209.936,-5720.376,-4.501,-4.97,-3.29,-26.607,SENSING
4631.034,-363.072,4209.936,-5720.376,-4.501,-4.97,-3.29,-26.607,MANEUVERING
4631.041,-363.1,4209.905,-5720.397,-4.501,-4.97,-3.29,-26.6,MANEUVERING
4631.041,-363.1,4209.905,-5720.397,-4.501,-4.97,-3.29,-26.6,SENSING
4631.041,-363.1,4209.905,-5720.397,-4.501,-4.97,-3.29,-26.6,MANEUVERING
4634.047,-376.615,4194.953,-5730.253,-4.5,-4.984,-3.271,-23.594,MANEUVERING
4634.047,-376.615,4194.953,-5730.253,-4.5,-4.984,-3.271,-23.594,SENSING
4634.047,-376.615,4194.953,-5730.253,-4.5,-4.984,-3.271,-23.594,TRAVELING
4640.0,-403.367,4165.219,-5749.604,-4.497,-5.011,-3.233,-23.594,TRAVELING
4640.0,-403.367,4165.219,-5749.604,-4.497,-5.011,-3.233,-23.594,SENSING
4640.0,-403.367,4165.219,-5749.604,-4.497,-5.011,-3.233,-23.594,TRAVELING
4644.242,-422.423,4143.93,-5763.256,-4.495,-5.031,-3.206,-23.594,TRAVELING
4644.242,-422.423,4143.93,-5763.256,-4.495,-5.031,-3.206,-23.594,SENSING
4644.242,-422.423,4143.93,-5763.256,-4.495,-5.031,-3.206,-23.594,TRAVELING
4680.0,-582.664,3961.259,-5873.731,-4.475,-5.191,-2.975,-23.594,TRAVELING
4680.0,-582.664,3961.259,-5873.731,-4.475,-5.191,-2.975,-23.594,SENSING
4680.0,-582.664,3961.259,-5873.731,-4.475,-5.191,-2.975,-23.594,TRAVELING
4681.095,-587.557,3955.578,-5876.982,-4.475,-5.196,-2.968,-23.594,TRAVELING
4681.095,-587.557,3955.578,-5876.982,-4.475,-5.196,-2.968,-23.594,SENSING
4681.095,-587.557,3955.578,-5876.982,-4.475,-5.196,-2.968,-23.594,TRAVELING
4684.918,-604.647,3935.688,-5888.279,-4.472,-5.213,-2.943,-23.594,TRAVELING
4684.918,-604.647,3935.688,-5888.279,-4.472,-5.213,-2.943,-23.594,SENSING
4684.918,-604.647,3935.688,-5888.279,-4.472,-5.213,-2.943,-23.594,TRAVELING
4700.0,-671.948,3856.625,-5931.902,-4.462,-5.278,-2.844,-23.594,TRAVELING
4700.0,-671.948,3856.625,-5931.902,-4.462,-5.278,-2.844,-23.594,SENSING
4700.0,-671.948,3856.625,-5931.902,-4.462,-5.278,-2.844,-23.594,TRAVELING
4709.407,-713.842,3806.818,-5958.354,-4.454,-5.318,-2.782,-23.594,TRAVELING
4709.407,-713.842,3806.818,-5958.354,-4.454,-5.318,-2.782,-23.594,SENSING
4709.407,-713.842,3806.818,-5958.354,-4.454,-5.318,-2.782,-23.594,TRAVELING
4820.0,-1200.058,3194.577,-6224.788,-4.337,-5.749,-2.033,-23.594,TRAVELING
4820.0,-1200.058,3194.577,-6224.788,-4.337,-5.749,-2.033,-23.594,SENSING
4820.0,-1200.058,3194.577,-6224.788,-4.337,-5.749,-2.033,-23.594,TRAVELING
4825.204,-1222.586,3164.635,-6235.265,-4.33,-5.767,-1.996,-23.594,TRAVELING
4825.204,-1222.586,3164.635,-6235.265,-4.33,-5.767,-1.996,-23.594,SENSING
4825.204,-1222.586,3164.635,-6235.265,-4.33,-5.767,-1.996,-23.594,TRAVELING
4825.421,-1223.528,3163.381,-6235.699,-4.33,-5.768,-1.995,-23.594,TRAVELING
4825.421,-1223.528,3163.381,-6235.699,-4.33,-5.768,-1.995,-23.594,SENSING
4825.421,-1223.528,3163.381,-6235.699,-4.33,-5.768,-1.995,-23.594,TRAVELING
4870.0,-1414.939,2903.025,-6317.651,-4.264,-5.918,-1.683,-23.594,TRAVELING
4870.0,-1414.939,2903.025,-6317.651,-4.264,-5.918,-1.683,-23.594,SENSING
4870.0,-1414.939,2903.025,-6317.651,-4.264,-5.918,-1.683,-23.594,TRAVELING
4870.553,-1417.294,2899.755,-6318.579,-4.263,-5.92,-1.679,-23.594,TRAVELING
4870.553,-1417.294,2899.755,-6318.579,-4.263,-5.92,-1.679,-23.594,SENSING
4870.553,-1417.294,2899.755,-6318.579,-4.263,-5.92,-1.679,-23.594,TRAVELING
4877.677,-1447.599,2857.524,-6330.356,-4.252,-5.943,-1.629,-23.594,TRAVELING
4877.677,-1447.599,2857.524,-6330.356,-4.252,-5.943,-1.629,-23.594,SENSING
4877.677,-1447.599,2857.524,-6330.356,-4.252,-5.943,-1.629,-23.594,TRAVELING
4900.0,-1542.022,2724.164,-6364.935,-4.215,-6.012,-1.471,-23.594,TRAVELING
4900.0,-1542.022,2724.164,-6364.935,-4.215,-6.012,-1.471,-23.594,SENSING
4900.0,-1542.022,2724.164,-6364.935,-4.215,-6.012,-1.471,-23.594,TRAVELING
4919.145,-1622.322,2608.584,-6391.772,-4.181,-6.069,-1.334,-23.594,TRAVELING
4919.145,-1622.322,2608.584,-6391.772,-4.181,-6.069,-1.334,-23.594,SENSING
4919.145,-1622.322,2608.584,-6391.772,-4.181,-6.069,-1.334,-23.594,TRAVELING
4920.035,-1626.04,2603.184,-6392.956,-4.179,-6.072,-1.328,-23.594,TRAVELING
4920.035,-1626.04,2603.184,-6392.956,-4.179,-6.072,-1.328,-23.594,SENSING
4920.035,-1626.04,2603.184,-6392.956,-4.179,-6.072,-1.328,-23.594,TRAVELING
5340.0,-3164.793,-114.66,-6310.253,-3.03,-6.667,1.722,-23.594,TRAVELING
5340.0,-3164.793,-114.66,-6310.253,-3.03,-6.667,1.722,-23.594,SENSING
5340.0,-3164.793,-114.66,-6310.253,-3.03,-6.667,1.722,-23.594,TRAVELING
5348.108,-3189.23,-168.673,-6296.061,-3.001,-6.666,1.78,-23.594,TRAVELING
5348.108,-3189.23,-168.673,-6296.061,-3.001,-6.666,1.78,-23.594,SENSING
5348.108,-3189.23,-168.673,-6296.061,-3.001,-6.666,1.78,-23.594,TRAVELING
5349.718,-3194.054,-179.397,-6293.187,-2.995,-6.666,1.792,-23.594,TRAVELING
5349.718,-3194.054,-179.397,-6293.187,-2.995,-6.666,1.792,-23.594,SENSING
5349.718,-3194.054,-179.397,-6293.187,-2.995,-6.666,1.792,-23.594,TRAVELING
5550.0,-3716.804,-1499.132,-5794.683,-2.206,-6.474,3.172,-23.594,TRAVELING
5550.0,-3716.804,-1499.132,-5794.683,-2.206,-6.474,3.172,-23.594,SENSING
5550.0,-3716.804,-1499.132,-5794.683,-2.206,-6.474,3.172,-23.594,TRAVELING
5553.159,-3723.753,-1519.56,-5784.635,-2.193,-6.468,3.192,-23.594,TRAVELING
5553.159,-3723.753,-1519.56,-5784.635,-2.193,-6.468,3.192,-23.594,SENSING
5553.159,-3723.753,-1519.56,-5784.635,-2.193,-6.468,3.192,-23.594,TRAVELING
5553.175,-3723.788,-1519.661,-5784.584,-2.193,-6.468,3.192,-23.594,TRAVELING
5553.175,-3723.788,-1519.661,-5784.584,-2.193,-6.468,3.192,-23.594,SENSING
5553.175,-3723.788,-1519.661,-5784.584,-2.193,-6.468,3.192,-23.594,TRAVELING
5730.0,-4043.127,-2628.595,-5120.885,-1.407,-6.048,4.297,-23.594,TRAVELING
5730.0,-4043.127,-2628.595,-5120.885,-1.407,-6.048,4.297,-23.594,SENSING
5730.0,-4043.127,-2628.595,-5120.885,-1.407,-6.048,4.297,-23.594,TRAVELING
5746.82,-4066.152,-2729.796,-5047.826,-1.329,-5.996,4.395,-23.594,TRAVELING
5746.82,-4066.152,-2729.796,-5047.826,-1.329,-5.996,4.395,-23.594,SENSING
5746.82,-4066.152,-2729.796,-5047.826,-1.329,-5.996,4.395,-23.594,TRAVELING
5786.324,-4115.044,-2963.945,-4869.851,-1.144,-5.867,4.619,-23.594,TRAVELING
5786.324,-4115.044,-2963.945,-4869.851,-1.144,-5.867,4.619,-23.594,SENSING
5786.324,-4115.044,-2963.945,-4869.851,-1.144,-5.867,4.619,-23.594,TRAVELING
5830.401,-4160.922,-3218.928,-4661.011,-0.935,-5.711,4.86,-23.594,TRAVELING
5830.401,-4160.922,-3218.928,-4661.011,-0.935,-5.711,4.86,-23.594,SENSING
5830.401,-4160.922,-3218.928,-4661.011,-0.935,-5.711,4.86,-23.594,TRAVELING
5836.071,-4166.154,-3251.223,-4633.38,-0.908,-5.69,4.89,-23.594,TRAVELING
5836.071,-4166.154,-3251.223,-4633.38,-0.908,-5.69,4.89,-23.594,SENSING
5836.071,-4166.154,-3251.223,-4633.38,-0.908,-5.69,4.89,-23.594,TRAVELING
5925.47,-4228.241,-3743.742,-4175.849,-0.477,-5.33,5.343,-23.594,TRAVELING
5925.47,-4228.241,-3743.742,-4175.849,-0.477,-5.33,5.343,-23.594,SENSING
5925.47,-4228.241,-3743.742,-4175.849,-0.477,-5.33,5.343,-23.594,TRAVELING
5927.58,-4229.24,-3754.969,-4164.569,-0.467,-5.321,5.353,-23.594,TRAVELING
5927.58,-4229.24,-3754.969,-4164.569,-0.467,-5.321,5.353,-23.594,SENSING
5927.58,-4229.24,-3754.969,-4164.569,-0.467,-5.321,5.353,-23.594,TRAVELING
5927.628,-4229.263,-3755.222,-4164.315,-0.466,-5.321,5.353,-23.594,TRAVELING
5927.628,-4229.263,-3755.222,-4164.315,-0.466,-5.321,5.353,-23.594,SENSING
5927.628,-4229.263,-3755.222,-4164.315,-0.466,-5.321,5.353,-23.594,TRAVELING
5927.629,-4229.263,-3755.227,-4164.309,-0.466,-5.321,5.353,-23.594,TRAVELING
5927.629,-4229.263,-3755.227,-4164.309,-0.466,-5.321,5.353,-23.594,SENSING
5927.629,-4229.263,-3755.227,-4164.309,-0.466,-5.321,5.353,-23.594,TRAVELING
6300.0,-4066.051,-5386.523,-1896.417,1.338,-3.331,6.672,-23.594,TRAVELING
6300.0,-4066.051,-5386.523,-1896.417,1.338,-3.331,6.672,-23.594,SENSING
6300.0,-4066.051,-5386.523,-1896.417,1.338,-3.331,6.672,-23.594,TRAVELING
6300.796,-4064.987,-5389.168,-1891.11,1.342,-3.326,6.674,-23.594,TRAVELING
6300.796,-4064.987,-5389.168,-1891.11,1.342,-3.326,6.674,-23.594,SENSING
6300.796,-4064.987,-5389.168,-1891.11,1.342,-3.326,6.674,-23.594,TRAVELING
6305.826,-4058.194,-5405.801,-1857.525,1.366,-3.294,6.685,-23.594,TRAVELING
6305.826,-4058.194,-5405.801,-1857.525,1.366,-3.294,6.685,-23.594,SENSING
6305.826,-4058.194,-5405.801,-1857.525,1.366,-3.294,6.685,-23.594,TRAVELING
6306.664,-4057.051,-5408.556,-1851.926,1.37,-3.289,6.687,-23.594,TRAVELING
6306.664,-4057.051,-5408.556,-1851.926,1.37,-3.289,6.687,-23.594,SENSING
6306.664,-4057.051,-5408.556,-1851.926,1.37,-3.289,6.687,-23.594,TRAVELING
6306.67,-4057.043,-5408.575,-1851.886,1.37,-3.289,6.687,-23.594,TRAVELING
6306.67,-4057.043,-5408.575,-1851.886,1.37,-3.289,6.687,-23.594,SENSING
6306.67,-4057.043,-5408.575,-1851.886,1.37,-3.289,6.687,-23.594,TRAVELING
6330.0,-4023.899,-5483.511,-1695.402,1.479,-3.142,6.734,-23.594,TRAVELING
6330.0,-4023.899,-5483.511,-1695.402,1.479,-3.142,6.734,-23.594,SENSING
6330.0,-4023.899,-5483.511,-1695.402,1.479,-3.142,6.734,-23.594,TRAVELING
6330.095,-4023.759,-5483.808,-1694.765,1.479,-3.142,6.735,-23.594,TRAVELING
6330.095,-4023.759,-5483.808,-1694.765,1.479,-3.142,6.735,-23.594,SENSING
6330.095,-4023.759,-5483.808,-1694.765,1.479,-3.142,6.735,-23.594,TRAVELING
6330.151,-4023.676,-5483.985,-1694.386,1.479,-3.141,6.735,-23.594,TRAVELING
6330.151,-4023.676,-5483.985,-1694.386,1.479,-3.141,6.735,-23.594,SENSING
6330.151,-4023.676,-5483.985,-1694.386,1.479,-3.141,6.735,-23.594,TRAVELING
6330.247,-4023.535,-5484.285,-1693.743,1.48,-3.141,6.735,-23.594,TRAVELING
6330.247,-4023.535,-5484.285,-1693.743,1.48,-3.141,6.735,-23.594,SENSING
6330.247,-4023.535,-5484.285,-1693.743,1.48,-3.141,6.735,-23.594,TRAVELING
6340.0,-4008.917,-5514.578,-1627.995,1.525,-3.079,6.754,-23.594,TRAVELING
6340.0,-4008.917,-5514.578,-1627.995,1.525,-3.079,6.754,-23.594,SENSING
6340.0,-4008.917,-5514.578,-1627.995,1.525,-3.079,6.754,-23.594,TRAVELING
6347.791,-3996.922,-5538.342,-1575.345,1.561,-3.029,6.768,-23.594,TRAVELING
6347.791,-3996.922,-5538.342,-1575.345,1.561,-3.029,6.768,-23.594,SENSING
6347.791,-3996.922,-5538.342,-1575.345,1.561,-3.029,6.768,-23.594,TRAVELING
6357.962,-3980.843,-5568.778,-1506.449,1.608,-2.963,6.786,-23.594,TRAVELING
6357.962,-3980.843,-5568.778,-1506.449,1.608,-2.963,6.786,-23.594,SENSING
6357.962,-3980.843,-5568.778,-1506.449,1.608,-2.963,6.786,-23.594,TRAVELING
6360.0,-3977.564,-5574.795,-1492.624,1.618,-2.95,6.79,-23.594,TRAVELING
6360.0,-3977.564,-5574.795,-1492.624,1.618,-2.95,6.79,-23.594,SENSING
6360.0,-3977.564,-5574.795,-1492.624,1.618,-2.95,6.79,-23.594,TRAVELING
6360.34,-3977.015,-5575.797,-1490.317,1.619,-2.948,6.79,-23.594,TRAVELING
6360.34,-3977.015,-5575.797,-1490.317,1.619,-2.948,6.79,-23.594,SENSING
6360.34,-3977.015,-5575.797,-1490.317,1.619,-2.948,6.79,-23.594,TRAVELING
6367.666,-3965.058,-5597.195,-1440.549,1.653,-2.901,6.803,-23.594,TRAVELING
6367.666,-3965.058,-5597.195,-1440.549,1.653,-2.901,6.803,-23.594,SENSING
6367.666,-3965.058,-5597.195,-1440.549,1.653,-2.901,6.803,-23.594,TRAVELING
6371.259,-3959.103,-5607.564,-1416.105,1.669,-2.878,6.809,-23.594,TRAVELING
6371.259,-3959.103,-5607.564,-1416.105,1.669,-2.878,6.809,-23.594,SENSING
6371.259,-3959.103,-5607.564,-1416.105,1.669,-2.878,6.809,-23.594,TRAVELING
6371.476,-3958.743,-5608.185,-1414.635,1.67,-2.876,6.809,-23.594,TRAVELING
6371.476,-3958.743,-5608.185,-1414.635,1.67,-2.876,6.809,-23.594,SENSING
6371.476,-3958.743,-5608.185,-1414.635,1.67,-2.876,6.809,-23.594,TRAVELING
6376.46,-3950.381,-5622.421,-1380.694,1.693,-2.844,6.817,-23.594,TRAVELING
6376.46,-3950.381,-5622.421,-1380.694,1.693,-2.844,6.817,-23.594,SENSING
6376.46,-3950.381,-5622.421,-1380.694,1.693,-2.844,6.817,-23.594,TRAVELING
6388.126,-3930.364,-5655.113,-1301.094,1.746,-2.768,6.835,-23.594,TRAVELING
6388.126,-3930.364,-5655.113,-1301.094,1.746,-2.768,6.835,-23.594,SENSING
6388.126,-3930.364,-5655.113,-1301.094,1.746,-2.768,6.835,-23.594,TRAVELING
6730.0,-3085.406,-6200.953,1069.213,3.15,-0.395,6.882,-23.594,TRAVELING
6730.0,-3085.406,-6200.953,1069.213,3.15,-0.395,6.882,-23.594,SENSING
6730.0,-3085.406,-6200.953,1069.213,3.15,-0.395,6.882,-23.594,TRAVELING
6752.259,-3014.52,-6207.926,1221.992,3.229,-0.235,6.852,-23.594,TRAVELING
6752.259,-3014.52,-6207.926,1221.992,3.229,-0.235,6.852,-23.594,SENSING
6752.259,-3014.52,-6207.926,1221.992,3.229,-0.235,6.852,-23.594,TRAVELING
6758.174,-2995.389,-6209.182,1262.481,3.249,-0.193,6.844,-23.594,TRAVELING
6758.174,-2995.389,-6209.182,1262.481,3.249,-0.193,6.844,-23.594,SENSING
6758.174,-2995.389,-6209.182,1262.481,3.249,-0.193,6.844,-23.594,TRAVELING
6830.0,-2753.666,-6204.381,1749.528,3.488,0.323,6.718,-23.594,TRAVELING
6830.0,-2753.666,-6204.381,1749.528,3.488,0.323,6.718,-23.594,SENSING
6830.0,-2753.666,-6204.381,1749.528,3.488,0.323,6.718,-23.594,TRAVELING
6840.0,-2718.676,-6200.778,1816.575,3.52,0.395,6.698,-23.594,TRAVELING
6840.0,-2718.676,-6200.778,1816.575,3.52,0.395,6.698,-23.594,SENSING
6840.0,-2718.676,-6200.778,1816.575,3.52,0.395,6.698,-23.594,TRAVELING
6840.159,-2718.118,-6200.715,1817.639,3.52,0.396,6.697,-23.594,TRAVELING
6840.159,-2718.118,-6200.715,1817.639,3.52,0.396,6.697,-23.594,SENSING
6840.159,-2718.118,-6200.715,1817.639,3.52,0.396,6.697,-23.594,TRAVELING
6850.0,-2683.372,-6196.458,1883.413,3.551,0.467,6.676,-23.594,TRAVELING
6850.0,-2683.372,-6196.458,1883.413,3.551,0.467,6.676,-23.594,SENSING
6850.0,-2683.372,-6196.458,1883.413,3.551,0.467,6.676,-23.594,TRAVELING
6850.568,-2681.357,-6196.191,1887.204,3.553,0.471,6.675,-23.594,TRAVELING
6850.568,-2681.357,-6196.191,1887.204,3.553,0.471,6.675,-23.594,SENSING
6850.568,-2681.357,-6196.191,1887.204,3.553,0.471,6.675,-23.594,TRAVELING
6860.0,-2647.757,-6191.422,1950.034,3.582,0.538,6.654,-23.594,TRAVELING
6860.0,-2647.757,-6191.422,1950.034,3.582,0.538,6.654,-23.594,SENSING
6860.0,-2647.757,-6191.422,1950.034,3.582,0.538,6.654,-23.594,TRAVELING
6860.278,-2646.762,-6191.271,1951.884,3.583,0.54,6.654,-23.594,TRAVELING
6860.278,-2646.762,-6191.271,1951.884,3.583,0.54,6.654,-23.594,SENSING
6860.278,-2646.762,-6191.271,1951.884,3.583,0.54,6.654,-23.594,TRAVELING
6868.979,-2615.518,-6186.291,2009.66,3.609,0.602,6.634,-23.594,TRAVELING
6868.979,-2615.518,-6186.291,2009.66,3.609,0.602,6.634,-23.594,SENSING
6868.979,-2615.518,-6186.291,2009.66,3.609,0.602,6.634,-23.594,TRAVELING
6870.0,-2611.837,-6185.671,2016.428,3.612,0.61,6.631,-23.594,TRAVELING
6870.0,-2611.837,-6185.671,2016.428,3.612,0.61,6.631,-23.594,SENSING
6870.0,-2611.837,-6185.671,2016.428,3.612,0.61,6.631,-23.594,TRAVELING
6870.277,-2610.836,-6185.501,2018.267,3.613,0.612,6.631,-23.594,TRAVELING
6870.277,-2610.836,-6185.501,2018.267,3.613,0.612,6.631,-23.594,SENSING
6870.277,-2610.836,-6185.501,2018.267,3.613,0.612,6.631,-23.594,TRAVELING
6871.086,-2607.917,-6185.003,2023.625,3.616,0.617,6.629,-23.594,TRAVELING
6871.086,-2607.917,-6185.003,2023.625,3.616,0.617,6.629,-23.594,SENSING
6871.086,-2607.917,-6185.003,2023.625,3.616,0.617,6.629,-23.594,TRAVELING
6872.896,-2601.379,-6183.872,2035.611,3.621,0.63,6.625,-23.594,TRAVELING
6872.896,-2601.379,-6183.872,2035.611,3.621,0.63,6.625,-23.594,SENSING
6872.896,-2601.379,-6183.872,2035.611,3.621,0.63,6.625,-23.594,TRAVELING
6872.999,-2601.004,-6183.807,2036.296,3.621,0.631,6.624,-23.594,TRAVELING
6872.999,-2601.004,-6183.807,2036.296,3.621,0.631,6.624,-23.594,SENSING
6872.999,-2601.004,-6183.807,2036.296,3.621,0.631,6.624,-23.594,TRAVELING
6874.477,-2595.656,-6182.864,2046.08,3.626,0.642,6.621,-23.594,TRAVELING
6874.477,-2595.656,-6182.864,2046.08,3.626,0.642,6.621,-23.594,SENSING
6874.477,-2595.656,-6182.864,2046.08,3.626,0.642,6.621,-23.594,TRAVELING
6875.838,-2590.726,-6181.983,2055.082,3.63,0.651,6.618,-23.594,TRAVELING
6875.838,-2590.726,-6181.983,2055.082,3.63,0.651,6.618,-23.594,SENSING
6875.838,-2590.726,-6181.983,2055.082,3.63,0.651,6.618,-23.594,TRAVELING
6878.733,-2580.22,-6180.064,2074.22,3.639,0.672,6.611,-23.594,TRAVELING
6878.733,-2580.22,-6180.064,2074.22,3.639,0.672,6.611,-23.594,SENSING
6878.733,-2580.22,-6180.064,2074.22,3.639,0.672,6.611,-23.594,TRAVELING
6880.0,-2575.614,-6179.205,2082.59,3.642,0.681,6.608,-23.594,TRAVELING
6880.0,-2575.614,-6179.205,2082.59,3.642,0.681,6.608,-23.594,SENSING
6880.0,-2575.614,-6179.205,2082.59,3.642,0.681,6.608,-23.594,TRAVELING
6882.021,-2568.259,-6177.812,2095.929,3.648,0.696,6.603,-23.594,TRAVELING
6882.021,-2568.259,-6177.812,2095.929,3.648,0.696,6.603,-23.594,SENSING
6882.021,-2568.259,-6177.812,2095.929,3.648,0.696,6.603,-23.594,TRAVELING
6887.893,-2546.814,-6173.599,2134.64,3.666,0.738,6.588,-23.594,TRAVELING
6887.893,-2546.814,-6173.599,2134.64,3.666,0.738,6.588,-23.594,SENSING
6887.893,-2546.814,-6173.599,2134.64,3.666,0.738,6.588,-23.594,TRAVELING
6890.0,-2539.094,-6172.026,2148.511,3.672,0.753,6.583,-23.594,TRAVELING
6890.0,-2539.094,-6172.026,2148.511,3.672,0.753,6.583,-23.594,SENSING
6890.0,-2539.094,-6172.026,2148.511,3.672,0.753,6.583,-23.594,TRAVELING
6890.41,-2537.592,-6171.717,2151.205,3.673,0.755,6.582,-23.594,TRAVELING
6890.41,-2537.592,-6171.717,2151.205,3.673,0.755,6.582,-23.594,SENSING
6890.41,-2537.592,-6171.717,2151.205,3.673,0.755,6.582,-23.594,TRAVELING
6898.19,-2508.965,-6165.616,2202.315,3.696,0.811,6.563,-23.594,TRAVELING
6898.19,-2508.965,-6165.616,2202.315,3.696,0.811,6.563,-23.594,SENSING
6898.19,-2508.965,-6165.616,2202.315,3.696,0.811,6.563,-23.594,TRAVELING
7140.0,-1542.304,-5764.758,3696.75,4.265,2.484,5.735,-23.594,TRAVELING
7140.0,-1542.304,-5764.758,3696.75,4.265,2.484,5.735,-23.594,SENSING
7140.0,-1542.304,-5764.758,3696.75,4.265,2.484,5.735,-23.594,TRAVELING
7165.395,-1433.578,-5699.547,3840.929,4.308,2.652,5.625,-23.594,TRAVELING
7165.395,-1433.578,-5699.547,3840.929,4.308,2.652,5.625,-23.594,SENSING
7165.395,-1433.578,-5699.547,3840.929,4.308,2.652,5.625,-23.594,TRAVELING
7175.768,-1388.858,-5671.694,3899.005,4.325,2.72,5.579,-23.594,TRAVELING
7175.768,-1388.858,-5671.694,3899.005,4.325,2.72,5.579,-23.594,SENSING
7175.768,-1388.858,-5671.694,3899.005,4.325,2.72,5.579,-23.594,TRAVELING
7180.0,-1370.562,-5660.128,3922.561,4.332,2.747,5.56,-23.594,TRAVELING
7180.0,-1370.562,-5660.128,3922.561,4.332,2.747,5.56,-23.594,SENSING
7180.0,-1370.562,-5660.128,3922.561,4.332,2.747,5.56,-23.594,TRAVELING
7180.349,-1369.05,-5659.168,3924.503,4.332,2.75,5.558,-23.594,TRAVELING
7180.349,-1369.05,-5659.168,3924.503,4.332,2.75,5.558,-23.594,SENSING
7180.349,-1369.05,-5659.168,3924.503,4.332,2.75,5.558,-23.594,TRAVELING
7190.0,-1327.219,-5632.336,3977.902,4.347,2.812,5.514,-23.594,TRAVELING
7190.0,-1327.219,-5632.336,3977.902,4.347,2.812,5.514,-23.594,SENSING
7190.0,-1327.219,-5632.336,3977.902,4.347,2.812,5.514,-23.594,TRAVELING
7197.994,-1292.46,-5609.653,4021.814,4.359,2.864,5.477,-23.594,TRAVELING
7197.994,-1292.46,-5609.653,4021.814,4.359,2.864,5.477,-23.594,SENSING
7197.994,-1292.46,-5609.653,4021.814,4.359,2.864,5.477,-23.594,TRAVELING
7198.434,-1290.547,-5608.395,4024.218,4.36,2.867,5.475,-23.594,TRAVELING
7198.434,-1290.547,-5608.395,4024.218,4.36,2.867,5.475,-23.594,SENSING
7198.434,-1290.547,-5608.395,4024.218,4.36,2.867,5.475,-23.594,TRAVELING
7200.195,-1282.875,-5603.337,4033.849,4.363,2.878,5.467,-23.594,TRAVELING
7200.195,-1282.875,-5603.337,4033.849,4.363,2.878,5.467,-23.594,SENSING
7200.195,-1282.875,-5603.337,4033.849,4.363,2.878,5.467,-23.594,TRAVELING
7800.0,1411.377,-2879.49,6289.253,4.321,5.888,1.808,-23.594,TRAVELING
7800.0,1411.377,-2879.49,6289.253,4.321,5.888,1.808,-23.594,SENSING
7800.0,1411.377,-2879.49,6289.253,4.321,5.888,1.808,-23.594,TRAVELING
7801.143,1416.31,-2872.763,6291.313,4.319,5.892,1.799,-23.594,TRAVELING
7801.143,1416.31,-2872.763,6291.313,4.319,5.892,1.799,-23.594,SENSING
7801.143,1416.31,-2872.763,6291.313,4.319,5.892,1.799,-23.594,TRAVELING
7830.0,1540.161,-2701.53,6340.243,4.271,5.983,1.593,-23.594,TRAVELING
7830.0,1540.161,-2701.53,6340.243,4.271,5.983,1.593,-23.594,SENSING
7830.0,1540.161,-2701.53,6340.243,4.271,5.983,1.593,-23.594,TRAVELING
7867.358,1698.333,-2476.107,6394.715,4.203,6.092,1.324,-23.594,TRAVELING
7867.358,1698.333,-2476.107,6394.715,4.203,6.092,1.324,-23.594,SENSING
7867.358,1698.333,-2476.107,6394.715,4.203,6.092,1.324,-23.594,TRAVELING
8310.0,3306.862,388.369,6267.933,2.939,6.621,-1.879,-23.594,TRAVELING
8310.0,3306.862,388.369,6267.933,2.939,6.621,-1.879,-23.594,SENSING
8310.0,3306.862,388.369,6267.933,2.939,6.621,-1.879,-23.594,TRAVELING
8310.822,3309.274,393.805,6266.387,2.936,6.621,-1.885,-23.594,TRAVELING
8310.822,3309.274,393.805,6266.387,2.936,6.621,-1.885,-23.594,SENSING
8310.822,3309.274,393.805,6266.387,2.936,6.621,-1.885,-23.594,TRAVELING
8350.0,3421.403,652.57,6187.236,2.789,6.598,-2.157,-23.594,TRAVELING
8350.0,3421.403,652.57,6187.236,2.789,6.598,-2.157,-23.594,SENSING
8350.0,3421.403,652.57,6187.236,2.789,6.598,-2.157,-23.594,TRAVELING
8350.022,3421.465,652.716,6187.189,2.789,6.598,-2.157,-23.594,TRAVELING
8350.022,3421.465,652.716,6187.189,2.789,6.598,-2.157,-23.594,SENSING
8350.022,3421.465,652.716,6187.189,2.789,6.598,-2.157,-23.594,TRAVELING
8360.0,3449.096,718.457,6165.335,2.751,6.59,-2.226,-23.594,TRAVELING
8360.0,3449.096,718.457,6165.335,2.751,6.59,-2.226,-23.594,SENSING
8360.0,3449.096,718.457,6165.335,2.751,6.59,-2.226,-23.594,TRAVELING
8360.689,3450.991,722.995,6163.801,2.749,6.589,-2.23,-23.594,TRAVELING
8360.689,3450.991,722.995,6163.801,2.749,6.589,-2.23,-23.594,SENSING
8360.689,3450.991,722.995,6163.801,2.749,6.589,-2.23,-23.594,TRAVELING
8370.0,3476.406,784.263,6142.749,2.713,6.582,-2.294,-23.594,TRAVELING
8370.0,3476.406,784.263,6142.749,2.713,6.582,-2.294,-23.594,SENSING
8370.0,3476.406,784.263,6142.749,2.713,6.582,-2.294,-23.594,TRAVELING
8380.0,3503.331,849.982,6119.479,2.674,6.573,-2.362,-23.594,TRAVELING
8380.0,3503.331,849.982,6119.479,2.674,6.573,-2.362,-23.594,SENSING
8380.0,3503.331,849.982,6119.479,2.674,6.573,-2.362,-23.594,TRAVELING
8410.0,3581.762,1046.54,6045.601,2.556,6.541,-2.565,-23.594,TRAVELING
8410.0,3581.762,1046.54,6045.601,2.556,6.541,-2.565,-23.594,SENSING
8410.0,3581.762,1046.54,6045.601,2.556,6.541,-2.565,-23.594,TRAVELING
8420.0,3607.115,1111.836,6019.628,2.516,6.529,-2.632,-23.594,TRAVELING
8420.0,3607.115,1111.836,6019.628,2.516,6.529,-2.632,-23.594,SENSING
8420.0,3607.115,1111.836,6019.628,2.516,6.529,-2.632,-23.594,TRAVELING
8424.044,3617.253,1138.205,6008.936,2.5,6.524,-2.659,-23.594,TRAVELING
8424.044,3617.253,1138.205,6008.936,2.5,6.524,-2.659,-23.594,SENSING
8424.044,3617.253,1138.205,6008.936,2.5,6.524,-2.659,-23.594,TRAVELING
8426.074,3622.319,1151.437,6003.526,2.492,6.521,-2.673,-23.594,TRAVELING
8426.074,3622.319,1151.437,6003.526,2.492,6.521,-2.673,-23.594,SENSING
8426.074,3622.319,1151.437,6003.526,2.492,6.521,-2.673,-23.594,TRAVELING
8433.071,3639.652,1197.0,5984.671,2.464,6.512,-2.719,-23.594,TRAVELING
8433.071,3639.652,1197.0,5984.671,2.464,6.512,-2.719,-23.594,SENSING
8433.071,3639.652,1197.0,5984.671,2.464,6.512,-2.719,-23.594,TRAVELING
8440.0,3656.619,1242.05,5965.681,2.435,6.503,-2.765,-23.594,TRAVELING
8440.0,3656.619,1242.05,5965.681,2.435,6.503,-2.765,-23.594,SENSING
8440.0,3656.619,1242.05,5965.681,2.435,6.503,-2.765,-23.594,TRAVELING
8445.215,3669.263,1275.916,5951.177,2.414,6.495,-2.8,-23.594,TRAVELING
8445.215,3669.263,1275.916,5951.177,2.414,6.495,-2.8,-23.594,SENSING
8445.215,3669.263,1275.916,5951.177,2.414,6.495,-2.8,-23.594,TRAVELING
8451.803,3685.076,1318.641,5932.6,2.387,6.486,-2.843,-23.594,TRAVELING
8451.803,3685.076,1318.641,5932.6,2.387,6.486,-2.843,-23.594,SENSING
8451.803,3685.076,1318.641,5932.6,2.387,6.486,-2.843,-23.594,TRAVELING
8452.053,3685.671,1320.259,5931.89,2.386,6.486,-2.845,-23.594,TRAVELING
8452.053,3685.671,1320.259,5931.89,2.386,6.486,-2.845,-23.594,SENSING
8452.053,3685.671,1320.259,5931.89,2.386,6.486,-2.845,-23.594,TRAVELING
8457.774,3699.256,1357.311,5915.515,2.363,6.477,-2.882,-23.594,TRAVELING
8457.774,3699.256,1357.311,5915.515,2.363,6.477,-2.882,-23.594,SENSING
8457.774,3699.256,1357.311,5915.515,2.363,6.477,-2.882,-23.594,TRAVELING
8460.0,3704.504,1371.712,5909.086,2.354,6.474,-2.897,-23.594,TRAVELING
8460.0,3704.504,1371.712,5909.086,2.354,6.474,-2.897,-23.594,SENSING
8460.0,3704.504,1371.712,5909.086,2.354,6.474,-2.897,-23.594,TRAVELING
8465.565,3717.538,1407.686,5892.871,2.331,6.465,-2.933,-23.594,TRAVELING
8465.565,3717.538,1407.686,5892.871,2.331,6.465,-2.933,-23.594,SENSING
8465.565,3717.538,1407.686,5892.871,2.331,6.465,-2.933,-23.594,TRAVELING
8670.0,4104.83,2685.663,5162.357,1.444,6.0,-4.188,-23.594,TRAVELING
8670.0,4104.83,2685.663,5162.357,1.444,6.0,-4.188,-23.594,SENSING
8670.0,4104.83,2685.663,5162.357,1.444,6.0,-4.188,-23.594,TRAVELING
8676.609,4114.278,2725.218,5134.567,1.414,5.981,-4.226,-23.594,TRAVELING
8676.609,4114.278,2725.218,5134.567,1.414,5.981,-4.226,-23.594,SENSING
8676.609,4114.278,2725.218,5134.567,1.414,5.981,-4.226,-23.594,TRAVELING
8720.668,4172.191,2985.476,4943.054,1.213,5.842,-4.471,-23.594,TRAVELING
8720.668,4172.191,2985.476,4943.054,1.213,5.842,-4.471,-23.594,SENSING
8720.668,4172.191,2985.476,4943.054,1.213,5.842,-4.471,-23.594,TRAVELING
8729.097,4182.259,3034.554,4905.199,1.174,5.814,-4.516,-23.594,TRAVELING
8729.097,4182.259,3034.554,4905.199,1.174,5.814,-4.516,-23.594,SENSING
8729.097,4182.259,3034.554,4905.199,1.174,5.814,-4.516,-23.594,TRAVELING
8820.0,4269.942,3547.996,4473.202,0.751,5.484,-4.986,-23.594,TRAVELING
8820.0,4269.942,3547.996,4473.202,0.751,5.484,-4.986,-23.594,SENSING
8820.0,4269.942,3547.996,4473.202,0.751,5.484,-4.986,-23.594,TRAVELING
8830.0,4277.235,3602.593,4423.125,0.704,5.445,-5.035,-23.594,TRAVELING
8830.0,4277.235,3602.593,4423.125,0.704,5.445,-5.035,-23.594,SENSING
8830.0,4277.235,3602.593,4423.125,0.704,5.445,-5.035,-23.594,TRAVELING
8840.0,4284.059,3656.795,4372.562,0.657,5.405,-5.083,-23.594,TRAVELING
8840.0,4284.059,3656.795,4372.562,0.657,5.405,-5.083,-23.594,SENSING
8840.0,4284.059,3656.795,4372.562,0.657,5.405,-5.083,-23.594,TRAVELING
8855.074,4293.458,3737.738,4295.437,0.586,5.344,-5.155,-23.594,TRAVELING
8855.074,4293.458,3737.738,4295.437,0.586,5.344,-5.155,-23.594,SENSING
8855.074,4293.458,3737.738,4295.437,0.586,5.344,-5.155,-23.594,TRAVELING
8864.68,4298.889,3788.83,4245.732,0.541,5.304,-5.2,-23.594,TRAVELING
8864.68,4298.889,3788.83,4245.732,0.541,5.304,-5.2,-23.594,SENSING
8864.68,4298.889,3788.83,4245.732,0.541,5.304,-5.2,-23.594,TRAVELING
8864.707,4298.904,3788.977,4245.589,0.541,5.304,-5.2,-23.594,TRAVELING
8864.707,4298.904,3788.977,4245.589,0.541,5.304,-5.2,-23.594,SENSING
8864.707,4298.904,3788.977,4245.589,0.541,5.304,-5.2,-23.594,TRAVELING
8865.065,4299.098,3790.874,4243.727,0.539,5.303,-5.202,-23.594,TRAVELING
8865.065,4299.098,3790.874,4243.727,0.539,5.303,-5.202,-23.594,SENSING
8865.065,4299.098,3790.874,4243.727,0.539,5.303,-5.202,-23.594,TRAVELING
8867.077,4300.176,3801.521,4233.261,0.53,5.294,-5.211,-23.594,TRAVELING
8867.077,4300.176,3801.521,4233.261,0.53,5.294,-5.211,-23.594,SENSING
8867.077,4300.176,3801.521,4233.261,0.53,5.294,-5.211,-23.594,TRAVELING
8871.648,4302.556,3825.656,4209.404,0.508,5.275,-5.232,-23.594,TRAVELING
8871.648,4302.556,3825.656,4209.404,0.508,5.275,-5.232,-23.594,SENSING
8871.648,4302.556,3825.656,4209.404,0.508,5.275,-5.232,-23.594,TRAVELING
8876.838,4305.139,3852.949,4182.202,0.484,5.253,-5.256,-23.594,TRAVELING
8876.838,4305.139,3852.949,4182.202,0.484,5.253,-5.256,-23.594,SENSING
8876.838,4305.139,3852.949,4182.202,0.484,5.253,-5.256,-23.594,TRAVELING
8880.0,4306.65,3869.524,4165.567,0.469,5.24,-5.271,-23.594,TRAVELING
8880.0,4306.65,3869.524,4165.567,0.469,5.24,-5.271,-23.594,SENSING
8880.0,4306.65,3869.524,4165.567,0.469,5.24,-5.271,-23.594,TRAVELING
8890.0,4311.119,3921.659,4112.661,0.421,5.197,-5.316,-23.594,TRAVELING
8890.0,4311.119,3921.659,4112.661,0.421,5.197,-5.316,-23.594,SENSING
8890.0,4311.119,3921.659,4112.661,0.421,5.197,-5.316,-23.594,TRAVELING
8890.256,4311.227,3922.985,4111.303,0.42,5.196,-5.317,-23.594,TRAVELING
8890.256,4311.227,3922.985,4111.303,0.42,5.196,-5.317,-23.594,SENSING
8890.256,4311.227,3922.985,4111.303,0.42,5.196,-5.317,-23.594,TRAVELING
8890.314,4311.252,3923.288,4110.994,0.42,5.196,-5.317,-23.594,TRAVELING
8890.314,4311.252,3923.288,4110.994,0.42,5.196,-5.317,-23.594,SENSING
8890.314,4311.252,3923.288,4110.994,0.42,5.196,-5.317,-23.594,TRAVELING
8896.749,4313.868,3956.602,4076.699,0.389,5.168,-5.346,-23.594,TRAVELING
8896.749,4313.868,3956.602,4076.699,0.389,5.168,-5.346,-23.594,SENSING
8896.749,4313.868,3956.602,4076.699,0.389,5.168,-5.346,-23.594,TRAVELING
8897.854,4314.298,3962.306,4070.79,0.384,5.163,-5.351,-23.594,TRAVELING
8897.854,4314.298,3962.306,4070.79,0.384,5.163,-5.351,-23.594,SENSING
8897.854,4314.298,3962.306,4070.79,0.384,5.163,-5.351,-23.594,TRAVELING
8899.757,4315.024,3972.111,4060.607,0.375,5.155,-5.36,-23.594,TRAVELING
8899.757,4315.024,3972.111,4060.607,0.375,5.155,-5.36,-23.594,SENSING
8899.757,4315.024,3972.111,4060.607,0.375,5.155,-5.36,-23.594,TRAVELING
8900.0,4315.116,3973.364,4059.304,0.374,5.154,-5.361,-23.594,TRAVELING
8900.0,4315.116,3973.364,4059.304,0.374,5.154,-5.361,-23.594,SENSING
8900.0,4315.116,3973.364,4059.304,0.374,5.154,-5.361,-23.594,TRAVELING
8900.038,4315.13,3973.561,4059.098,0.374,5.154,-5.361,-23.594,TRAVELING
8900.038,4315.13,3973.561,4059.098,0.374,5.154,-5.361,-23.594,SENSING
8900.038,4315.13,3973.561,4059.098,0.374,5.154,-5.361,-23.594,TRAVELING
8900.296,4315.227,3974.886,4057.719,0.373,5.152,-5.362,-23.594,TRAVELING
8900.296,4315.227,3974.886,4057.719,0.373,5.152,-5.362,-23.594,SENSING
8900.296,4315.227,3974.886,4057.719,0.373,5.152,-5.362,-23.594,TRAVELING
8900.476,4315.294,3975.812,4056.755,0.372,5.152,-5.363,-23.594,TRAVELING
8900.476,4315.294,3975.812,4056.755,0.372,5.152,-5.363,-23.594,SENSING
8900.476,4315.294,3975.812,4056.755,0.372,5.152,-5.363,-23.594,TRAVELING
8900.533,4315.315,3976.106,4056.449,0.372,5.151,-5.363,-23.594,TRAVELING
8900.533,4315.315,3976.106,4056.449,0.372,5.151,-5.363,-23.594,SENSING
8900.533,4315.315,3976.106,4056.449,0.372,5.151,-5.363,-23.594,TRAVELING
8910.0,4318.639,4024.632,4005.501,0.327,5.11,-5.405,-23.594,TRAVELING
8910.0,4318.639,4024.632,4005.501,0.327,5.11,-5.405,-23.594,SENSING
8910.0,4318.639,4024.632,4005.501,0.327,5.11,-5.405,-23.594,TRAVELING
8911.79,4319.22,4033.764,3995.822,0.318,5.102,-5.413,-23.594,TRAVELING
8911.79,4319.22,4033.764,3995.822,0.318,5.102,-5.413,-23.594,SENSING
8911.79,4319.22,4033.764,3995.822,0.318,5.102,-5.413,-23.594,TRAVELING
8919.732,4321.614,4074.105,3952.716,0.281,5.067,-5.448,-23.594,TRAVELING
8919.732,4321.614,4074.105,3952.716,0.281,5.067,-5.448,-23.594,SENSING
8919.732,4321.614,4074.105,3952.716,0.281,5.067,-5.448,-23.594,TRAVELING
8920.0,4321.69,4075.46,3951.259,0.279,5.065,-5.449,-23.594,TRAVELING
8920.0,4321.69,4075.46,3951.259,0.279,5.065,-5.449,-23.594,SENSING
8920.0,4321.69,4075.46,3951.259,0.279,5.065,-5.449,-23.594,TRAVELING
8920.265,4321.764,4076.802,3949.814,0.278,5.064,-5.45,-23.594,TRAVELING
8920.265,4321.764,4076.802,3949.814,0.278,5.064,-5.45,-23.594,SENSING
8920.265,4321.764,4076.802,3949.814,0.278,5.064,-5.45,-23.594,TRAVELING
8924.543,4322.919,4098.402,3926.474,0.258,5.045,-5.468,-23.594,TRAVELING
8924.543,4322.919,4098.402,3926.474,0.258,5.045,-5.468,-23.594,SENSING
8924.543,4322.919,4098.402,3926.474,0.258,5.045,-5.468,-23.594,TRAVELING
8930.0,4324.267,4125.84,3896.583,0.232,5.02,-5.492,-23.594,TRAVELING
8930.0,4324.267,4125.84,3896.583,0.232,5.02,-5.492,-23.594,SENSING
8930.0,4324.267,4125.84,3896.583,0.232,5.02,-5.492,-23.594,TRAVELING
8938.168,4326.021,4166.655,3851.608,0.193,4.983,-5.527,-23.594,TRAVELING
8938.168,4326.021,4166.655,3851.608,0.193,4.983,-5.527,-23.594,SENSING
8938.168,4326.021,4166.655,3851.608,0.193,4.983,-5.527,-23.594,TRAVELING
8948.471,4327.782,4217.704,3794.474,0.144,4.936,-5.57,-23.594,TRAVELING
8948.471,4327.782,4217.704,3794.474,0.144,4.936,-5.57,-23.594,SENSING
8948.471,4327.782,4217.704,3794.474,0.144,4.936,-5.57,-23.594,TRAVELING
10210.0,1218.973,5625.323,-4211.204,-4.347,-3.035,-5.231,-23.594,TRAVELING
10210.0,1218.973,5625.323,-4211.204,-4.347,-3.035,-5.231,-23.594,SENSING
10210.0,1218.973,5625.323,-4211.204,-4.347,-3.035,-5.231,-23.594,TRAVELING
10220.0,1175.491,5594.675,-4263.25,-4.36,-3.096,-5.184,-23.594,TRAVELING
10220.0,1175.491,5594.675,-4263.25,-4.36,-3.096,-5.184,-23.594,SENSING
10220.0,1175.491,5594.675,-4263.25,-4.36,-3.096,-5.184,-23.594,TRAVELING
10223.329,1160.987,5584.336,-4280.473,-4.364,-3.117,-5.168,-23.594,TRAVELING
10223.329,1160.987,5584.336,-4280.473,-4.364,-3.117,-5.168,-23.594,SENSING
10223.329,1160.987,5584.336,-4280.473,-4.364,-3.117,-5.168,-23.594,TRAVELING
10340.0,644.99,5180.023,-4849.682,-4.481,-3.808,-4.582,-23.594,TRAVELING
10340.0,644.99,5180.023,-4849.682,-4.481,-3.808,-4.582,-23.594,SENSING
10340.0,644.99,5180.023,-4849.682,-4.481,-3.808,-4.582,-23.594,TRAVELING
10340.547,642.544,5177.942,-4852.185,-4.481,-3.811,-4.579,-23.594,TRAVELING
10340.547,642.544,5177.942,-4852.185,-4.481,-3.811,-4.579,-23.594,SENSING
10340.547,642.544,5177.942,-4852.185,-4.481,-3.811,-4.579,-23.594,TRAVELING
10350.0,600.202,5141.674,-4895.208,-4.487,-3.865,-4.528,-23.594,TRAVELING
10350.0,600.202,5141.674,-4895.208,-4.487,-3.865,-4.528,-23.594,SENSING
10350.0,600.202,5141.674,-4895.208,-4.487,-3.865,-4.528,-23.594,TRAVELING
10353.077,586.405,5129.759,-4909.11,-4.489,-3.882,-4.511,-23.594,TRAVELING
10353.077,586.405,5129.759,-4909.11,-4.489,-3.882,-4.511,-23.594,SENSING
10353.077,586.405,5129.759,-4909.11,-4.489,-3.882,-4.511,-23.594,TRAVELING
10410.0,330.245,4899.846,-5156.872,-4.518,-4.197,-4.196,-23.594,TRAVELING
10410.0,330.245,4899.846,-5156.872,-4.518,-4.197,-4.196,-23.594,SENSING
10410.0,330.245,4899.846,-5156.872,-4.518,-4.197,-4.196,-23.594,TRAVELING
10410.844,326.436,4896.303,-5160.409,-4.519,-4.202,-4.191,-23.594,TRAVELING
10410.844,326.436,4896.303,-5160.409,-4.519,-4.202,-4.191,-23.594,SENSING
10410.844,326.436,4896.303,-5160.409,-4.519,-4.202,-4.191,-23.594,TRAVELING
10440.0,194.703,4771.586,-5280.093,-4.527,-4.357,-4.023,-23.594,TRAVELING
10440.0,194.703,4771.586,-5280.093,-4.527,-4.357,-4.023,-23.594,SENSING
10440.0,194.703,4771.586,-5280.093,-4.527,-4.357,-4.023,-23.594,TRAVELING
10440.705,191.515,4768.515,-5282.926,-4.527,-4.361,-4.019,-23.594,TRAVELING
10440.705,191.515,4768.515,-5282.926,-4.527,-4.361,-4.019,-23.594,SENSING
10440.705,191.515,4768.515,-5282.926,-4.527,-4.361,-4.019,-23.594,TRAVELING
10460.45,102.187,4681.435,-5361.091,-4.53,-4.464,-3.903,-23.594,TRAVELING
10460.45,102.187,4681.435,-5361.091,-4.53,-4.464,-3.903,-23.594,SENSING
10460.45,102.187,4681.435,-5361.091,-4.53,-4.464,-3.903,-23.594,TRAVELING
10460.588,101.56,4680.816,-5361.631,-4.53,-4.464,-3.902,-23.594,TRAVELING
10460.588,101.56,4680.816,-5361.631,-4.53,-4.464,-3.902,-23.594,SENSING
10460.588,101.56,4680.816,-5361.631,-4.53,-4.464,-3.902,-23.594,TRAVELING
10461.227,98.669,4677.965,-5364.121,-4.531,-4.468,-3.898,-23.594,TRAVELING
10461.227,98.669,4677.965,-5364.121,-4.531,-4.468,-3.898,-23.594,SENSING
10461.227,98.669,4677.965,-5364.121,-4.531,-4.468,-3.898,-23.594,TRAVELING
10467.51,70.231,4649.805,-5388.484,-4.531,-4.5,-3.861,-23.594,TRAVELING
10467.51,70.231,4649.805,-5388.484,-4.531,-4.5,-3.861,-23.594,SENSING
10467.51,70.231,4649.805,-5388.484,-4.531,-4.5,-3.861,-23.594,TRAVELING
10478.22,21.752,4601.341,-5429.467,-4.532,-4.555,-3.797,-23.594,TRAVELING
10478.22,21.752,4601.341,-5429.467,-4.532,-4.555,-3.797,-23.594,SENSING
10478.22,21.752,4601.341,-5429.467,-4.532,-4.555,-3.797,-23.594,TRAVELING
10480.212,12.734,4592.262,-5437.014,-4.532,-4.565,-3.785,-23.594,TRAVELING
10480.212,12.734,4592.262,-5437.014,-4.532,-4.565,-3.785,-23.594,SENSING
10480.212,12.734,4592.262,-5437.014,-4.532,-4.565,-3.785,-23.594,TRAVELING
10482.973,0.236,4579.647,-5447.434,-4.532,-4.579,-3.768,-23.594,TRAVELING
10482.973,0.236,4579.647,-5447.434,-4.532,-4.579,-3.768,-23.594,SENSING
10482.973,0.236,4579.647,-5447.434,-4.532,-4.579,-3.768,-23.594,TRAVELING
10483.385,-1.629,4577.76,-5448.985,-4.532,-4.581,-3.766,-23.594,TRAVELING
10483.385,-1.629,4577.76,-5448.985,-4.532,-4.581,-3.766,-23.594,SENSING
10483.385,-1.629,4577.76,-5448.985,-4.532,-4.581,-3.766,-23.594,TRAVELING
10494.908,-53.794,4524.664,-5491.955,-4.531,-4.639,-3.696,-23.594,TRAVELING
10494.908,-53.794,4524.664,-5491.955,-4.531,-4.639,-3.696,-23.594,SENSING
10494.908,-53.794,4524.664,-5491.955,-4.531,-4.639,-3.696,-23.594,TRAVELING
10494.932,-53.9,4524.555,-5492.041,-4.531,-4.639,-3.696,-23.594,TRAVELING
10494.932,-53.9,4524.555,-5492.041,-4.531,-4.639,-3.696,-23.594,SENSING
10494.932,-53.9,4524.555,-5492.041,-4.531,-4.639,-3.696,-23.594,TRAVELING
10495.014,-54.272,4524.174,-5492.345,-4.531,-4.64,-3.695,-23.594,TRAVELING
10495.014,-54.272,4524.174,-5492.345,-4.531,-4.64,-3.695,-23.594,SENSING
10495.014,-54.272,4524.174,-5492.345,-4.531,-4.64,-3.695,-23.594,TRAVELING
11080.0,-2528.161,1148.227,-6506.587,-3.661,-6.546,0.349,-23.594,TRAVELING
11080.0,-2528.161,1148.227,-6506.587,-3.661,-6.546,0.349,-23.594,SENSING
11080.0,-2528.161,1148.227,-6506.587,-3.661,-6.546,0.349,-23.594,TRAVELING
11085.561,-2548.462,1111.83,-6504.535,-3.645,-6.553,0.389,-23.594,TRAVELING
11085.561,-2548.462,1111.83,-6504.535,-3.645,-6.553,0.389,-23.594,SENSING
11085.561,-2548.462,1111.83,-6504.535,-3.645,-6.553,0.389,-23.594,TRAVELING
12270.0,-4025.592,-5503.906,-1622.818,1.519,-3.079,6.755,-23.594,TRAVELING
12270.0,-4025.592,-5503.906,-1622.818,1.519,-3.079,6.755,-23.594,SENSING
12270.0,-4025.592,-5503.906,-1622.818,1.519,-3.079,6.755,-23.594,TRAVELING
12270.593,-4024.692,-5505.729,-1618.812,1.522,-3.075,6.756,-23.594,TRAVELING
12270.593,-4024.692,-5505.729,-1618.812,1.522,-3.075,6.756,-23.594,SENSING
12270.593,-4024.692,-5505.729,-1618.812,1.522,-3.075,6.756,-23.594,TRAVELING
12380.0,-3831.214,-5802.909,-870.519,2.019,-2.358,6.914,-23.594,TRAVELING
12380.0,-3831.214,-5802.909,-870.519,2.019,-2.358,6.914,-23.594,SENSING
12380.0,-3831.214,-5802.909,-870.519,2.019,-2.358,6.914,-23.594,TRAVELING
12380.489,-3830.229,-5804.06,-867.141,2.021,-2.355,6.915,-23.594,TRAVELING
12380.489,-3830.229,-5804.06,-867.141,2.021,-2.355,6.915,-23.594,SENSING
12380.489,-3830.229,-5804.06,-867.141,2.021,-2.355,6.915,-23.594,TRAVELING
12388.657,-3813.604,-5823.045,-810.658,2.058,-2.3,6.922,-23.594,TRAVELING
12388.657,-3813.604,-5823.045,-810.658,2.058,-2.3,6.922,-23.594,SENSING
12388.657,-3813.604,-5823.045,-810.658,2.058,-2.3,6.922,-23.594,TRAVELING
12391.474,-3807.803,-5829.488,-791.166,2.07,-2.281,6.925,-23.594,TRAVELING
12391.474,-3807.803,-5829.488,-791.166,2.07,-2.281,6.925,-23.594,SENSING
12391.474,-3807.803,-5829.488,-791.166,2.07,-2.281,6.925,-23.594,TRAVELING
12394.78,-3800.949,-5836.982,-768.277,2.085,-2.259,6.928,-23.594,TRAVELING
12394.78,-3800.949,-5836.982,-768.277,2.085,-2.259,6.928,-23.594,SENSING
12394.78,-3800.949,-5836.982,-768.277,2.085,-2.259,6.928,-23.594,TRAVELING
12395.199,-3800.076,-5837.927,-765.373,2.086,-2.256,6.928,-23.594,TRAVELING
12395.199,-3800.076,-5837.927,-765.373,2.086,-2.256,6.928,-23.594,SENSING
12395.199,-3800.076,-5837.927,-765.373,2.086,-2.256,6.928,-23.594,TRAVELING
12400.0,-3790.03,-5848.664,-732.118,2.107,-2.223,6.933,-23.594,TRAVELING
12400.0,-3790.03,-5848.664,-732.118,2.107,-2.223,6.933,-23.594,SENSING
12400.0,-3790.03,-5848.664,-732.118,2.107,-2.223,6.933,-23.594,TRAVELING
12402.775,-3784.177,-5854.798,-712.889,2.12,-2.205,6.935,-23.594,TRAVELING
12402.775,-3784.177,-5854.798,-712.889,2.12,-2.205,6.935,-23.594,SENSING
12402.775,-3784.177,-5854.798,-712.889,2.12,-2.205,6.935,-23.594,TRAVELING
12404.812,-3779.859,-5859.268,-698.769,2.129,-2.191,6.937,-23.594,TRAVELING
12404.812,-3779.859,-5859.268,-698.769,2.129,-2.191,6.937,-23.594,SENSING
12404.812,-3779.859,-5859.268,-698.769,2.129,-2.191,6.937,-23.594,TRAVELING
12460.0,-3656.037,-5969.613,-315.14,2.366,-1.813,6.969,-23.594,TRAVELING
12460.0,-3656.037,-5969.613,-315.14,2.366,-1.813,6.969,-23.594,SENSING
12460.0,-3656.037,-5969.613,-315.14,2.366,-1.813,6.969,-23.594,TRAVELING
12520.0,-3506.825,-6065.709,103.152,2.615,-1.395,6.976,-23.594,TRAVELING
12520.0,-3506.825,-6065.709,103.152,2.615,-1.395,6.976,-23.594,SENSING
12520.0,-3506.825,-6065.709,103.152,2.615,-1.395,6.976,-23.594,TRAVELING
12522.137,-3501.238,-6068.668,118.049,2.624,-1.38,6.976,-23.594,TRAVELING
12522.137,-3501.238,-6068.668,118.049,2.624,-1.38,6.976,-23.594,SENSING
12522.137,-3501.238,-6068.668,118.049,2.624,-1.38,6.976,-23.594,TRAVELING
12980.0,-1934.034,-5953.471,3169.101,4.093,1.868,6.088,-23.594,TRAVELING
12980.0,-1934.034,-5953.471,3169.101,4.093,1.868,6.088,-23.594,SENSING
12980.0,-1934.034,-5953.471,3169.101,4.093,1.868,6.088,-23.594,TRAVELING
12981.564,-1927.639,-5950.541,3178.614,4.096,1.879,6.083,-23.594,TRAVELING
12981.564,-1927.639,-5950.541,3178.614,4.096,1.879,6.083,-23.594,SENSING
12981.564,-1927.639,-5950.541,3178.614,4.096,1.879,6.083,-23.594,TRAVELING
12994.135,-1876.04,-5926.383,3254.749,4.124,1.965,6.036,-23.594,TRAVELING
12994.135,-1876.04,-5926.383,3254.749,4.124,1.965,6.036,-23.594,SENSING
12994.135,-1876.04,-5926.383,3254.749,4.124,1.965,6.036,-23.594,TRAVELING
13050.0,-1642.729,-5806.048,3585.726,4.237,2.342,5.816,-23.594,TRAVELING
13050.0,-1642.729,-5806.048,3585.726,4.237,2.342,5.816,-23.594,SENSING
13050.0,-1642.729,-5806.048,3585.726,4.237,2.342,5.816,-23.594,TRAVELING
13050.253,-1641.659,-5805.456,3587.196,4.238,2.344,5.815,-23.594,TRAVELING
13050.253,-1641.659,-5805.456,3587.196,4.238,2.344,5.815,-23.594,SENSING
13050.253,-1641.659,-5805.456,3587.196,4.238,2.344,5.815,-23.594,TRAVELING
13051.208,-1637.618,-5803.215,3592.743,4.239,2.35,5.811,-23.594,TRAVELING
13051.208,-1637.618,-5803.215,3592.743,4.239,2.35,5.811,-23.594,SENSING
13051.208,-1637.618,-5803.215,3592.743,4.239,2.35,5.811,-23.594,TRAVELING
13100.0,-1428.876,-5680.655,3871.066,4.326,2.673,5.601,-23.594,TRAVELING
13100.0,-1428.876,-5680.655,3871.066,4.326,2.673,5.601,-23.594,SENSING
13100.0,-1428.876,-5680.655,3871.066,4.326,2.673,5.601,-23.594,TRAVELING
13100.729,-1425.724,-5678.704,3875.148,4.327,2.678,5.598,-23.594,TRAVELING
13100.729,-1425.724,-5678.704,3875.148,4.327,2.678,5.598,-23.594,SENSING
13100.729,-1425.724,-5678.704,3875.148,4.327,2.678,5.598,-23.594,TRAVELING
13110.0,-1385.591,-5653.605,3926.824,4.342,2.738,5.556,-23.594,TRAVELING
13110.0,-1385.591,-5653.605,3926.824,4.342,2.738,5.556,-23.594,SENSING
13110.0,-1385.591,-5653.605,3926.824,4.342,2.738,5.556,-23.594,TRAVELING
13178.78,-1083.82,-5450.127,4297.761,4.44,3.177,5.231,-23.594,TRAVELING
13178.78,-1083.82,-5450.127,4297.761,4.44,3.177,5.231,-23.594,SENSING
13178.78,-1083.82,-5450.127,4297.761,4.44,3.177,5.231,-23.594,TRAVELING
13180.454,-1076.396,-5444.802,4306.504,4.442,3.188,5.222,-23.594,TRAVELING
13180.454,-1076.396,-5444.802,4306.504,4.442,3.188,5.222,-23.594,SENSING
13180.454,-1076.396,-5444.802,4306.504,4.442,3.188,5.222,-23.594,TRAVELING
13210.0,-944.796,-5347.933,4458.542,4.476,3.371,5.074,-23.594,TRAVELING
13210.0,-944.796,-5347.933,4458.542,4.476,3.371,5.074,-23.594,SENSING
13210.0,-944.796,-5347.933,4458.542,4.476,3.371,5.074,-23.594,TRAVELING
13217.982,-909.078,-5320.843,4498.854,4.485,3.42,5.033,-23.594,TRAVELING
13217.982,-909.078,-5320.843,4498.854,4.485,3.42,5.033,-23.594,SENSING
13217.982,-909.078,-5320.843,4498.854,4.485,3.42,5.033,-23.594,TRAVELING
13340.0,-356.283,-4859.583,5072.524,4.574,4.133,4.362,-23.594,TRAVELING
13340.0,-356.283,-4859.583,5072.524,4.574,4.133,4.362,-23.594,SENSING
13340.0,-356.283,-4859.583,5072.524,4.574,4.133,4.362,-23.594,TRAVELING
13348.091,-319.307,-4825.98,5107.608,4.577,4.178,4.315,-23.594,TRAVELING
13348.091,-319.307,-4825.98,5107.608,4.577,4.178,4.315,-23.594,SENSING
13348.091,-319.307,-4825.98,5107.608,4.577,4.178,4.315,-23.594,TRAVELING
13354.825,-288.51,-4797.734,5136.521,4.579,4.215,4.276,-23.594,TRAVELING
13354.825,-288.51,-4797.734,5136.521,4.579,4.215,4.276,-23.594,SENSING
13354.825,-288.51,-4797.734,5136.521,4.579,4.215,4.276,-23.594,TRAVELING
14280.0,3425.617,646.377,6185.691,2.808,6.588,-2.162,-23.594,TRAVELING
14280.0,3425.617,646.377,6185.691,2.808,6.588,-2.162,-23.594,SENSING
14280.0,3425.617,646.377,6185.691,2.808,6.588,-2.162,-23.594,TRAVELING
14285.984,3442.344,685.753,6172.638,2.785,6.584,-2.203,-23.594,TRAVELING
14285.984,3442.344,685.753,6172.638,2.785,6.584,-2.203,-23.594,SENSING
14285.984,3442.344,685.753,6172.638,2.785,6.584,-2.203,-23.594,TRAVELING
14300.347,3481.936,780.156,6140.304,2.73,6.572,-2.301,-23.594,TRAVELING
14300.347,3481.936,780.156,6140.304,2.73,6.572,-2.301,-23.594,SENSING
14300.347,3481.936,780.156,6140.304,2.73,6.572,-2.301,-23.594,TRAVELING
14620.0,4142.923,2795.949,5074.372,1.369,5.933,-4.305,-23.594,TRAVELING
14620.0,4142.923,2795.949,5074.372,1.369,5.933,-4.305,-23.594,SENSING
14620.0,4142.923,2795.949,5074.372,1.369,5.933,-4.305,-23.594,TRAVELING
14624.6,4149.175,2823.182,5054.52,1.348,5.919,-4.331,-23.594,TRAVELING
14624.6,4149.175,2823.182,5054.52,1.348,5.919,-4.331,-23.594,SENSING
14624.6,4149.175,2823.182,5054.52,1.348,5.919,-4.331,-23.594,TRAVELING
14890.0,4343.083,4263.796,3725.922,0.102,4.878,-5.62,-23.594,TRAVELING
14890.0,4343.083,4263.796,3725.922,0.102,4.878,-5.62,-23.594,SENSING
14890.0,4343.083,4263.796,3725.922,0.102,4.878,-5.62,-23.594,TRAVELING
14896.09,4343.63,4293.391,3691.635,0.073,4.85,-5.645,-23.594,TRAVELING
14896.09,4343.63,4293.391,3691.635,0.073,4.85,-5.645,-23.594,SENSING
14896.09,4343.63,4293.391,3691.635,0.073,4.85,-5.645,-23.594,TRAVELING
14896.322,4343.647,4294.513,3690.328,0.072,4.849,-5.646,-23.594,TRAVELING
14896.322,4343.647,4294.513,3690.328,0.072,4.849,-5.646,-23.594,SENSING
14896.322,4343.647,4294.513,3690.328,0.072,4.849,-5.646,-23.594,TRAVELING
15230.0,4106.343,5619.429,1622.888,-1.485,3.022,-6.626,-23.594,TRAVELING
15230.0,4106.343,5619.429,1622.888,-1.485,3.022,-6.626,-23.594,SENSING
15230.0,4106.343,5619.429,1622.888,-1.485,3.022,-6.626,-23.594,TRAVELING
15230.136,4106.141,5619.84,1621.985,-1.486,3.021,-6.626,-23.594,TRAVELING
15230.136,4106.141,5619.84,1621.985,-1.486,3.021,-6.626,-23.594,SENSING
15230.136,4106.141,5619.84,1621.985,-1.486,3.021,-6.626,-23.594,TRAVELING
15240.0,4091.309,5649.302,1556.579,-1.53,2.96,-6.643,-23.594,TRAVELING
15240.0,4091.309,5649.302,1556.579,-1.53,2.96,-6.643,-23.594,SENSING
15240.0,4091.309,5649.302,1556.579,-1.53,2.96,-6.643,-23.594,TRAVELING
15280.0,4026.73,5762.604,1289.72,-1.707,2.711,-6.705,-23.594,TRAVELING
15280.0,4026.73,5762.604,1289.72,-1.707,2.711,-6.705,-23.594,SENSING
15280.0,4026.73,5762.604,1289.72,-1.707,2.711,-6.705,-23.594,TRAVELING
15280.4,4026.049,5763.686,1287.039,-1.709,2.709,-6.706,-23.594,TRAVELING
15280.4,4026.049,5763.686,1287.039,-1.709,2.709,-6.706,-23.594,SENSING
15280.4,4026.049,5763.686,1287.039,-1.709,2.709,-6.706,-23.594,TRAVELING
15283.115,4021.406,5771.007,1268.841,-1.72,2.692,-6.709,-23.594,TRAVELING
15283.115,4021.406,5771.007,1268.841,-1.72,2.692,-6.709,-23.594,SENSING
15283.115,4021.406,5771.007,1268.841,-1.72,2.692,-6.709,-23.594,TRAVELING
15284.18,4019.575,5773.867,1261.695,-1.725,2.685,-6.711,-23.594,TRAVELING
15284.18,4019.575,5773.867,1261.695,-1.725,2.685,-6.711,-23.594,SENSING
15284.18,4019.575,5773.867,1261.695,-1.725,2.685,-6.711,-23.594,TRAVELING
15287.654,4013.569,5783.145,1238.382,-1.74,2.663,-6.716,-23.594,TRAVELING
15287.654,4013.569,5783.145,1238.382,-1.74,2.663,-6.716,-23.594,SENSING
15287.654,4013.569,5783.145,1238.382,-1.74,2.663,-6.716,-23.594,TRAVELING
15290.402,4008.782,5790.429,1219.935,-1.752,2.646,-6.719,-23.594,TRAVELING
15290.402,4008.782,5790.429,1219.935,-1.752,2.646,-6.719,-23.594,SENSING
15290.402,4008.782,5790.429,1219.935,-1.752,2.646,-6.719,-23.594,TRAVELING
15293.994,4002.473,5799.879,1195.803,-1.768,2.623,-6.724,-23.594,TRAVELING
15293.994,4002.473,5799.879,1195.803,-1.768,2.623,-6.724,-23.594,SENSING
15293.994,4002.473,5799.879,1195.803,-1.768,2.623,-6.724,-23.594,TRAVELING
15294.277,4001.974,5800.621,1193.899,-1.769,2.621,-6.724,-23.594,TRAVELING
15294.277,4001.974,5800.621,1193.899,-1.769,2.621,-6.724,-23.594,SENSING
15294.277,4001.974,5800.621,1193.899,-1.769,2.621,-6.724,-23.594,TRAVELING
15306.582,3979.924,5832.351,1111.104,-1.823,2.543,-6.74,-23.594,TRAVELING
15306.582,3979.924,5832.351,1111.104,-1.823,2.543,-6.74,-23.594,SENSING
15306.582,3979.924,5832.351,1111.104,-1.823,2.543,-6.74,-23.594,TRAVELING
15320.982,3953.286,5868.263,1013.977,-1.885,2.451,-6.757,-23.594,TRAVELING
15320.982,3953.286,5868.263,1013.977,-1.885,2.451,-6.757,-23.594,SENSING
15320.982,3953.286,5868.263,1013.977,-1.885,2.451,-6.757,-23.594,TRAVELING
15324.066,3947.465,5875.781,993.147,-1.898,2.432,-6.76,-23.594,TRAVELING
15324.066,3947.465,5875.781,993.147,-1.898,2.432,-6.76,-23.594,SENSING
15324.066,3947.465,5875.781,993.147,-1.898,2.432,-6.76,-23.594,TRAVELING
15330.0,3936.149,5890.076,953.036,-1.924,2.393,-6.766,-23.594,TRAVELING
15330.0,3936.149,5890.076,953.036,-1.924,2.393,-6.766,-23.594,SENSING
15330.0,3936.149,5890.076,953.036,-1.924,2.393,-6.766,-23.594,TRAVELING
15330.274,3935.623,5890.731,951.182,-1.925,2.392,-6.766,-23.594,TRAVELING
15330.274,3935.623,5890.731,951.182,-1.925,2.392,-6.766,-23.594,SENSING
15330.274,3935.623,5890.731,951.182,-1.925,2.392,-6.766,-23.594,TRAVELING
15330.648,3934.903,5891.625,948.651,-1.927,2.389,-6.767,-23.594,TRAVELING
15330.648,3934.903,5891.625,948.651,-1.927,2.389,-6.767,-23.594,SENSING
15330.648,3934.903,5891.625,948.651,-1.927,2.389,-6.767,-23.594,TRAVELING
17330.0,-3537.107,-963.872,-6022.791,-2.573,-6.568,2.644,-23.594,TRAVELING
17330.0,-3537.107,-963.872,-6022.791,-2.573,-6.568,2.644,-23.594,SENSING
17330.0,-3537.107,-963.872,-6022.791,-2.573,-6.568,2.644,-23.594,TRAVELING
17340.0,-3562.625,-1029.446,-5996.027,-2.532,-6.557,2.712,-23.594,TRAVELING
17340.0,-3562.625,-1029.446,-5996.027,-2.532,-6.557,2.712,-23.594,SENSING
17340.0,-3562.625,-1029.446,-5996.027,-2.532,-6.557,2.712,-23.594,TRAVELING
17340.135,-3562.967,-1030.331,-5995.661,-2.532,-6.557,2.713,-23.594,TRAVELING
17340.135,-3562.967,-1030.331,-5995.661,-2.532,-6.557,2.713,-23.594,SENSING
17340.135,-3562.967,-1030.331,-5995.661,-2.532,-6.557,2.713,-23.594,TRAVELING
21230.0,4009.325,5804.432,1150.506,-1.789,2.586,-6.733,-23.594,TRAVELING
21230.0,4009.325,5804.432,1150.506,-1.789,2.586,-6.733,-23.594,SENSING
21230.0,4009.325,5804.432,1150.506,-1.789,2.586,-6.733,-23.594,TRAVELING
21230.987,4007.561,5806.978,1143.864,-1.793,2.58,-6.734,-23.594,TRAVELING
21230.987,4007.561,5806.978,1143.864,-1.793,2.58,-6.734,-23.594,SENSING
21230.987,4007.561,5806.978,1143.864,-1.793,2.58,-6.734,-23.594,TRAVELING
23250.0,-3516.035,-891.759,-6046.869,-2.631,-6.57,2.58,-23.594,TRAVELING
23250.0,-3516.035,-891.759,-6046.869,-2.631,-6.57,2.58,-23.594,SENSING
23250.0,-3516.035,-891.759,-6046.869,-2.631,-6.57,2.58,-23.594,TRAVELING
23254.564,-3527.998,-921.708,-6035.028,-2.613,-6.565,2.611,-23.594,TRAVELING
23254.564,-3527.998,-921.708,-6035.028,-2.613,-6.565,2.611,-23.594,SENSING
23254.564,-3527.998,-921.708,-6035.028,-2.613,-6.565,2.611,-23.594,TRAVELING
24890.0,-1758.445,-5836.959,3477.693,4.215,2.191,5.891,-23.594,TRAVELING
24890.0,-1758.445,-5836.959,3477.693,4.215,2.191,5.891,-23.594,SENSING
24890.0,-1758.445,-5836.959,3477.693,4.215,2.191,5.891,-23.594,TRAVELING
24904.541,-1697.014,-5804.394,3562.88,4.244,2.288,5.832,-23.594,TRAVELING
24904.541,-1697.014,-5804.394,3562.88,4.244,2.288,5.832,-23.594,SENSING
24904.541,-1697.014,-5804.394,3562.88,4.244,2.288,5.832,-23.594,TRAVELING
25710.0,1905.035,-2156.577,6456.646,4.151,6.195,0.926,-23.594,TRAVELING
25710.0,1905.035,-2156.577,6456.646,4.151,6.195,0.926,-23.594,SENSING
25710.0,1905.035,-2156.577,6456.646,4.151,6.195,0.926,-23.594,TRAVELING
25720.08,1946.737,-2094.053,6465.605,4.129,6.219,0.852,-23.594,TRAVELING
25720.08,1946.737,-2094.053,6465.605,4.129,6.219,0.852,-23.594,SENSING
25720.08,1946.737,-2094.053,6465.605,4.129,6.219,0.852,-23.594,TRAVELING
25790.0,2229.614,-1654.185,6507.332,3.965,6.366,0.341,-23.594,TRAVELING
25790.0,2229.614,-1654.185,6507.332,3.965,6.366,0.341,-23.594,SENSING
25790.0,2229.614,-1654.185,6507.332,3.965,6.366,0.341,-23.594,MEASURING
25790.0,2229.614,-1654.185,6507.332,3.965,6.366,0.341,-23.594,MANEUVERING
25790.213,2230.458,-1652.829,6507.404,3.964,6.367,0.34,-23.807,MANEUVERING
25790.213,2230.458,-1652.829,6507.404,3.964,6.367,0.34,-23.807,SENSING
25790.213,2230.458,-1652.829,6507.404,3.964,6.367,0.34,-23.807,TRAVELING
27370.0,3559.685,6192.896,-283.851,-2.656,1.209,-6.833,-23.807,TRAVELING
27370.0,3559.685,6192.896,-283.851,-2.656,1.209,-6.833,-23.807,SENSING
27370.0,3559.685,6192.896,-283.851,-2.656,1.209,-6.833,-23.807,TRAVELING
27370.008,3559.663,6192.906,-283.907,-2.656,1.209,-6.833,-23.807,TRAVELING
27370.008,3559.663,6192.906,-283.907,-2.656,1.209,-6.833,-23.807,SENSING
27370.008,3559.663,6192.906,-283.907,-2.656,1.209,-6.833,-23.807,TRAVELING
27370.341,3558.782,6193.306,-286.176,-2.657,1.207,-6.833,-23.807,TRAVELING
27370.341,3558.782,6193.306,-286.176,-2.657,1.207,-6.833,-23.807,SENSING
27370.341,3558.782,6193.306,-286.176,-2.657,1.207,-6.833,-23.807,TRAVELING
28250.0,139.617,4672.306,-5367.832,-4.574,-4.429,-3.892,-23.807,TRAVELING
28250.0,139.617,4672.306,-5367.832,-4.574,-4.429,-3.892,-23.807,SENSING
28250.0,139.617,4672.306,-5367.832,-4.574,-4.429,-3.892,-23.807,TRAVELING
28293.756,-60.394,4473.746,-5532.315,-4.576,-4.65,-3.628,-23.807,TRAVELING
28293.756,-60.394,4473.746,-5532.315,-4.576,-4.65,-3.628,-23.807,SENSING
28293.756,-60.394,4473.746,-5532.315,-4.576,-4.65,-3.628,-23.807,TRAVELING
28850.0,-2450.299,1287.982,-6511.431,-3.774,-6.486,0.219,-23.807,TRAVELING
28850.0,-2450.299,1287.982,-6511.431,-3.774,-6.486,0.219,-23.807,SENSING
28850.0,-2450.299,1287.982,-6511.431,-3.774,-6.486,0.219,-23.807,TRAVELING
28850.699,-2452.933,1283.453,-6511.276,-3.772,-6.487,0.224,-23.807,TRAVELING
28850.699,-2452.933,1283.453,-6511.276,-3.772,-6.487,0.224,-23.807,SENSING
28850.699,-2452.933,1283.453,-6511.276,-3.772,-6.487,0.224,-23.807,TRAVELING
28860.0,-2487.874,1223.099,-6508.878,-3.746,-6.5,0.292,-23.807,TRAVELING
28860.0,-2487.874,1223.099,-6508.878,-3.746,-6.5,0.292,-23.807,SENSING
28860.0,-2487.874,1223.099,-6508.878,-3.746,-6.5,0.292,-23.807,TRAVELING
28860.267,-2488.873,1221.365,-6508.8,-3.745,-6.5,0.294,-23.807,TRAVELING
28860.267,-2488.873,1221.365,-6508.8,-3.745,-6.5,0.294,-23.807,SENSING
28860.267,-2488.873,1221.365,-6508.8,-3.745,-6.5,0.294,-23.807,TRAVELING
28867.323,-2515.214,1175.496,-6506.544,-3.726,-6.51,0.346,-23.807,TRAVELING
28867.323,-2515.214,1175.496,-6506.544,-3.726,-6.51,0.346,-23.807,SENSING
28867.323,-2515.214,1175.496,-6506.544,-3.726,-6.51,0.346,-23.807,TRAVELING
28870.0,-2525.169,1158.079,-6505.593,-3.718,-6.513,0.365,-23.807,TRAVELING
28870.0,-2525.169,1158.079,-6505.593,-3.718,-6.513,0.365,-23.807,SENSING
28870.0,-2525.169,1158.079,-6505.593,-3.718,-6.513,0.365,-23.807,TRAVELING
28872.474,-2534.353,1141.973,-6504.668,-3.711,-6.517,0.383,-23.807,TRAVELING
28872.474,-2534.353,1141.973,-6504.668,-3.711,-6.517,0.383,-23.807,SENSING
28872.474,-2534.353,1141.973,-6504.668,-3.711,-6.517,0.383,-23.807,TRAVELING
28878.873,-2558.025,1100.278,-6502.066,-3.693,-6.525,0.43,-23.807,TRAVELING
28878.873,-2558.025,1100.278,-6502.066,-3.693,-6.525,0.43,-23.807,SENSING
28878.873,-2558.025,1100.278,-6502.066,-3.693,-6.525,0.43,-23.807,TRAVELING
28881.982,-2569.484,1080.003,-6500.694,-3.684,-6.528,0.453,-23.807,TRAVELING
28881.982,-2569.484,1080.003,-6500.694,-3.684,-6.528,0.453,-23.807,SENSING
28881.982,-2569.484,1080.003,-6500.694,-3.684,-6.528,0.453,-23.807,TRAVELING
28885.101,-2580.951,1059.65,-6499.247,-3.675,-6.532,0.476,-23.807,TRAVELING
28885.101,-2580.951,1059.65,-6499.247,-3.675,-6.532,0.476,-23.807,SENSING
28885.101,-2580.951,1059.65,-6499.247,-3.675,-6.532,0.476,-23.807,TRAVELING
29930.0,-4229.546,-5019.751,-2467.03,0.875,-3.869,6.453,-23.807,TRAVELING
29930.0,-4229.546,-5019.751,-2467.03,0.875,-3.869,6.453,-23.807,SENSING
29930.0,-4229.546,-5019.751,-2467.03,0.875,-3.869,6.453,-23.807,TRAVELING
29944.626,-4216.279,-5075.649,-2372.4,0.946,-3.783,6.494,-23.807,TRAVELING
29944.626,-4216.279,-5075.649,-2372.4,0.946,-3.783,6.494,-23.807,SENSING
29944.626,-4216.279,-5075.649,-2372.4,0.946,-3.783,6.494,-23.807,TRAVELING
29953.446,-4207.774,-5108.754,-2315.046,0.989,-3.731,6.518,-23.807,TRAVELING
29953.446,-4207.774,-5108.754,-2315.046,0.989,-3.731,6.518,-23.807,SENSING
29953.446,-4207.774,-5108.754,-2315.046,0.989,-3.731,6.518,-23.807,TRAVELING
30740.0,-2104.673,-5982.491,2999.168,4.045,1.637,6.187,-23.807,TRAVELING
30740.0,-2104.673,-5982.491,2999.168,4.045,1.637,6.187,-23.807,SENSING
30740.0,-2104.673,-5982.491,2999.168,4.045,1.637,6.187,-23.807,TRAVELING
30790.769,-1896.557,-5890.508,3308.502,4.162,1.985,6.002,-23.807,TRAVELING
30790.769,-1896.557,-5890.508,3308.502,4.162,1.985,6.002,-23.807,SENSING
30790.769,-1896.557,-5890.508,3308.502,4.162,1.985,6.002,-23.807,TRAVELING
30814.206,-1798.54,-5842.127,3448.046,4.212,2.143,5.911,-23.807,TRAVELING
30814.206,-1798.54,-5842.127,3448.046,4.212,2.143,5.911,-23.807,SENSING
30814.206,-1798.54,-5842.127,3448.046,4.212,2.143,5.911,-23.807,TRAVELING
31510.0,1343.264,-2938.285,6276.694,4.408,5.808,1.857,-23.807,TRAVELING
31510.0,1343.264,-2938.285,6276.694,4.408,5.808,1.857,-23.807,SENSING
31510.0,1343.264,-2938.285,6276.694,4.408,5.808,1.857,-23.807,TRAVELING
31520.0,1387.226,-2880.075,6294.902,4.392,5.841,1.786,-23.807,TRAVELING
31520.0,1387.226,-2880.075,6294.902,4.392,5.841,1.786,-23.807,SENSING
31520.0,1387.226,-2880.075,6294.902,4.392,5.841,1.786,-23.807,TRAVELING
31524.107,1405.234,-2856.076,6302.173,4.386,5.854,1.757,-23.807,TRAVELING
31524.107,1405.234,-2856.076,6302.173,4.386,5.854,1.757,-23.807,SENSING
31524.107,1405.234,-2856.076,6302.173,4.386,5.854,1.757,-23.807,TRAVELING
31680.0,2066.072,-1909.105,6488.368,4.08,6.275,0.629,-23.807,TRAVELING
31680.0,2066.072,-1909.105,6488.368,4.08,6.275,0.629,-23.807,SENSING
31680.0,2066.072,-1909.105,6488.368,4.08,6.275,0.629,-23.807,TRAVELING
31681.79,2073.366,-1897.877,6489.481,4.076,6.278,0.615,-23.807,TRAVELING
31681.79,2073.366,-1897.877,6489.481,4.076,6.278,0.615,-23.807,SENSING
31681.79,2073.366,-1897.877,6489.481,4.076,6.278,0.615,-23.807,TRAVELING
31750.0,2345.523,-1465.347,6514.428,3.907,6.407,0.116,-23.807,TRAVELING
31750.0,2345.523,-1465.347,6514.428,3.907,6.407,0.116,-23.807,SENSING
31750.0,2345.523,-1465.347,6514.428,3.907,6.407,0.116,-23.807,TRAVELING
31752.373,2354.779,-1450.15,6514.683,3.9,6.411,0.099,-23.807,TRAVELING
31752.373,2354.779,-1450.15,6514.683,3.9,6.411,0.099,-23.807,SENSING
31752.373,2354.779,-1450.15,6514.683,3.9,6.411,0.099,-23.807,TRAVELING
31820.0,2612.105,-1013.547,6504.646,3.712,6.505,-0.396,-23.807,TRAVELING
31820.0,2612.105,-1013.547,6504.646,3.712,6.505,-0.396,-23.807,SENSING
31820.0,2612.105,-1013.547,6504.646,3.712,6.505,-0.396,-23.807,TRAVELING
31827.821,2641.028,-962.676,6501.331,3.689,6.513,-0.453,-23.807,TRAVELING
31827.821,2641.028,-962.676,6501.331,3.689,6.513,-0.453,-23.807,SENSING
31827.821,2641.028,-962.676,6501.331,3.689,6.513,-0.453,-23.807,TRAVELING
31835.422,2668.963,-913.175,6497.682,3.666,6.521,-0.508,-23.807,TRAVELING
31835.422,2668.963,-913.175,6497.682,3.666,6.521,-0.508,-23.807,SENSING
31835.422,2668.963,-913.175,6497.682,3.666,6.521,-0.508,-23.807,TRAVELING
32480.0,4261.002,3174.345,4749.493,1.091,5.683,-4.696,-23.807,TRAVELING
32480.0,4261.002,3174.345,4749.493,1.091,5.683,-4.696,-23.807,SENSING
32480.0,4261.002,3174.345,4749.493,1.091,5.683,-4.696,-23.807,TRAVELING
32483.483,4264.778,3194.099,4733.113,1.075,5.671,-4.714,-23.807,TRAVELING
32483.483,4264.778,3194.099,4733.113,1.075,5.671,-4.714,-23.807,SENSING
32483.483,4264.778,3194.099,4733.113,1.075,5.671,-4.714,-23.807,TRAVELING
32660.0,4380.935,4134.001,3825.324,0.235,4.959,-5.547,-23.807,TRAVELING
32660.0,4380.935,4134.001,3825.324,0.235,4.959,-5.547,-23.807,SENSING
32660.0,4380.935,4134.001,3825.324,0.235,4.959,-5.547,-23.807,TRAVELING
32718.239,4386.592,4414.638,3495.558,-0.045,4.686,-5.78,-23.807,TRAVELING
32718.239,4386.592,4414.638,3495.558,-0.045,4.686,-5.78,-23.807,SENSING
32718.239,4386.592,4414.638,3495.558,-0.045,4.686,-5.78,-23.807,TRAVELING
32718.8,4386.567,4417.264,3492.315,-0.048,4.683,-5.782,-23.807,TRAVELING
32718.8,4386.567,4417.264,3492.315,-0.048,4.683,-5.782,-23.807,SENSING
32718.8,4386.567,4417.264,3492.315,-0.048,4.683,-5.782,-23.807,TRAVELING
33440.0,3169.947,6285.167,-1238.396,-3.171,0.26,-6.716,-23.807,TRAVELING
33440.0,3169.947,6285.167,-1238.396,-3.171,0.26,-6.716,-23.807,SENSING
33440.0,3169.947,6285.167,-1238.396,-3.171,0.26,-6.716,-23.807,TRAVELING
33443.865,3157.686,6286.112,-1264.326,-3.184,0.233,-6.71,-23.807,TRAVELING
33443.865,3157.686,6286.112,-1264.326,-3.184,0.233,-6.71,-23.807,SENSING
33443.865,3157.686,6286.112,-1264.326,-3.184,0.233,-6.71,-23.807,TRAVELING
33500.0,2973.896,6288.29,-1638.429,-3.372,-0.152,-6.621,-23.807,TRAVELING
33500.0,2973.896,6288.29,-1638.429,-3.372,-0.152,-6.621,-23.807,SENSING
33500.0,2973.896,6288.29,-1638.429,-3.372,-0.152,-6.621,-23.807,TRAVELING
33502.031,2967.05,6287.964,-1651.866,-3.379,-0.166,-6.618,-23.807,TRAVELING
33502.031,2967.05,6287.964,-1651.866,-3.379,-0.166,-6.618,-23.807,SENSING
33502.031,2967.05,6287.964,-1651.866,-3.379,-0.166,-6.618,-23.807,TRAVELING
33520.0,2905.911,6283.846,-1770.421,-3.436,-0.289,-6.584,-23.807,TRAVELING
33520.0,2905.911,6283.846,-1770.421,-3.436,-0.289,-6.584,-23.807,SENSING
33520.0,2905.911,6283.846,-1770.421,-3.436,-0.289,-6.584,-23.807,TRAVELING
33520.633,2903.739,6283.66,-1774.586,-3.438,-0.294,-6.583,-23.807,TRAVELING
33520.633,2903.739,6283.66,-1774.586,-3.438,-0.294,-6.583,-23.807,SENSING
33520.633,2903.739,6283.66,-1774.586,-3.438,-0.294,-6.583,-23.807,TRAVELING
33530.0,2871.441,6280.595,-1836.13,-3.468,-0.358,-6.564,-23.807,TRAVELING
33530.0,2871.441,6280.595,-1836.13,-3.468,-0.358,-6.564,-23.807,SENSING
33530.0,2871.441,6280.595,-1836.13,-3.468,-0.358,-6.564,-23.807,TRAVELING
33531.347,2866.774,6280.105,-1844.968,-3.472,-0.367,-6.562,-23.807,TRAVELING
33531.347,2866.774,6280.105,-1844.968,-3.472,-0.367,-6.562,-23.807,SENSING
33531.347,2866.774,6280.105,-1844.968,-3.472,-0.367,-6.562,-23.807,TRAVELING
33550.0,2801.565,6272.04,-1966.942,-3.53,-0.495,-6.523,-23.807,TRAVELING
33550.0,2801.565,6272.04,-1966.942,-3.53,-0.495,-6.523,-23.807,SENSING
33550.0,2801.565,6272.04,-1966.942,-3.53,-0.495,-6.523,-23.807,TRAVELING
33551.279,2797.054,6271.4,-1975.28,-3.534,-0.504,-6.52,-23.807,TRAVELING
33551.279,2797.054,6271.4,-1975.28,-3.534,-0.504,-6.52,-23.807,SENSING
33551.279,2797.054,6271.4,-1975.28,-3.534,-0.504,-6.52,-23.807,TRAVELING
33560.0,2766.167,6266.736,-2032.029,-3.56,-0.563,-6.501,-23.807,TRAVELING
33560.0,2766.167,6266.736,-2032.029,-3.56,-0.563,-6.501,-23.807,SENSING
33560.0,2766.167,6266.736,-2032.029,-3.56,-0.563,-6.501,-23.807,TRAVELING
33561.245,2761.74,6266.028,-2040.115,-3.564,-0.572,-6.498,-23.807,TRAVELING
33561.245,2761.74,6266.028,-2040.115,-3.564,-0.572,-6.498,-23.807,SENSING
33561.245,2761.74,6266.028,-2040.115,-3.564,-0.572,-6.498,-23.807,TRAVELING
33570.0,2730.466,6260.748,-2096.894,-3.59,-0.632,-6.479,-23.807,TRAVELING
33570.0,2730.466,6260.748,-2096.894,-3.59,-0.632,-6.479,-23.807,SENSING
33570.0,2730.466,6260.748,-2096.894,-3.59,-0.632,-6.479,-23.807,TRAVELING
33570.503,2728.661,6260.429,-2100.154,-3.592,-0.635,-6.477,-23.807,TRAVELING
33570.503,2728.661,6260.429,-2100.154,-3.592,-0.635,-6.477,-23.807,SENSING
33570.503,2728.661,6260.429,-2100.154,-3.592,-0.635,-6.477,-23.807,TRAVELING
33580.0,2694.467,6254.077,-2161.53,-3.62,-0.7,-6.455,-23.807,TRAVELING
33580.0,2694.467,6254.077,-2161.53,-3.62,-0.7,-6.455,-23.807,SENSING
33580.0,2694.467,6254.077,-2161.53,-3.62,-0.7,-6.455,-23.807,TRAVELING
33580.231,2693.631,6253.915,-2163.023,-3.621,-0.702,-6.455,-23.807,TRAVELING
33580.231,2693.631,6253.915,-2163.023,-3.621,-0.702,-6.455,-23.807,SENSING
33580.231,2693.631,6253.915,-2163.023,-3.621,-0.702,-6.455,-23.807,TRAVELING
33600.0,2621.591,6238.689,-2290.088,-3.678,-0.837,-6.407,-23.807,TRAVELING
33600.0,2621.591,6238.689,-2290.088,-3.678,-0.837,-6.407,-23.807,SENSING
33600.0,2621.591,6238.689,-2290.088,-3.678,-0.837,-6.407,-23.807,TRAVELING
33600.268,2620.606,6238.464,-2291.805,-3.679,-0.838,-6.406,-23.807,TRAVELING
33600.268,2620.606,6238.464,-2291.805,-3.679,-0.838,-6.406,-23.807,SENSING
33600.268,2620.606,6238.464,-2291.805,-3.679,-0.838,-6.406,-23.807,TRAVELING
33620.0,2547.569,6220.577,-2417.645,-3.735,-0.973,-6.355,-23.807,TRAVELING
33620.0,2547.569,6220.577,-2417.645,-3.735,-0.973,-6.355,-23.807,SENSING
33620.0,2547.569,6220.577,-2417.645,-3.735,-0.973,-6.355,-23.807,TRAVELING
33705.694,2218.207,6112.335,-2951.547,-3.958,-1.551,-6.103,-23.807,TRAVELING
33705.694,2218.207,6112.335,-2951.547,-3.958,-1.551,-6.103,-23.807,SENSING
33705.694,2218.207,6112.335,-2951.547,-3.958,-1.551,-6.103,-23.807,TRAVELING
33710.647,2198.602,6104.571,-2981.719,-3.97,-1.584,-6.087,-23.807,TRAVELING
33710.647,2198.602,6104.571,-2981.719,-3.97,-1.584,-6.087,-23.807,SENSING
33710.647,2198.602,6104.571,-2981.719,-3.97,-1.584,-6.087,-23.807,TRAVELING
33810.0,1793.542,5914.548,-3569.036,-4.187,-2.238,-5.731,-23.807,TRAVELING
33810.0,1793.542,5914.548,-3569.036,-4.187,-2.238,-5.731,-23.807,SENSING
33810.0,1793.542,5914.548,-3569.036,-4.187,-2.238,-5.731,-23.807,TRAVELING
33811.26,1788.272,5911.724,-3576.248,-4.19,-2.246,-5.726,-23.807,TRAVELING
33811.26,1788.272,5911.724,-3576.248,-4.19,-2.246,-5.726,-23.807,SENSING
33811.26,1788.272,5911.724,-3576.248,-4.19,-2.246,-5.726,-23.807,TRAVELING
33990.0,1013.412,5409.452,-4530.726,-4.466,-3.36,-4.928,-23.807,TRAVELING
33990.0,1013.412,5409.452,-4530.726,-4.466,-3.36,-4.928,-23.807,SENSING
33990.0,1013.412,5409.452,-4530.726,-4.466,-3.36,-4.928,-23.807,TRAVELING
33994.257,994.412,5395.1,-4551.651,-4.471,-3.385,-4.907,-23.807,TRAVELING
33994.257,994.412,5395.1,-4551.651,-4.471,-3.385,-4.907,-23.807,SENSING
33994.257,994.412,5395.1,-4551.651,-4.471,-3.385,-4.907,-23.807,TRAVELING
34880.0,-2813.513,638.024,-6452.223,-3.497,-6.583,0.955,-23.807,TRAVELING
34880.0,-2813.513,638.024,-6452.223,-3.497,-6.583,0.955,-23.807,SENSING
34880.0,-2813.513,638.024,-6452.223,-3.497,-6.583,0.955,-23.807,TRAVELING
34884.973,-2830.851,605.301,-6447.385,-3.481,-6.587,0.991,-23.807,TRAVELING
34884.973,-2830.851,605.301,-6447.385,-3.481,-6.587,0.991,-23.807,SENSING
34884.973,-2830.851,605.301,-6447.385,-3.481,-6.587,0.991,-23.807,TRAVELING
35560.0,-4281.273,-3612.382,-4237.64,-0.621,-5.371,5.287,-23.807,TRAVELING
35560.0,-4281.273,-3612.382,-4237.64,-0.621,-5.371,5.287,-23.807,SENSING
35560.0,-4281.273,-3612.382,-4237.64,-0.621,-5.371,5.287,-23.807,TRAVELING
35570.0,-4287.25,-3665.833,-4184.558,-0.571,-5.329,5.335,-23.807,TRAVELING
35570.0,-4287.25,-3665.833,-4184.558,-0.571,-5.329,5.335,-23.807,SENSING
35570.0,-4287.25,-3665.833,-4184.558,-0.571,-5.329,5.335,-23.807,TRAVELING
35610.0,-4306.23,-3875.363,-3967.484,-0.374,-5.156,5.523,-23.807,TRAVELING
35610.0,-4306.23,-3875.363,-3967.484,-0.374,-5.156,5.523,-23.807,SENSING
35610.0,-4306.23,-3875.363,-3967.484,-0.374,-5.156,5.523,-23.807,TRAVELING
35620.0,-4309.74,-3926.646,-3912.059,-0.324,-5.111,5.568,-23.807,TRAVELING
35620.0,-4309.74,-3926.646,-3912.059,-0.324,-5.111,5.568,-23.807,SENSING
35620.0,-4309.74,-3926.646,-3912.059,-0.324,-5.111,5.568,-23.807,TRAVELING
35630.0,-4312.754,-3977.477,-3856.184,-0.275,-5.065,5.613,-23.807,TRAVELING
35630.0,-4312.754,-3977.477,-3856.184,-0.275,-5.065,5.613,-23.807,SENSING
35630.0,-4312.754,-3977.477,-3856.184,-0.275,-5.065,5.613,-23.807,TRAVELING
35640.0,-4315.273,-4027.851,-3799.865,-0.225,-5.019,5.657,-23.807,TRAVELING
35640.0,-4315.273,-4027.851,-3799.865,-0.225,-5.019,5.657,-23.807,SENSING
35640.0,-4315.273,-4027.851,-3799.865,-0.225,-5.019,5.657,-23.807,TRAVELING
35650.0,-4317.296,-4077.761,-3743.109,-0.175,-4.973,5.7,-23.807,TRAVELING
35650.0,-4317.296,-4077.761,-3743.109,-0.175,-4.973,5.7,-23.807,SENSING
35650.0,-4317.296,-4077.761,-3743.109,-0.175,-4.973,5.7,-23.807,TRAVELING
35660.0,-4318.822,-4127.201,-3685.922,-0.126,-4.925,5.743,-23.807,TRAVELING
35660.0,-4318.822,-4127.201,-3685.922,-0.126,-4.925,5.743,-23.807,SENSING
35660.0,-4318.822,-4127.201,-3685.922,-0.126,-4.925,5.743,-23.807,TRAVELING
35680.0,-4320.385,-4224.651,-3570.282,-0.026,-4.829,5.827,-23.807,TRAVELING
35680.0,-4320.385,-4224.651,-3570.282,-0.026,-4.829,5.827,-23.807,SENSING
35680.0,-4320.385,-4224.651,-3570.282,-0.026,-4.829,5.827,-23.807,TRAVELING
35690.0,-4320.42,-4272.649,-3511.841,0.024,-4.78,5.867,-23.807,TRAVELING
35690.0,-4320.42,-4272.649,-3511.841,0.024,-4.78,5.867,-23.807,SENSING
35690.0,-4320.42,-4272.649,-3511.841,0.024,-4.78,5.867,-23.807,TRAVELING
35700.0,-4319.959,-4320.155,-3452.997,0.073,-4.731,5.907,-23.807,TRAVELING
35700.0,-4319.959,-4320.155,-3452.997,0.073,-4.731,5.907,-23.807,SENSING
35700.0,-4319.959,-4320.155,-3452.997,0.073,-4.731,5.907,-23.807,TRAVELING
35786.623,-4295.167,-4710.258,-2927.349,0.504,-4.279,6.226,-23.807,TRAVELING
35786.623,-4295.167,-4710.258,-2927.349,0.504,-4.279,6.226,-23.807,SENSING
35786.623,-4295.167,-4710.258,-2927.349,0.504,-4.279,6.226,-23.807,TRAVELING
35820.0,-4275.688,-4849.873,-2717.796,0.669,-4.095,6.335,-23.807,TRAVELING
35820.0,-4275.688,-4849.873,-2717.796,0.669,-4.095,6.335,-23.807,SENSING
35820.0,-4275.688,-4849.873,-2717.796,0.669,-4.095,6.335,-23.807,TRAVELING
35830.0,-4268.781,-4890.497,-2654.32,0.718,-4.039,6.366,-23.807,TRAVELING
35830.0,-4268.781,-4890.497,-2654.32,0.718,-4.039,6.366,-23.807,SENSING
35830.0,-4268.781,-4890.497,-2654.32,0.718,-4.039,6.366,-23.807,TRAVELING
35880.0,-4226.881,-5085.057,-2332.491,0.964,-3.75,6.51,-23.807,TRAVELING
35880.0,-4226.881,-5085.057,-2332.491,0.964,-3.75,6.51,-23.807,SENSING
35880.0,-4226.881,-5085.057,-2332.491,0.964,-3.75,6.51,-23.807,TRAVELING
35890.0,-4217.033,-5122.225,-2267.287,1.012,-3.691,6.537,-23.807,TRAVELING
35890.0,-4217.033,-5122.225,-2267.287,1.012,-3.691,6.537,-23.807,SENSING
35890.0,-4217.033,-5122.225,-2267.287,1.012,-3.691,6.537,-23.807,TRAVELING
35900.0,-4206.699,-5158.801,-2201.821,1.061,-3.632,6.563,-23.807,TRAVELING
35900.0,-4206.699,-5158.801,-2201.821,1.061,-3.632,6.563,-23.807,SENSING
35900.0,-4206.699,-5158.801,-2201.821,1.061,-3.632,6.563,-23.807,TRAVELING
35910.0,-4195.879,-5194.782,-2136.101,1.11,-3.572,6.588,-23.807,TRAVELING
35910.0,-4195.879,-5194.782,-2136.101,1.11,-3.572,6.588,-23.807,SENSING
35910.0,-4195.879,-5194.782,-2136.101,1.11,-3.572,6.588,-23.807,TRAVELING
35920.0,-4184.574,-5230.162,-2070.134,1.158,-3.512,6.612,-23.807,TRAVELING
35920.0,-4184.574,-5230.162,-2070.134,1.158,-3.512,6.612,-23.807,SENSING
35920.0,-4184.574,-5230.162,-2070.134,1.158,-3.512,6.612,-23.807,TRAVELING
35930.0,-4172.787,-5264.938,-2003.928,1.206,-3.451,6.636,-23.807,TRAVELING
35930.0,-4172.787,-5264.938,-2003.928,1.206,-3.451,6.636,-23.807,SENSING
35930.0,-4172.787,-5264.938,-2003.928,1.206,-3.451,6.636,-23.807,TRAVELING
35981.412,-4104.609,-5434.04,-1660.06,1.452,-3.133,6.745,-23.807,TRAVELING
35981.412,-4104.609,-5434.04,-1660.06,1.452,-3.133,6.745,-23.807,SENSING
35981.412,-4104.609,-5434.04,-1660.06,1.452,-3.133,6.745,-23.807,TRAVELING
36160.0,-3772.045,-5889.577,-433.022,2.269,-1.959,6.962,-23.807,TRAVELING
36160.0,-3772.045,-5889.577,-433.022,2.269,-1.959,6.962,-23.807,SENSING
36160.0,-3772.045,-5889.577,-433.022,2.269,-1.959,6.962,-23.807,TRAVELING
36173.901,-3740.147,-5916.114,-336.252,2.329,-1.864,6.968,-23.807,TRAVELING
36173.901,-3740.147,-5916.114,-336.252,2.329,-1.864,6.968,-23.807,SENSING
36173.901,-3740.147,-5916.114,-336.252,2.329,-1.864,6.968,-23.807,TRAVELING
36440.0,-2977.799,-6164.074,1505.414,3.371,0.009,6.787,-23.807,TRAVELING
36440.0,-2977.799,-6164.074,1505.414,3.371,0.009,6.787,-23.807,SENSING
36440.0,-2977.799,-6164.074,1505.414,3.371,0.009,6.787,-23.807,TRAVELING
36494.021,-2791.054,-6153.133,1869.099,3.551,0.393,6.681,-23.807,TRAVELING
36494.021,-2791.054,-6153.133,1869.099,3.551,0.393,6.681,-23.807,SENSING
36494.021,-2791.054,-6153.133,1869.099,3.551,0.393,6.681,-23.807,TRAVELING
36850.0,-1357.561,-5571.793,4053.722,4.414,2.83,5.45,-23.807,TRAVELING
36850.0,-1357.561,-5571.793,4053.722,4.414,2.83,5.45,-23.807,SENSING
36850.0,-1357.561,-5571.793,4053.722,4.414,2.83,5.45,-23.807,TRAVELING
36851.903,-1349.166,-5566.396,4064.082,4.417,2.842,5.441,-23.807,TRAVELING
36851.903,-1349.166,-5566.396,4064.082,4.417,2.842,5.441,-23.807,SENSING
36851.903,-1349.166,-5566.396,4064.082,4.417,2.842,5.441,-23.807,TRAVELING
36870.708,-1265.933,-5511.835,4165.522,4.445,2.962,5.352,-23.807,TRAVELING
36870.708,-1265.933,-5511.835,4165.522,4.445,2.962,5.352,-23.807,SENSING
36870.708,-1265.933,-5511.835,4165.522,4.445,2.962,5.352,-23.807,TRAVELING
37660.0,2264.756,-1595.654,6510.899,3.977,6.361,0.257,-23.807,TRAVELING
37660.0,2264.756,-1595.654,6510.899,3.977,6.361,0.257,-23.807,SENSING
37660.0,2264.756,-1595.654,6510.899,3.977,6.361,0.257,-23.807,TRAVELING
37666.653,2291.139,-1553.323,6512.447,3.96,6.373,0.208,-23.807,TRAVELING
37666.653,2291.139,-1553.323,6512.447,3.96,6.373,0.208,-23.807,SENSING
37666.653,2291.139,-1553.323,6512.447,3.96,6.373,0.208,-23.807,TRAVELING
37667.578,2294.798,-1547.432,6512.637,3.958,6.375,0.202,-23.807,TRAVELING
37667.578,2294.798,-1547.432,6512.637,3.958,6.375,0.202,-23.807,SENSING
37667.578,2294.798,-1547.432,6512.637,3.958,6.375,0.202,-23.807,TRAVELING
37800.0,2794.299,-691.468,6475.276,3.579,6.541,-0.765,-23.807,TRAVELING
37800.0,2794.299,-691.468,6475.276,3.579,6.541,-0.765,-23.807,SENSING
37800.0,2794.299,-691.468,6475.276,3.579,6.541,-0.765,-23.807,MEASURING
37800.0,2794.299,-691.468,6475.276,3.579,6.541,-0.765,-23.807,MANEUVERING
37808.938,2826.146,-633.02,6468.155,3.551,6.548,-0.829,-32.745,MANEUVERING
37808.938,2826.146,-633.02,6468.155,3.551,6.548,-0.829,-32.745,SENSING
37808.938,2826.146,-633.02,6468.155,3.551,6.548,-0.829,-32.745,TRAVELING
38360.0,4210.908,2876.903,4974.321,1.339,5.844,-4.432,-32.745,TRAVELING
38360.0,4210.908,2876.903,4974.321,1.339,5.844,-4.432,-32.745,SENSING
38360.0,4210.908,2876.903,4974.321,1.339,5.844,-4.432,-32.745,MEASURING
38360.0,4210.908,2876.903,4974.321,1.339,5.844,-4.432,-32.745,MANEUVERING
38368.045,4221.541,2923.767,4938.504,1.302,5.818,-4.476,-40.79,MANEUVERING
38368.045,4221.541,2923.767,4938.504,1.302,5.818,-4.476,-40.79,SENSING
38368.045,4221.541,2923.767,4938.504,1.302,5.818,-4.476,-40.79,TRAVELING
38380.0,4236.787,2993.025,4884.629,1.246,5.779,-4.541,-40.79,TRAVELING
38380.0,4236.787,2993.025,4884.629,1.246,5.779,-4.541,-40.79,SENSING
38380.0,4236.787,2993.025,4884.629,1.246,5.779,-4.541,-40.79,TRAVELING
38445.123,4308.095,3361.741,4577.893,0.94,5.551,-4.88,-40.79,TRAVELING
38445.123,4308.095,3361.741,4577.893,0.94,5.551,-4.88,-40.79,SENSING
38445.123,4308.095,3361.741,4577.893,0.94,5.551,-4.88,-40.79,TRAVELING
38448.229,4310.997,3378.949,4562.718,0.926,5.539,-4.896,-40.79,TRAVELING
38448.229,4310.997,3378.949,4562.718,0.926,5.539,-4.896,-40.79,SENSING
38448.229,4310.997,3378.949,4562.718,0.926,5.539,-4.896,-40.79,TRAVELING
38490.0,4345.58,3606.806,4354.012,0.727,5.379,-5.101,-40.79,TRAVELING
38490.0,4345.58,3606.806,4354.012,0.727,5.379,-5.101,-40.79,SENSING
38490.0,4345.58,3606.806,4354.012,0.727,5.379,-5.101,-40.79,TRAVELING
38538.471,4375.286,3862.522,4101.402,0.495,5.18,-5.326,-40.79,TRAVELING
38538.471,4375.286,3862.522,4101.402,0.495,5.18,-5.326,-40.79,SENSING
38538.471,4375.286,3862.522,4101.402,0.495,5.18,-5.326,-40.79,TRAVELING
40320.0,-798.734,3634.037,-6051.394,-4.529,-5.376,-2.549,-40.79,TRAVELING
40320.0,-798.734,3634.037,-6051.394,-4.529,-5.376,-2.549,-40.79,SENSING
40320.0,-798.734,3634.037,-6051.394,-4.529,-5.376,-2.549,-40.79,TRAVELING
40338.673,-883.067,3533.023,-6097.785,-4.512,-5.45,-2.423,-40.79,TRAVELING
40338.673,-883.067,3533.023,-6097.785,-4.512,-5.45,-2.423,-40.79,SENSING
40338.673,-883.067,3533.023,-6097.785,-4.512,-5.45,-2.423,-40.79,TRAVELING
40342.416,-899.93,3512.61,-6106.8,-4.508,-5.465,-2.397,-40.79,TRAVELING
40342.416,-899.93,3512.61,-6106.8,-4.508,-5.465,-2.397,-40.79,SENSING
40342.416,-899.93,3512.61,-6106.8,-4.508,-5.465,-2.397,-40.79,TRAVELING
40530.0,-1721.807,2426.319,-6434.047,-4.233,-6.087,-1.081,-40.79,TRAVELING
40530.0,-1721.807,2426.319,-6434.047,-4.233,-6.087,-1.081,-40.79,SENSING
40530.0,-1721.807,2426.319,-6434.047,-4.233,-6.087,-1.081,-40.79,TRAVELING
40534.887,-1742.454,2396.561,-6439.241,-4.224,-6.101,-1.046,-40.79,TRAVELING
40534.887,-1742.454,2396.561,-6439.241,-4.224,-6.101,-1.046,-40.79,SENSING
40534.887,-1742.454,2396.561,-6439.241,-4.224,-6.101,-1.046,-40.79,TRAVELING
40546.701,-1792.179,2324.352,-6451.087,-4.201,-6.132,-0.961,-40.79,TRAVELING
40546.701,-1792.179,2324.352,-6451.087,-4.201,-6.132,-0.961,-40.79,SENSING
40546.701,-1792.179,2324.352,-6451.087,-4.201,-6.132,-0.961,-40.79,TRAVELING
42210.0,-3487.244,-6064.3,408.572,2.772,-1.131,6.963,-40.79,TRAVELING
42210.0,-3487.244,-6064.3,408.572,2.772,-1.131,6.963,-40.79,SENSING
42210.0,-3487.244,-6064.3,408.572,2.772,-1.131,6.963,-40.79,TRAVELING
42222.486,-3452.381,-6077.842,495.432,2.822,-1.043,6.957,-40.79,TRAVELING
42222.486,-3452.381,-6077.842,495.432,2.822,-1.043,6.957,-40.79,SENSING
42222.486,-3452.381,-6077.842,495.432,2.822,-1.043,6.957,-40.79,TRAVELING
42229.773,-3431.746,-6085.239,546.084,2.851,-0.992,6.952,-40.79,TRAVELING
42229.773,-3431.746,-6085.239,546.084,2.851,-0.992,6.952,-40.79,SENSING
42229.773,-3431.746,-6085.239,546.084,2.851,-0.992,6.952,-40.79,TRAVELING
42270.0,-3314.073,-6119.336,825.019,3.008,-0.708,6.92,-40.79,TRAVELING
42270.0,-3314.073,-6119.336,825.019,3.008,-0.708,6.92,-40.79,SENSING
42270.0,-3314.073,-6119.336,825.019,3.008,-0.708,6.92,-40.79,TRAVELING
42271.504,-3309.552,-6120.389,835.421,3.014,-0.697,6.919,-40.79,TRAVELING
42271.504,-3309.552,-6120.389,835.421,3.014,-0.697,6.919,-40.79,SENSING
42271.504,-3309.552,-6120.389,835.421,3.014,-0.697,6.919,-40.79,TRAVELING
42280.0,-3283.85,-6126.037,894.14,3.046,-0.637,6.911,-40.79,TRAVELING
42280.0,-3283.85,-6126.037,894.14,3.046,-0.637,6.911,-40.79,SENSING
42280.0,-3283.85,-6126.037,894.14,3.046,-0.637,6.911,-40.79,TRAVELING
42280.634,-3281.922,-6126.438,898.516,3.049,-0.632,6.91,-40.79,TRAVELING
42280.634,-3281.922,-6126.438,898.516,3.049,-0.632,6.91,-40.79,SENSING
42280.634,-3281.922,-6126.438,898.516,3.049,-0.632,6.91,-40.79,TRAVELING
42299.212,-3224.72,-6136.923,1026.64,3.119,-0.5,6.889,-40.79,TRAVELING
42299.212,-3224.72,-6136.923,1026.64,3.119,-0.5,6.889,-40.79,SENSING
42299.212,-3224.72,-6136.923,1026.64,3.119,-0.5,6.889,-40.79,TRAVELING
42500.0,-2529.496,-6093.82,2374.646,3.789,0.925,6.493,-40.79,TRAVELING
42500.0,-2529.496,-6093.82,2374.646,3.789,0.925,6.493,-40.79,SENSING
42500.0,-2529.496,-6093.82,2374.646,3.789,0.925,6.493,-40.79,TRAVELING
42532.012,-2406.885,-6060.59,2580.938,3.881,1.149,6.401,-40.79,TRAVELING
42532.012,-2406.885,-6060.59,2580.938,3.881,1.149,6.401,-40.79,SENSING
42532.012,-2406.885,-6060.59,2580.938,3.881,1.149,6.401,-40.79,TRAVELING
43840.0,3170.596,25.171,6346.558,3.232,6.571,-1.559,-40.79,TRAVELING
43840.0,3170.596,25.171,6346.558,3.232,6.571,-1.559,-40.79,SENSING
43840.0,3170.596,25.171,6346.558,3.232,6.571,-1.559,-40.79,TRAVELING
43863.343,3245.024,178.42,6308.259,3.148,6.568,-1.724,-40.79,TRAVELING
43863.343,3245.024,178.42,6308.259,3.148,6.568,-1.724,-40.79,SENSING
43863.343,3245.024,178.42,6308.259,3.148,6.568,-1.724,-40.79,TRAVELING
43877.051,3287.816,268.362,6283.982,3.098,6.565,-1.82,-40.79,TRAVELING
43877.051,3287.816,268.362,6283.982,3.098,6.565,-1.82,-40.79,SENSING
43877.051,3287.816,268.362,6283.982,3.098,6.565,-1.82,-40.79,TRAVELING
44090.0,3859.411,1646.77,5742.146,2.25,6.337,-3.249,-40.79,TRAVELING
44090.0,3859.411,1646.77,5742.146,2.25,6.337,-3.249,-40.79,SENSING
44090.0,3859.411,1646.77,5742.146,2.25,6.337,-3.249,-40.79,MEASURING
44090.0,3859.411,1646.77,5742.146,2.25,6.337,-3.249,-40.79,MANEUVERING
44098.823,3879.096,1702.565,5713.251,2.212,6.321,-3.305,-49.613,MANEUVERING
44098.823,3879.096,1702.565,5713.251,2.212,6.321,-3.305,-49.613,SENSING
44098.823,3879.096,1702.565,5713.251,2.212,6.321,-3.305,-49.613,MESSAGING
44098.823,3879.096,1702.565,5713.251,2.212,6.321,-3.305,-49.613,SENSING
44098.823,3879.096,1702.565,5713.251,2.212,6.321,-3.305,-49.613,LISTENING
44101.047,3884.005,1716.606,5705.89,2.203,6.317,-3.319,-49.613,SENSING
44101.047,3884.005,1716.606,5705.89,2.203,6.317,-3.319,-49.613,TRAVELING
44620.0,4410.107,4583.954,3242.371,-0.224,4.473,-5.94,-49.613,TRAVELING
44620.0,4410.107,4583.954,3242.371,-0.224,4.473,-5.94,-49.613,SENSING
44620.0,4410.107,4583.954,3242.371,-0.224,4.473,-5.94,-49.613,MEASURING
44620.0,4410.107,4583.954,3242.371,-0.224,4.473,-5.94,-49.613,MANEUVERING
44624.858,4408.976,4605.606,3213.485,-0.247,4.449,-5.957,-54.471,MANEUVERING
44624.858,4408.976,4605.606,3213.485,-0.247,4.449,-5.957,-54.471,SENSING
44624.858,4408.976,4605.606,3213.485,-0.247,4.449,-5.957,-54.471,TRAVELING
45320.0,3141.885,6268.867,-1382.114,-3.244,0.133,-6.685,-54.471,TRAVELING
45320.0,3141.885,6268.867,-1382.114,-3.244,0.133,-6.685,-54.471,SENSING
45320.0,3141.885,6268.867,-1382.114,-3.244,0.133,-6.685,-54.471,TRAVELING
45324.797,3126.31,6269.419,-1414.148,-3.26,0.1,-6.678,-54.471,TRAVELING
45324.797,3126.31,6269.419,-1414.148,-3.26,0.1,-6.678,-54.471,SENSING
45324.797,3126.31,6269.419,-1414.148,-3.26,0.1,-6.678,-54.471,TRAVELING
45376.691,2952.889,6265.336,-1758.245,-3.432,-0.255,-6.588,-54.471,TRAVELING
45376.691,2952.889,6265.336,-1758.245,-3.432,-0.255,-6.588,-54.471,SENSING
45376.691,2952.889,6265.336,-1758.245,-3.432,-0.255,-6.588,-54.471,TRAVELING
46210.0,-608.008,3843.744,-5946.186,-4.577,-5.198,-2.81,-54.471,TRAVELING
46210.0,-608.008,3843.744,-5946.186,-4.577,-5.198,-2.81,-54.471,SENSING
46210.0,-608.008,3843.744,-5946.186,-4.577,-5.198,-2.81,-54.471,TRAVELING
46232.009,-708.472,3728.387,-6006.401,-4.561,-5.29,-2.664,-54.471,TRAVELING
46232.009,-708.472,3728.387,-6006.401,-4.561,-5.29,-2.664,-54.471,SENSING
46232.009,-708.472,3728.387,-6006.401,-4.561,-5.29,-2.664,-54.471,TRAVELING
46233.623,-715.824,3719.849,-6010.689,-4.56,-5.297,-2.653,-54.471,TRAVELING
46233.623,-715.824,3719.849,-6010.689,-4.56,-5.297,-2.653,-54.471,SENSING
46233.623,-715.824,3719.849,-6010.689,-4.56,-5.297,-2.653,-54.471,TRAVELING
46250.0,-790.318,3632.598,-6053.226,-4.546,-5.364,-2.544,-54.471,TRAVELING
46250.0,-790.318,3632.598,-6053.226,-4.546,-5.364,-2.544,-54.471,SENSING
46250.0,-790.318,3632.598,-6053.226,-4.546,-5.364,-2.544,-54.471,TRAVELING
46252.2,-800.308,3620.793,-6058.804,-4.544,-5.373,-2.529,-54.471,TRAVELING
46252.2,-800.308,3620.793,-6058.804,-4.544,-5.373,-2.529,-54.471,SENSING
46252.2,-800.308,3620.793,-6058.804,-4.544,-5.373,-2.529,-54.471,TRAVELING
46420.0,-1545.679,2667.961,-6386.045,-4.325,-5.962,-1.362,-54.471,TRAVELING
46420.0,-1545.679,2667.961,-6386.045,-4.325,-5.962,-1.362,-54.471,SENSING
46420.0,-1545.679,2667.961,-6386.045,-4.325,-5.962,-1.362,-54.471,TRAVELING
46421.808,-1553.488,2657.184,-6388.495,-4.321,-5.967,-1.349,-54.471,TRAVELING
46421.808,-1553.488,2657.184,-6388.495,-4.321,-5.967,-1.349,-54.471,SENSING
46421.808,-1553.488,2657.184,-6388.495,-4.321,-5.967,-1.349,-54.471,TRAVELING
46430.984,-1593.038,2602.338,-6400.571,-4.305,-5.994,-1.284,-54.471,TRAVELING
46430.984,-1593.038,2602.338,-6400.571,-4.305,-5.994,-1.284,-54.471,SENSING
46430.984,-1593.038,2602.338,-6400.571,-4.305,-5.994,-1.284,-54.471,TRAVELING
48180.0,-3390.885,-6093.512,691.817,2.931,-0.853,6.937,-54.471,TRAVELING
48180.0,-3390.885,-6093.512,691.817,2.931,-0.853,6.937,-54.471,SENSING
48180.0,-3390.885,-6093.512,691.817,2.931,-0.853,6.937,-54.471,TRAVELING
48189.284,-3363.55,-6101.109,756.156,2.967,-0.788,6.93,-54.471,TRAVELING
48189.284,-3363.55,-6101.109,756.156,2.967,-0.788,6.93,-54.471,SENSING
48189.284,-3363.55,-6101.109,756.156,2.967,-0.788,6.93,-54.471,TRAVELING
48240.0,-3208.383,-6131.857,1106.119,3.16,-0.429,6.875,-54.471,TRAVELING
48240.0,-3208.383,-6131.857,1106.119,3.16,-0.429,6.875,-54.471,SENSING
48240.0,-3208.383,-6131.857,1106.119,3.16,-0.429,6.875,-54.471,TRAVELING
48243.946,-3195.905,-6133.486,1133.221,3.175,-0.401,6.87,-54.471,TRAVELING
48243.946,-3195.905,-6133.486,1133.221,3.175,-0.401,6.87,-54.471,SENSING
48243.946,-3195.905,-6133.486,1133.221,3.175,-0.401,6.87,-54.471,TRAVELING
48245.284,-3191.658,-6134.013,1142.413,3.18,-0.391,6.868,-54.471,TRAVELING
48245.284,-3191.658,-6134.013,1142.413,3.18,-0.391,6.868,-54.471,SENSING
48245.284,-3191.658,-6134.013,1142.413,3.18,-0.391,6.868,-54.471,TRAVELING
48260.457,-3143.066,-6139.103,1246.41,3.235,-0.283,6.847,-54.471,TRAVELING
48260.457,-3143.066,-6139.103,1246.41,3.235,-0.283,6.847,-54.471,SENSING
48260.457,-3143.066,-6139.103,1246.41,3.235,-0.283,6.847,-54.471,TRAVELING
48269.524,-3113.629,-6141.365,1308.398,3.268,-0.219,6.834,-54.471,TRAVELING
48269.524,-3113.629,-6141.365,1308.398,3.268,-0.219,6.834,-54.471,SENSING
48269.524,-3113.629,-6141.365,1308.398,3.268,-0.219,6.834,-54.471,TRAVELING
48320.0,-2944.414,-6143.285,1651.063,3.445,0.14,6.747,-54.471,TRAVELING
48320.0,-2944.414,-6143.285,1651.063,3.445,0.14,6.747,-54.471,SENSING
48320.0,-2944.414,-6143.285,1651.063,3.445,0.14,6.747,-54.471,TRAVELING
48320.766,-2941.777,-6143.175,1656.23,3.448,0.145,6.746,-54.471,TRAVELING
48320.766,-2941.777,-6143.175,1656.23,3.448,0.145,6.746,-54.471,SENSING
48320.766,-2941.777,-6143.175,1656.23,3.448,0.145,6.746,-54.471,TRAVELING
48324.613,-2928.509,-6142.559,1682.153,3.461,0.172,6.738,-54.471,TRAVELING
48324.613,-2928.509,-6142.559,1682.153,3.461,0.172,6.738,-54.471,SENSING
48324.613,-2928.509,-6142.559,1682.153,3.461,0.172,6.738,-54.471,TRAVELING
48380.0,-2732.035,-6122.052,2051.976,3.642,0.565,6.619,-54.471,TRAVELING
48380.0,-2732.035,-6122.052,2051.976,3.642,0.565,6.619,-54.471,SENSING
48380.0,-2732.035,-6122.052,2051.976,3.642,0.565,6.619,-54.471,TRAVELING
48383.023,-2721.026,-6120.307,2071.964,3.652,0.587,6.612,-54.471,TRAVELING
48383.023,-2721.026,-6120.307,2071.964,3.652,0.587,6.612,-54.471,SENSING
48383.023,-2721.026,-6120.307,2071.964,3.652,0.587,6.612,-54.471,TRAVELING
48386.133,-2709.672,-6118.445,2092.5,3.661,0.609,6.604,-54.471,TRAVELING
48386.133,-2709.672,-6118.445,2092.5,3.661,0.609,6.604,-54.471,SENSING
48386.133,-2709.672,-6118.445,2092.5,3.661,0.609,6.604,-54.471,TRAVELING
48450.0,-2469.964,-6065.136,2508.809,3.853,1.058,6.434,-54.471,TRAVELING
48450.0,-2469.964,-6065.136,2508.809,3.853,1.058,6.434,-54.471,SENSING
48450.0,-2469.964,-6065.136,2508.809,3.853,1.058,6.434,-54.471,TRAVELING
48462.143,-2423.036,-6051.761,2586.685,3.887,1.143,6.398,-54.471,TRAVELING
48462.143,-2423.036,-6051.761,2586.685,3.887,1.143,6.398,-54.471,SENSING
48462.143,-2423.036,-6051.761,2586.685,3.887,1.143,6.398,-54.471,TRAVELING
48465.798,-2408.83,-6047.534,2610.039,3.897,1.169,6.387,-54.471,TRAVELING
48465.798,-2408.83,-6047.534,2610.039,3.897,1.169,6.387,-54.471,SENSING
48465.798,-2408.83,-6047.534,2610.039,3.897,1.169,6.387,-54.471,TRAVELING
48580.0,-1947.379,-5868.915,3317.691,4.185,1.955,5.996,-54.471,TRAVELING
48580.0,-1947.379,-5868.915,3317.691,4.185,1.955,5.996,-54.471,SENSING
48580.0,-1947.379,-5868.915,3317.691,4.185,1.955,5.996,-54.471,TRAVELING
48602.42,-1853.123,-5823.398,3451.091,4.234,2.106,5.909,-54.471,TRAVELING
48602.42,-1853.123,-5823.398,3451.091,4.234,2.106,5.909,-54.471,SENSING
48602.42,-1853.123,-5823.398,3451.091,4.234,2.106,5.909,-54.471,TRAVELING
48609.381,-1823.638,-5808.58,3492.104,4.249,2.152,5.881,-54.471,TRAVELING
48609.381,-1823.638,-5808.58,3492.104,4.249,2.152,5.881,-54.471,SENSING
48609.381,-1823.638,-5808.58,3492.104,4.249,2.152,5.881,-54.471,TRAVELING
48720.0,-1342.521,-5530.246,4116.247,4.451,2.875,5.396,-54.471,TRAVELING
48720.0,-1342.521,-5530.246,4116.247,4.451,2.875,5.396,-54.471,SENSING
48720.0,-1342.521,-5530.246,4116.247,4.451,2.875,5.396,-54.471,TRAVELING
48737.938,-1262.54,-5477.675,4212.225,4.477,2.988,5.31,-54.471,TRAVELING
48737.938,-1262.54,-5477.675,4212.225,4.477,2.988,5.31,-54.471,SENSING
48737.938,-1262.54,-5477.675,4212.225,4.477,2.988,5.31,-54.471,TRAVELING
50030.0,3888.895,1702.09,5706.959,2.225,6.31,-3.317,-54.471,TRAVELING
50030.0,3888.895,1702.09,5706.959,2.225,6.31,-3.317,-54.471,SENSING
50030.0,3888.895,1702.09,5706.959,2.225,6.31,-3.317,-54.471,MEASURING
50030.0,3888.895,1702.09,5706.959,2.225,6.31,-3.317,-54.471,MANEUVERING
50031.857,3893.018,1713.793,5700.793,2.217,6.307,-3.328,-56.328,MANEUVERING
50031.857,3893.018,1713.793,5700.793,2.217,6.307,-3.328,-56.328,SENSING
50031.857,3893.018,1713.793,5700.793,2.217,6.307,-3.328,-56.328,TRAVELING
50140.0,4107.086,2382.681,5304.995,1.738,6.061,-3.987,-56.328,TRAVELING
50140.0,4107.086,2382.681,5304.995,1.738,6.061,-3.987,-56.328,SENSING
50140.0,4107.086,2382.681,5304.995,1.738,6.061,-3.987,-56.328,MEASURING
50140.0,4107.086,2382.681,5304.995,1.738,6.061,-3.987,-56.328,MANEUVERING
50140.824,4108.517,2387.669,5301.711,1.734,6.059,-3.992,-57.152,MANEUVERING
50140.824,4108.517,2387.669,5301.711,1.734,6.059,-3.992,-57.152,SENSING
50140.824,4108.517,2387.669,5301.711,1.734,6.059,-3.992,-57.152,TRAVELING
50190.0,4188.323,2682.055,5098.526,1.509,5.922,-4.274,-57.152,TRAVELING
50190.0,4188.323,2682.055,5098.526,1.509,5.922,-4.274,-57.152,SENSING
50190.0,4188.323,2682.055,5098.526,1.509,5.922,-4.274,-57.152,MEASURING
50190.0,4188.323,2682.055,5098.526,1.509,5.922,-4.274,-57.152,MANEUVERING
50266.937,4290.759,3127.996,4753.611,1.15,5.675,-4.692,19.785,MANEUVERING
50266.937,4290.759,3127.996,4753.611,1.15,5.675,-4.692,19.785,SENSING
50266.937,4290.759,3127.996,4753.611,1.15,5.675,-4.692,19.785,LISTENING
50271.808,4296.311,3155.572,4730.708,1.127,5.658,-4.717,19.785,SENSING
50271.808,4296.311,3155.572,4730.708,1.127,5.658,-4.717,19.785,TRAVELING
50350.0,4370.032,3586.504,4346.574,0.755,5.368,-5.108,19.785,TRAVELING
50350.0,4370.032,3586.504,4346.574,0.755,5.368,-5.108,19.785,SENSING
50350.0,4370.032,3586.504,4346.574,0.755,5.368,-5.108,19.785,TRAVELING
50351.081,4370.847,3592.301,4341.051,0.75,5.364,-5.113,19.785,TRAVELING
50351.081,4370.847,3592.301,4341.051,0.75,5.364,-5.113,19.785,SENSING
50351.081,4370.847,3592.301,4341.051,0.75,5.364,-5.113,19.785,TRAVELING
50360.0,4377.355,3639.938,4295.287,0.707,5.329,-5.155,19.785,TRAVELING
50360.0,4377.355,3639.938,4295.287,0.707,5.329,-5.155,19.785,SENSING
50360.0,4377.355,3639.938,4295.287,0.707,5.329,-5.155,19.785,TRAVELING
50381.421,4391.426,3753.046,4183.844,0.604,5.242,-5.255,19.785,TRAVELING
50381.421,4391.426,3753.046,4183.844,0.604,5.242,-5.255,19.785,SENSING
50381.421,4391.426,3753.046,4183.844,0.604,5.242,-5.255,19.785,TRAVELING
50383.174,4392.48,3762.217,4174.632,0.595,5.234,-5.263,19.785,TRAVELING
50383.174,4392.48,3762.217,4174.632,0.595,5.234,-5.263,19.785,SENSING
50383.174,4392.48,3762.217,4174.632,0.595,5.234,-5.263,19.785,TRAVELING
52240.0,-1053.688,3303.152,-6195.085,-4.502,-5.584,-2.13,19.785,TRAVELING
52240.0,-1053.688,3303.152,-6195.085,-4.502,-5.584,-2.13,19.785,SENSING
52240.0,-1053.688,3303.152,-6195.085,-4.502,-5.584,-2.13,19.785,TRAVELING
52240.927,-1057.856,3297.979,-6197.054,-4.501,-5.587,-2.123,19.785,TRAVELING
52240.927,-1057.856,3297.979,-6197.054,-4.501,-5.587,-2.123,19.785,SENSING
52240.927,-1057.856,3297.979,-6197.054,-4.501,-5.587,-2.123,19.785,TRAVELING
52300.0,-1321.258,2961.954,-6310.303,-4.422,-5.793,-1.711,19.785,TRAVELING
52300.0,-1321.258,2961.954,-6310.303,-4.422,-5.793,-1.711,19.785,SENSING
52300.0,-1321.258,2961.954,-6310.303,-4.422,-5.793,-1.711,19.785,TRAVELING
52355.027,-1562.037,2638.57,-6393.724,-4.334,-5.965,-1.321,19.785,TRAVELING
52355.027,-1562.037,2638.57,-6393.724,-4.334,-5.965,-1.321,19.785,SENSING
52355.027,-1562.037,2638.57,-6393.724,-4.334,-5.965,-1.321,19.785,TRAVELING
52374.322,-1645.262,2523.01,-6417.871,-4.299,-6.021,-1.183,19.785,TRAVELING
52374.322,-1645.262,2523.01,-6417.871,-4.299,-6.021,-1.183,19.785,SENSING
52374.322,-1645.262,2523.01,-6417.871,-4.299,-6.021,-1.183,19.785,TRAVELING
52690.0,-2885.492,519.514,-6428.99,-3.489,-6.564,1.117,19.785,TRAVELING
52690.0,-2885.492,519.514,-6428.99,-3.489,-6.564,1.117,19.785,SENSING
52690.0,-2885.492,519.514,-6428.99,-3.489,-6.564,1.117,19.785,TRAVELING
52691.069,-2889.217,512.503,-6427.792,-3.486,-6.565,1.125,19.785,TRAVELING
52691.069,-2889.217,512.503,-6427.792,-3.486,-6.565,1.125,19.785,SENSING
52691.069,-2889.217,512.503,-6427.792,-3.486,-6.565,1.125,19.785,TRAVELING
52730.0,-3022.329,256.765,-6378.54,-3.356,-6.581,1.406,19.785,TRAVELING
52730.0,-3022.329,256.765,-6378.54,-3.356,-6.581,1.406,19.785,SENSING
52730.0,-3022.329,256.765,-6378.54,-3.356,-6.581,1.406,19.785,TRAVELING
52742.696,-3064.633,173.25,-6360.112,-3.312,-6.585,1.498,19.785,TRAVELING
52742.696,-3064.633,173.25,-6360.112,-3.312,-6.585,1.498,19.785,SENSING
52742.696,-3064.633,173.25,-6360.112,-3.312,-6.585,1.498,19.785,TRAVELING
52782.35,-3193.137,-87.724,-6295.108,-3.172,-6.586,1.782,19.785,TRAVELING
52782.35,-3193.137,-87.724,-6295.108,-3.172,-6.586,1.782,19.785,SENSING
52782.35,-3193.137,-87.724,-6295.108,-3.172,-6.586,1.782,19.785,TRAVELING
53130.0,-4053.888,-2317.493,-5262.842,-1.722,-6.104,4.095,19.785,TRAVELING
53130.0,-4053.888,-2317.493,-5262.842,-1.722,-6.104,4.095,19.785,SENSING
53130.0,-4053.888,-2317.493,-5262.842,-1.722,-6.104,4.095,19.785,TRAVELING
53131.199,-4055.949,-2324.801,-5257.931,-1.716,-6.101,4.102,19.785,TRAVELING
53131.199,-4055.949,-2324.801,-5257.931,-1.716,-6.101,4.102,19.785,SENSING
53131.199,-4055.949,-2324.801,-5257.931,-1.716,-6.101,4.102,19.785,TRAVELING
53170.0,-4119.059,-2559.232,-5094.352,-1.535,-5.992,4.332,19.785,TRAVELING
53170.0,-4119.059,-2559.232,-5094.352,-1.535,-5.992,4.332,19.785,SENSING
53170.0,-4119.059,-2559.232,-5094.352,-1.535,-5.992,4.332,19.785,TRAVELING
53170.034,-4119.111,-2559.435,-5094.205,-1.535,-5.992,4.333,19.785,TRAVELING
53170.034,-4119.111,-2559.435,-5094.205,-1.535,-5.992,4.333,19.785,SENSING
53170.034,-4119.111,-2559.435,-5094.205,-1.535,-5.992,4.333,19.785,TRAVELING
53210.0,-4176.699,-2796.282,-4916.536,-1.345,-5.869,4.562,19.785,TRAVELING
53210.0,-4176.699,-2796.282,-4916.536,-1.345,-5.869,4.562,19.785,SENSING
53210.0,-4176.699,-2796.282,-4916.536,-1.345,-5.869,4.562,19.785,TRAVELING
53210.494,-4177.363,-2799.178,-4914.284,-1.343,-5.868,4.564,19.785,TRAVELING
53210.494,-4177.363,-2799.178,-4914.284,-1.343,-5.868,4.564,19.785,SENSING
53210.494,-4177.363,-2799.178,-4914.284,-1.343,-5.868,4.564,19.785,TRAVELING
53250.0,-4226.695,-3028.205,-4729.71,-1.152,-5.736,4.783,19.785,TRAVELING
53250.0,-4226.695,-3028.205,-4729.71,-1.152,-5.736,4.783,19.785,SENSING
53250.0,-4226.695,-3028.205,-4729.71,-1.152,-5.736,4.783,19.785,TRAVELING
53250.956,-4227.796,-3033.684,-4725.135,-1.148,-5.732,4.788,19.785,TRAVELING
53250.956,-4227.796,-3033.684,-4725.135,-1.148,-5.732,4.788,19.785,SENSING
53250.956,-4227.796,-3033.684,-4725.135,-1.148,-5.732,4.788,19.785,TRAVELING
53280.0,-4259.116,-3198.524,-4583.877,-1.006,-5.628,4.943,19.785,TRAVELING
53280.0,-4259.116,-3198.524,-4583.877,-1.006,-5.628,4.943,19.785,SENSING
53280.0,-4259.116,-3198.524,-4583.877,-1.006,-5.628,4.943,19.785,TRAVELING
53282.903,-4262.02,-3214.832,-4569.513,-0.992,-5.618,4.959,19.785,TRAVELING
53282.903,-4262.02,-3214.832,-4569.513,-0.992,-5.618,4.959,19.785,SENSING
53282.903,-4262.02,-3214.832,-4569.513,-0.992,-5.618,4.959,19.785,TRAVELING
53420.0,-4351.866,-3946.877,-3843.258,-0.313,-5.052,5.623,19.785,TRAVELING
53420.0,-4351.866,-3946.877,-3843.258,-0.313,-5.052,5.623,19.785,SENSING
53420.0,-4351.866,-3946.877,-3843.258,-0.313,-5.052,5.623,19.785,TRAVELING
53421.596,-4352.361,-3954.927,-3834.283,-0.305,-5.045,5.63,19.785,TRAVELING
53421.596,-4352.361,-3954.927,-3834.283,-0.305,-5.045,5.63,19.785,SENSING
53421.596,-4352.361,-3954.927,-3834.283,-0.305,-5.045,5.63,19.785,TRAVELING
53480.0,-4361.718,-4241.325,-3498.333,-0.011,-4.769,5.877,19.785,TRAVELING
53480.0,-4361.718,-4241.325,-3498.333,-0.011,-4.769,5.877,19.785,SENSING
53480.0,-4361.718,-4241.325,-3498.333,-0.011,-4.769,5.877,19.785,TRAVELING
53483.325,-4361.736,-4257.138,-3478.783,0.005,-4.753,5.89,19.785,TRAVELING
53483.325,-4361.736,-4257.138,-3478.783,0.005,-4.753,5.89,19.785,SENSING
53483.325,-4361.736,-4257.138,-3478.783,0.005,-4.753,5.89,19.785,TRAVELING
53510.0,-4359.871,-4382.029,-3320.342,0.139,-4.62,5.995,19.785,TRAVELING
53510.0,-4359.871,-4382.029,-3320.342,0.139,-4.62,5.995,19.785,SENSING
53510.0,-4359.871,-4382.029,-3320.342,0.139,-4.62,5.995,19.785,TRAVELING
53517.056,-4358.78,-4414.467,-3277.972,0.175,-4.584,6.021,19.785,TRAVELING
53517.056,-4358.78,-4414.467,-3277.972,0.175,-4.584,6.021,19.785,SENSING
53517.056,-4358.78,-4414.467,-3277.972,0.175,-4.584,6.021,19.785,TRAVELING
53540.988,-4353.22,-4522.592,-3132.876,0.295,-4.461,6.11,19.785,TRAVELING
53540.988,-4353.22,-4522.592,-3132.876,0.295,-4.461,6.11,19.785,SENSING
53540.988,-4353.22,-4522.592,-3132.876,0.295,-4.461,6.11,19.785,TRAVELING
54190.0,-3161.945,-6128.99,1248.529,3.235,-0.292,6.847,19.785,TRAVELING
54190.0,-3161.945,-6128.99,1248.529,3.235,-0.292,6.847,19.785,SENSING
54190.0,-3161.945,-6128.99,1248.529,3.235,-0.292,6.847,19.785,TRAVELING
54193.101,-3151.908,-6129.856,1269.745,3.247,-0.27,6.842,19.785,TRAVELING
54193.101,-3151.908,-6129.856,1269.745,3.247,-0.27,6.842,19.785,SENSING
54193.101,-3151.908,-6129.856,1269.745,3.247,-0.27,6.842,19.785,TRAVELING
54200.0,-3129.458,-6131.536,1316.887,3.272,-0.221,6.832,19.785,TRAVELING
54200.0,-3129.458,-6131.536,1316.887,3.272,-0.221,6.832,19.785,SENSING
54200.0,-3129.458,-6131.536,1316.887,3.272,-0.221,6.832,19.785,MEASURING
54200.0,-3129.458,-6131.536,1316.887,3.272,-0.221,6.832,19.785,MANEUVERING
54220.0,-3063.402,-6134.5,1453.138,3.344,-0.079,6.8,-0.215,MANEUVERING
54220.0,-3063.402,-6134.5,1453.138,3.344,-0.079,6.8,-0.215,SENSING
54220.0,-3063.402,-6134.5,1453.138,3.344,-0.079,6.8,-0.215,MANEUVERING
54220.012,-3063.363,-6134.501,1453.218,3.344,-0.079,6.8,-0.227,MANEUVERING
54220.012,-3063.363,-6134.501,1453.218,3.344,-0.079,6.8,-0.227,SENSING
54220.012,-3063.363,-6134.501,1453.218,3.344,-0.079,6.8,-0.227,MANEUVERING
54223.749,-3050.862,-6134.74,1478.604,3.357,-0.052,6.793,-3.964,MANEUVERING
54223.749,-3050.862,-6134.74,1478.604,3.357,-0.052,6.793,-3.964,SENSING
54223.749,-3050.862,-6134.74,1478.604,3.357,-0.052,6.793,-3.964,LISTENING
54250.0,-2961.671,-6133.628,1656.234,3.448,0.134,6.746,-3.964,SENSING
54250.0,-2961.671,-6133.628,1656.234,3.448,0.134,6.746,-3.964,LISTENING
54251.622,-2956.082,-6133.399,1667.169,3.454,0.145,6.743,-3.964,SENSING
54251.622,-2956.082,-6133.399,1667.169,3.454,0.145,6.743,-3.964,LISTENING
54266.034,-2906.029,-6130.547,1764.09,3.503,0.248,6.714,-3.964,SENSING
54266.034,-2906.029,-6130.547,1764.09,3.503,0.248,6.714,-3.964,TRAVELING
54280.0,-2856.859,-6126.379,1857.607,3.549,0.346,6.685,-3.964,TRAVELING
54280.0,-2856.859,-6126.379,1857.607,3.549,0.346,6.685,-3.964,SENSING
54280.0,-2856.859,-6126.379,1857.607,3.549,0.346,6.685,-3.964,TRAVELING
54282.005,-2849.747,-6125.667,1871.0,3.556,0.361,6.68,-3.964,TRAVELING
54282.005,-2849.747,-6125.667,1871.0,3.556,0.361,6.68,-3.964,SENSING
54282.005,-2849.747,-6125.667,1871.0,3.556,0.361,6.68,-3.964,TRAVELING
54302.493,-2776.32,-6116.766,2007.333,3.622,0.506,6.635,-3.964,TRAVELING
54302.493,-2776.32,-6116.766,2007.333,3.622,0.506,6.635,-3.964,SENSING
54302.493,-2776.32,-6116.766,2007.333,3.622,0.506,6.635,-3.964,TRAVELING
54590.0,-1621.383,-5684.044,3788.697,4.358,2.478,5.666,-3.964,TRAVELING
54590.0,-1621.383,-5684.044,3788.697,4.358,2.478,5.666,-3.964,SENSING
54590.0,-1621.383,-5684.044,3788.697,4.358,2.478,5.666,-3.964,TRAVELING
54591.38,-1615.373,-5680.618,3796.509,4.361,2.487,5.66,-3.964,TRAVELING
54591.38,-1615.373,-5680.618,3796.509,4.361,2.487,5.66,-3.964,SENSING
54591.38,-1615.373,-5680.618,3796.509,4.361,2.487,5.66,-3.964,TRAVELING
54631.955,-1437.186,-5574.372,4022.359,4.432,2.75,5.477,-3.964,TRAVELING
54631.955,-1437.186,-5574.372,4022.359,4.432,2.75,5.477,-3.964,SENSING
54631.955,-1437.186,-5574.372,4022.359,4.432,2.75,5.477,-3.964,TRAVELING
54660.0,-1312.407,-5494.759,4174.044,4.476,2.928,5.345,-3.964,TRAVELING
54660.0,-1312.407,-5494.759,4174.044,4.476,2.928,5.345,-3.964,SENSING
54660.0,-1312.407,-5494.759,4174.044,4.476,2.928,5.345,-3.964,TRAVELING
54662.619,-1300.691,-5487.069,4188.021,4.48,2.945,5.332,-3.964,TRAVELING
54662.619,-1300.691,-5487.069,4188.021,4.48,2.945,5.332,-3.964,SENSING
54662.619,-1300.691,-5487.069,4188.021,4.48,2.945,5.332,-3.964,TRAVELING
54663.049,-1298.768,-5485.804,4190.311,4.481,2.948,5.33,-3.964,TRAVELING
54663.049,-1298.768,-5485.804,4190.311,4.481,2.948,5.33,-3.964,SENSING
54663.049,-1298.768,-5485.804,4190.311,4.481,2.948,5.33,-3.964,TRAVELING
54665.609,-1287.308,-5478.24,4203.931,4.485,2.964,5.318,-3.964,TRAVELING
54665.609,-1287.308,-5478.24,4203.931,4.485,2.964,5.318,-3.964,SENSING
54665.609,-1287.308,-5478.24,4203.931,4.485,2.964,5.318,-3.964,TRAVELING
54668.001,-1276.588,-5471.135,4216.631,4.488,2.979,5.306,-3.964,TRAVELING
54668.001,-1276.588,-5471.135,4216.631,4.488,2.979,5.306,-3.964,SENSING
54668.001,-1276.588,-5471.135,4216.631,4.488,2.979,5.306,-3.964,TRAVELING
54670.0,-1267.622,-5465.168,4227.225,4.491,2.991,5.297,-3.964,TRAVELING
54670.0,-1267.622,-5465.168,4227.225,4.491,2.991,5.297,-3.964,SENSING
54670.0,-1267.622,-5465.168,4227.225,4.491,2.991,5.297,-3.964,TRAVELING
54672.68,-1255.596,-5457.132,4241.393,4.495,3.008,5.284,-3.964,TRAVELING
54672.68,-1255.596,-5457.132,4241.393,4.495,3.008,5.284,-3.964,SENSING
54672.68,-1255.596,-5457.132,4241.393,4.495,3.008,5.284,-3.964,TRAVELING
54672.813,-1254.996,-5456.73,4242.099,4.495,3.009,5.283,-3.964,TRAVELING
54672.813,-1254.996,-5456.73,4242.099,4.495,3.009,5.283,-3.964,SENSING
54672.813,-1254.996,-5456.73,4242.099,4.495,3.009,5.283,-3.964,TRAVELING
54680.0,-1222.691,-5434.95,4279.92,4.505,3.054,5.248,-3.964,TRAVELING
54680.0,-1222.691,-5434.95,4279.92,4.505,3.054,5.248,-3.964,SENSING
54680.0,-1222.691,-5434.95,4279.92,4.505,3.054,5.248,-3.964,TRAVELING
54691.017,-1173.027,-5400.936,4337.405,4.521,3.123,5.193,-3.964,TRAVELING
54691.017,-1173.027,-5400.936,4337.405,4.521,3.123,5.193,-3.964,SENSING
54691.017,-1173.027,-5400.936,4337.405,4.521,3.123,5.193,-3.964,TRAVELING
54700.975,-1127.996,-5369.544,4388.845,4.534,3.184,5.143,-3.964,TRAVELING
54700.975,-1127.996,-5369.544,4388.845,4.534,3.184,5.143,-3.964,SENSING
54700.975,-1127.996,-5369.544,4388.845,4.534,3.184,5.143,-3.964,TRAVELING
54701.27,-1126.664,-5368.607,4390.357,4.534,3.186,5.142,-3.964,TRAVELING
54701.27,-1126.664,-5368.607,4390.357,4.534,3.186,5.142,-3.964,SENSING
54701.27,-1126.664,-5368.607,4390.357,4.534,3.186,5.142,-3.964,TRAVELING
54703.523,-1116.455,-5361.414,4401.925,4.537,3.2,5.13,-3.964,TRAVELING
54703.523,-1116.455,-5361.414,4401.925,4.537,3.2,5.13,-3.964,SENSING
54703.523,-1116.455,-5361.414,4401.925,4.537,3.2,5.13,-3.964,TRAVELING
55750.0,3334.482,341.431,6257.112,3.087,6.54,-1.921,-3.964,TRAVELING
55750.0,3334.482,341.431,6257.112,3.087,6.54,-1.921,-3.964,SENSING
55750.0,3334.482,341.431,6257.112,3.087,6.54,-1.921,-3.964,MEASURING
55750.0,3334.482,341.431,6257.112,3.087,6.54,-1.921,-3.964,MANEUVERING
55758.037,3359.166,393.94,6241.456,3.058,6.537,-1.977,-12.001,MANEUVERING
55758.037,3359.166,393.94,6241.456,3.058,6.537,-1.977,-12.001,SENSING
55758.037,3359.166,393.94,6241.456,3.058,6.537,-1.977,-12.001,TRAVELING
55758.037,3359.166,393.94,6241.456,3.058,6.537,-1.977,-12.001,SENSING
55758.037,3359.166,393.94,6241.456,3.058,6.537,-1.977,-12.001,LISTENING
55760.0,3365.157,406.757,6237.565,3.05,6.536,-1.99,-12.001,SENSING
55760.0,3365.157,406.757,6237.565,3.05,6.536,-1.99,-12.001,MEASURING
55760.0,3365.157,406.757,6237.565,3.05,6.536,-1.99,-12.001,MANEUVERING
55760.358,3366.247,409.093,6236.853,3.049,6.536,-1.993,-12.359,MANEUVERING
55760.358,3366.247,409.093,6236.853,3.049,6.536,-1.993,-12.359,SENSING
55760.358,3366.247,409.093,6236.853,3.049,6.536,-1.993,-12.359,TRAVELING
55770.0,3395.458,472.038,6217.324,3.013,6.531,-2.06,-12.359,TRAVELING
55770.0,3395.458,472.038,6217.324,3.013,6.531,-2.06,-12.359,SENSING
55770.0,3395.458,472.038,6217.324,3.013,6.531,-2.06,-12.359,MEASURING
55770.0,3395.458,472.038,6217.324,3.013,6.531,-2.06,-12.359,MANEUVERING
55775.336,3411.472,506.849,6206.241,2.992,6.528,-2.097,-17.695,MANEUVERING
55775.336,3411.472,506.849,6206.241,2.992,6.528,-2.097,-17.695,SENSING
55775.336,3411.472,506.849,6206.241,2.992,6.528,-2.097,-17.695,TRAVELING
55775.336,3411.472,506.849,6206.241,2.992,6.528,-2.097,-17.695,SENSING
55775.336,3411.472,506.849,6206.241,2.992,6.528,-2.097,-17.695,LISTENING
55780.0,3425.382,537.266,6196.391,2.975,6.525,-2.129,-17.695,SENSING
55780.0,3425.382,537.266,6196.391,2.975,6.525,-2.129,-17.695,MEASURING
55780.0,3425.382,537.266,6196.391,2.975,6.525,-2.129,-17.695,MANEUVERING
55780.859,3427.934,542.864,6194.562,2.971,6.525,-2.135,-18.553,MANEUVERING
55780.859,3427.934,542.864,6194.562,2.971,6.525,-2.135,-18.553,SENSING
55780.859,3427.934,542.864,6194.562,2.971,6.525,-2.135,-18.553,TRAVELING
55970.0,3918.28,1757.018,5671.043,2.199,6.282,-3.384,-18.553,TRAVELING
55970.0,3918.28,1757.018,5671.043,2.199,6.282,-3.384,-18.553,SENSING
55970.0,3918.28,1757.018,5671.043,2.199,6.282,-3.384,-18.553,MEASURING
55970.0,3918.28,1757.018,5671.043,2.199,6.282,-3.384,-18.553,MANEUVERING
55974.946,3929.101,1788.042,5654.235,2.177,6.273,-3.415,-23.5,MANEUVERING
55974.946,3929.101,1788.042,5654.235,2.177,6.273,-3.415,-23.5,SENSING
55974.946,3929.101,1788.042,5654.235,2.177,6.273,-3.415,-23.5,TRAVELING
56110.0,4182.658,2613.609,5137.894,1.571,5.944,-4.222,-23.5,TRAVELING
56110.0,4182.658,2613.609,5137.894,1.571,5.944,-4.222,-23.5,SENSING
56110.0,4182.658,2613.609,5137.894,1.571,5.944,-4.222,-23.5,MEASURING
56110.0,4182.658,2613.609,5137.894,1.571,5.944,-4.222,-23.5,MANEUVERING
56113.992,4188.896,2637.29,5121.006,1.553,5.932,-4.244,-27.491,MANEUVERING
56113.992,4188.896,2637.29,5121.006,1.553,5.932,-4.244,-27.491,SENSING
56113.992,4188.896,2637.29,5121.006,1.553,5.932,-4.244,-27.491,TRAVELING
56150.0,4241.838,2848.764,4964.632,1.386,5.823,-4.445,-27.491,TRAVELING
56150.0,4241.838,2848.764,4964.632,1.386,5.823,-4.445,-27.491,SENSING
56150.0,4241.838,2848.764,4964.632,1.386,5.823,-4.445,-27.491,MEASURING
56150.0,4241.838,2848.764,4964.632,1.386,5.823,-4.445,-27.491,MANEUVERING
56151.034,4243.269,2854.776,4960.037,1.381,5.82,-4.45,-28.525,MANEUVERING
56151.034,4243.269,2854.776,4960.037,1.381,5.82,-4.45,-28.525,SENSING
56151.034,4243.269,2854.776,4960.037,1.381,5.82,-4.45,-28.525,TRAVELING
56160.0,4255.471,2906.784,4919.937,1.339,5.791,-4.499,-28.525,TRAVELING
56160.0,4255.471,2906.784,4919.937,1.339,5.791,-4.499,-28.525,SENSING
56160.0,4255.471,2906.784,4919.937,1.339,5.791,-4.499,-28.525,MEASURING
56160.0,4255.471,2906.784,4919.937,1.339,5.791,-4.499,-28.525,MANEUVERING
56162.919,4259.363,2923.662,4906.787,1.325,5.782,-4.515,-31.444,MANEUVERING
56162.919,4259.363,2923.662,4906.787,1.325,5.782,-4.515,-31.444,SENSING
56162.919,4259.363,2923.662,4906.787,1.325,5.782,-4.515,-31.444,TRAVELING
56190.0,4293.557,3078.898,4782.623,1.198,5.693,-4.659,-31.444,TRAVELING
56190.0,4293.557,3078.898,4782.623,1.198,5.693,-4.659,-31.444,SENSING
56190.0,4293.557,3078.898,4782.623,1.198,5.693,-4.659,-31.444,MEASURING
56190.0,4293.557,3078.898,4782.623,1.198,5.693,-4.659,-31.444,MANEUVERING
56223.697,4331.272,3268.576,4622.75,1.038,5.575,-4.834,2.252,MANEUVERING
56223.697,4331.272,3268.576,4622.75,1.038,5.575,-4.834,2.252,SENSING
56223.697,4331.272,3268.576,4622.75,1.038,5.575,-4.834,2.252,MESSAGING
56223.697,4331.272,3268.576,4622.75,1.038,5.575,-4.834,2.252,SENSING
56223.697,4331.272,3268.576,4622.75,1.038,5.575,-4.834,2.252,LISTENING
56250.297,4357.233,3415.441,4492.458,0.911,5.477,-4.967,2.252,SENSING
56250.297,4357.233,3415.441,4492.458,0.911,5.477,-4.967,2.252,TRAVELING
56270.0,4374.282,3522.514,4393.697,0.817,5.402,-5.063,2.252,TRAVELING
56270.0,4374.282,3522.514,4393.697,0.817,5.402,-5.063,2.252,SENSING
56270.0,4374.282,3522.514,4393.697,0.817,5.402,-5.063,2.252,TRAVELING
56287.344,4387.75,3615.53,4305.205,0.733,5.334,-5.146,2.252,TRAVELING
56287.344,4387.75,3615.53,4305.205,0.733,5.334,-5.146,2.252,SENSING
56287.344,4387.75,3615.53,4305.205,0.733,5.334,-5.146,2.252,TRAVELING
56300.0,4396.663,3682.649,4239.736,0.672,5.283,-5.205,2.252,TRAVELING
56300.0,4396.663,3682.649,4239.736,0.672,5.283,-5.205,2.252,SENSING
56300.0,4396.663,3682.649,4239.736,0.672,5.283,-5.205,2.252,TRAVELING
56310.78,4403.647,3739.308,4183.383,0.62,5.239,-5.255,2.252,TRAVELING
56310.78,4403.647,3739.308,4183.383,0.62,5.239,-5.255,2.252,SENSING
56310.78,4403.647,3739.308,4183.383,0.62,5.239,-5.255,2.252,TRAVELING
56540.0,4418.801,4820.471,2871.057,-0.492,4.159,-6.145,2.252,TRAVELING
56540.0,4418.801,4820.471,2871.057,-0.492,4.159,-6.145,2.252,SENSING
56540.0,4418.801,4820.471,2871.057,-0.492,4.159,-6.145,2.252,TRAVELING
56550.0,4413.664,4861.754,2809.478,-0.541,4.106,-6.177,2.252,TRAVELING
56550.0,4413.664,4861.754,2809.478,-0.541,4.106,-6.177,2.252,SENSING
56550.0,4413.664,4861.754,2809.478,-0.541,4.106,-6.177,2.252,TRAVELING
56582.167,4393.875,4990.923,2609.352,-0.696,3.933,-6.272,2.252,TRAVELING
56582.167,4393.875,4990.923,2609.352,-0.696,3.933,-6.272,2.252,SENSING
56582.167,4393.875,4990.923,2609.352,-0.696,3.933,-6.272,2.252,TRAVELING
56624.488,4360.285,5152.253,2341.594,-0.898,3.699,-6.386,2.252,TRAVELING
56624.488,4360.285,5152.253,2341.594,-0.898,3.699,-6.386,2.252,SENSING
56624.488,4360.285,5152.253,2341.594,-0.898,3.699,-6.386,2.252,TRAVELING
56800.0,4131.106,5710.663,1188.31,-1.713,2.655,-6.725,2.252,TRAVELING
56800.0,4131.106,5710.663,1188.31,-1.713,2.655,-6.725,2.252,SENSING
56800.0,4131.106,5710.663,1188.31,-1.713,2.655,-6.725,2.252,TRAVELING
56819.051,4097.725,5760.043,1060.021,-1.799,2.536,-6.749,2.252,TRAVELING
56819.051,4097.725,5760.043,1060.021,-1.799,2.536,-6.749,2.252,SENSING
56819.051,4097.725,5760.043,1060.021,-1.799,2.536,-6.749,2.252,TRAVELING
56863.915,4012.74,5867.294,756.348,-1.997,2.251,-6.793,2.252,TRAVELING
56863.915,4012.74,5867.294,756.348,-1.997,2.251,-6.793,2.252,SENSING
56863.915,4012.74,5867.294,756.348,-1.997,2.251,-6.793,2.252,TRAVELING
57240.0,2977.011,6244.844,-1789.625,-3.45,-0.265,-6.578,2.252,TRAVELING
57240.0,2977.011,6244.844,-1789.625,-3.45,-0.265,-6.578,2.252,SENSING
57240.0,2977.011,6244.844,-1789.625,-3.45,-0.265,-6.578,2.252,TRAVELING
57290.0,2800.812,6223.015,-2115.788,-3.607,-0.605,-6.472,2.252,TRAVELING
57290.0,2800.812,6223.015,-2115.788,-3.607,-0.605,-6.472,2.252,SENSING
57290.0,2800.812,6223.015,-2115.788,-3.607,-0.605,-6.472,2.252,TRAVELING
57301.772,2758.196,6215.404,-2191.776,-3.643,-0.685,-6.444,2.252,TRAVELING
57301.772,2758.196,6215.404,-2191.776,-3.643,-0.685,-6.444,2.252,SENSING
57301.772,2758.196,6215.404,-2191.776,-3.643,-0.685,-6.444,2.252,TRAVELING
57352.233,2570.882,6172.148,-2513.585,-3.79,-1.027,-6.314,2.252,TRAVELING
57352.233,2570.882,6172.148,-2513.585,-3.79,-1.027,-6.314,2.252,SENSING
57352.233,2570.882,6172.148,-2513.585,-3.79,-1.027,-6.314,2.252,TRAVELING
57850.0,429.823,4865.197,-5181.182,-4.629,-4.111,-4.162,2.252,TRAVELING
57850.0,429.823,4865.197,-5181.182,-4.629,-4.111,-4.162,2.252,SENSING
57850.0,429.823,4865.197,-5181.182,-4.629,-4.111,-4.162,2.252,TRAVELING
57862.906,370.111,4811.723,-5234.391,-4.634,-4.18,-4.088,2.252,TRAVELING
57862.906,370.111,4811.723,-5234.391,-4.634,-4.18,-4.088,2.252,SENSING
57862.906,370.111,4811.723,-5234.391,-4.634,-4.18,-4.088,2.252,TRAVELING
57870.0,337.26,4781.953,-5263.228,-4.637,-4.217,-4.047,2.252,TRAVELING
57870.0,337.26,4781.953,-5263.228,-4.637,-4.217,-4.047,2.252,SENSING
57870.0,337.26,4781.953,-5263.228,-4.637,-4.217,-4.047,2.252,TRAVELING
57870.549,334.714,4779.636,-5265.45,-4.637,-4.22,-4.043,2.252,TRAVELING
57870.549,334.714,4779.636,-5265.45,-4.637,-4.22,-4.043,2.252,SENSING
57870.549,334.714,4779.636,-5265.45,-4.637,-4.22,-4.043,2.252,TRAVELING
57930.0,58.828,4519.716,-5495.282,-4.651,-4.525,-3.69,2.252,TRAVELING
57930.0,58.828,4519.716,-5495.282,-4.651,-4.525,-3.69,2.252,SENSING
57930.0,58.828,4519.716,-5495.282,-4.651,-4.525,-3.69,2.252,TRAVELING
57931.404,52.304,4513.359,-5500.455,-4.651,-4.533,-3.681,2.252,TRAVELING
57931.404,52.304,4513.359,-5500.455,-4.651,-4.533,-3.681,2.252,SENSING
57931.404,52.304,4513.359,-5500.455,-4.651,-4.533,-3.681,2.252,TRAVELING
58200.0,-1181.224,3133.706,-6257.196,-4.482,-5.679,-1.916,2.252,TRAVELING
58200.0,-1181.224,3133.706,-6257.196,-4.482,-5.679,-1.916,2.252,SENSING
58200.0,-1181.224,3133.706,-6257.196,-4.482,-5.679,-1.916,2.252,TRAVELING
58217.492,-1259.345,3033.897,-6289.634,-4.458,-5.739,-1.794,2.252,TRAVELING
58217.492,-1259.345,3033.897,-6289.634,-4.458,-5.739,-1.794,2.252,SENSING
58217.492,-1259.345,3033.897,-6289.634,-4.458,-5.739,-1.794,2.252,TRAVELING
58252.977,-1416.477,2828.288,-6348.835,-4.405,-5.855,-1.544,2.252,TRAVELING
58252.977,-1416.477,2828.288,-6348.835,-4.405,-5.855,-1.544,2.252,SENSING
58252.977,-1416.477,2828.288,-6348.835,-4.405,-5.855,-1.544,2.252,TRAVELING
58300.0,-1621.616,2549.755,-6413.534,-4.325,-5.997,-1.209,2.252,TRAVELING
58300.0,-1621.616,2549.755,-6413.534,-4.325,-5.997,-1.209,2.252,SENSING
58300.0,-1621.616,2549.755,-6413.534,-4.325,-5.997,-1.209,2.252,TRAVELING
58302.782,-1633.633,2533.073,-6416.867,-4.32,-6.004,-1.189,2.252,TRAVELING
58302.782,-1633.633,2533.073,-6416.867,-4.32,-6.004,-1.189,2.252,SENSING
58302.782,-1633.633,2533.073,-6416.867,-4.32,-6.004,-1.189,2.252,TRAVELING
58323.328,-1721.935,2409.201,-6439.761,-4.282,-6.061,-1.041,2.252,TRAVELING
58323.328,-1721.935,2409.201,-6439.761,-4.282,-6.061,-1.041,2.252,SENSING
58323.328,-1721.935,2409.201,-6439.761,-4.282,-6.061,-1.041,2.252,TRAVELING
58890.0,-3701.979,-1241.184,-5865.948,-2.493,-6.442,3.018,2.252,TRAVELING
58890.0,-3701.979,-1241.184,-5865.948,-2.493,-6.442,3.018,2.252,SENSING
58890.0,-3701.979,-1241.184,-5865.948,-2.493,-6.442,3.018,2.252,TRAVELING
58916.096,-3765.582,-1408.648,-5784.978,-2.382,-6.402,3.191,2.252,TRAVELING
58916.096,-3765.582,-1408.648,-5784.978,-2.382,-6.402,3.191,2.252,SENSING
58916.096,-3765.582,-1408.648,-5784.978,-2.382,-6.402,3.191,2.252,TRAVELING
58930.277,-3798.925,-1499.199,-5739.093,-2.321,-6.379,3.284,2.252,TRAVELING
58930.277,-3798.925,-1499.199,-5739.093,-2.321,-6.379,3.284,2.252,SENSING
58930.277,-3798.925,-1499.199,-5739.093,-2.321,-6.379,3.284,2.252,TRAVELING
59870.0,-3863.451,-5826.261,-481.246,2.212,-2.036,6.958,2.252,TRAVELING
59870.0,-3863.451,-5826.261,-481.246,2.212,-2.036,6.958,2.252,SENSING
59870.0,-3863.451,-5826.261,-481.246,2.212,-2.036,6.958,2.252,TRAVELING
59898.414,-3798.926,-5881.285,-283.448,2.338,-1.843,6.971,2.252,TRAVELING
59898.414,-3798.926,-5881.285,-283.448,2.338,-1.843,6.971,2.252,SENSING
59898.414,-3798.926,-5881.285,-283.448,2.338,-1.843,6.971,2.252,TRAVELING
59908.171,-3775.947,-5898.915,-215.457,2.381,-1.777,6.973,2.252,TRAVELING
59908.171,-3775.947,-5898.915,-215.457,2.381,-1.777,6.973,2.252,SENSING
59908.171,-3775.947,-5898.915,-215.457,2.381,-1.777,6.973,2.252,TRAVELING
60340.0,-2386.291,-6012.99,2710.122,3.948,1.253,6.339,2.252,TRAVELING
60340.0,-2386.291,-6012.99,2710.122,3.948,1.253,6.339,2.252,SENSING
60340.0,-2386.291,-6012.99,2710.122,3.948,1.253,6.339,2.252,TRAVELING
60364.32,-2289.591,-5980.463,2863.268,4.014,1.421,6.261,2.252,TRAVELING
60364.32,-2289.591,-5980.463,2863.268,4.014,1.421,6.261,2.252,SENSING
60364.32,-2289.591,-5980.463,2863.268,4.014,1.421,6.261,2.252,TRAVELING
60364.682,-2288.139,-5979.948,2865.534,4.015,1.423,6.26,2.252,TRAVELING
60364.682,-2288.139,-5979.948,2865.534,4.015,1.423,6.26,2.252,SENSING
60364.682,-2288.139,-5979.948,2865.534,4.015,1.423,6.26,2.252,TRAVELING
60367.004,-2278.821,-5976.623,2880.052,4.021,1.439,6.252,2.252,TRAVELING
60367.004,-2278.821,-5976.623,2880.052,4.021,1.439,6.252,2.252,SENSING
60367.004,-2278.821,-5976.623,2880.052,4.021,1.439,6.252,2.252,TRAVELING
60429.388,-2023.364,-5873.461,3263.13,4.176,1.866,6.031,2.252,TRAVELING
60429.388,-2023.364,-5873.461,3263.13,4.176,1.866,6.031,2.252,SENSING
60429.388,-2023.364,-5873.461,3263.13,4.176,1.866,6.031,2.252,TRAVELING
60440.0,-1978.975,-5853.28,3326.881,4.201,1.938,5.991,2.252,TRAVELING
60440.0,-1978.975,-5853.28,3326.881,4.201,1.938,5.991,2.252,SENSING
60440.0,-1978.975,-5853.28,3326.881,4.201,1.938,5.991,2.252,TRAVELING
60460.069,-1894.329,-5813.039,3446.261,4.245,2.072,5.912,2.252,TRAVELING
60460.069,-1894.329,-5813.039,3446.261,4.245,2.072,5.912,2.252,SENSING
60460.069,-1894.329,-5813.039,3446.261,4.245,2.072,5.912,2.252,TRAVELING
60470.0,-1852.112,-5792.127,3504.751,4.267,2.139,5.872,2.252,TRAVELING
60470.0,-1852.112,-5792.127,3504.751,4.267,2.139,5.872,2.252,SENSING
60470.0,-1852.112,-5792.127,3504.751,4.267,2.139,5.872,2.252,TRAVELING
60483.283,-1795.321,-5763.132,3582.354,4.295,2.227,5.818,2.252,TRAVELING
60483.283,-1795.321,-5763.132,3582.354,4.295,2.227,5.818,2.252,SENSING
60483.283,-1795.321,-5763.132,3582.354,4.295,2.227,5.818,2.252,TRAVELING
60484.323,-1790.858,-5760.812,3588.401,4.297,2.234,5.814,2.252,TRAVELING
60484.323,-1790.858,-5760.812,3588.401,4.297,2.234,5.814,2.252,SENSING
60484.323,-1790.858,-5760.812,3588.401,4.297,2.234,5.814,2.252,TRAVELING
60490.0,-1766.461,-5748.022,3621.324,4.309,2.272,5.79,2.252,TRAVELING
60490.0,-1766.461,-5748.022,3621.324,4.309,2.272,5.79,2.252,SENSING
60490.0,-1766.461,-5748.022,3621.324,4.309,2.272,5.79,2.252,TRAVELING
60495.799,-1741.473,-5734.739,3654.813,4.32,2.31,5.766,2.252,TRAVELING
60495.799,-1741.473,-5734.739,3654.813,4.32,2.31,5.766,2.252,SENSING
60495.799,-1741.473,-5734.739,3654.813,4.32,2.31,5.766,2.252,TRAVELING
60495.941,-1740.859,-5734.41,3655.634,4.321,2.311,5.765,2.252,TRAVELING
60495.941,-1740.859,-5734.41,3655.634,4.321,2.311,5.765,2.252,SENSING
60495.941,-1740.859,-5734.41,3655.634,4.321,2.311,5.765,2.252,TRAVELING
60730.0,-686.786,-5019.747,4875.819,4.649,3.764,4.612,2.252,TRAVELING
60730.0,-686.786,-5019.747,4875.819,4.649,3.764,4.612,2.252,SENSING
60730.0,-686.786,-5019.747,4875.819,4.649,3.764,4.612,2.252,TRAVELING
60730.757,-683.272,-5016.898,4879.305,4.65,3.769,4.608,2.252,TRAVELING
60730.757,-683.272,-5016.898,4879.305,4.65,3.769,4.608,2.252,SENSING
60730.757,-683.272,-5016.898,4879.305,4.65,3.769,4.608,2.252,TRAVELING
60790.0,-406.906,-4783.814,5142.188,4.687,4.101,4.268,2.252,TRAVELING
60790.0,-406.906,-4783.814,5142.188,4.687,4.101,4.268,2.252,SENSING
60790.0,-406.906,-4783.814,5142.188,4.687,4.101,4.268,2.252,TRAVELING
60818.352,-273.993,-4665.418,5260.757,4.698,4.254,4.099,2.252,TRAVELING
60818.352,-273.993,-4665.418,5260.757,4.698,4.254,4.099,2.252,SENSING
60818.352,-273.993,-4665.418,5260.757,4.698,4.254,4.099,2.252,LISTENING
60820.0,-266.26,-4658.405,5267.5,4.699,4.263,4.09,2.252,SENSING
60820.0,-266.26,-4658.405,5267.5,4.699,4.263,4.09,2.252,MEASURING
60820.0,-266.26,-4658.405,5267.5,4.699,4.263,4.09,2.252,MANEUVERING
60820.924,-261.924,-4654.467,5271.273,4.699,4.268,4.084,1.329,MANEUVERING
60820.924,-261.924,-4654.467,5271.273,4.699,4.268,4.084,1.329,SENSING
60820.924,-261.924,-4654.467,5271.273,4.699,4.268,4.084,1.329,LISTENING
60830.414,-217.366,-4613.747,5309.738,4.702,4.318,4.027,1.329,SENSING
60830.414,-217.366,-4613.747,5309.738,4.702,4.318,4.027,1.329,LISTENING
60833.232,-204.13,-4601.565,5321.054,4.702,4.333,4.009,1.329,SENSING
60833.232,-204.13,-4601.565,5321.054,4.702,4.333,4.009,1.329,LISTENING
60837.504,-184.061,-4583.016,5338.119,4.703,4.355,3.983,1.329,SENSING
60837.504,-184.061,-4583.016,5338.119,4.703,4.355,3.983,1.329,TRAVELING
60840.0,-172.332,-4572.132,5348.039,4.704,4.368,3.968,1.329,TRAVELING
60840.0,-172.332,-4572.132,5348.039,4.704,4.368,3.968,1.329,SENSING
60840.0,-172.332,-4572.132,5348.039,4.704,4.368,3.968,1.329,TRAVELING
60850.531,-122.84,-4525.865,5389.467,4.705,4.423,3.904,1.329,TRAVELING
60850.531,-122.84,-4525.865,5389.467,4.705,4.423,3.904,1.329,SENSING
60850.531,-122.84,-4525.865,5389.467,4.705,4.423,3.904,1.329,TRAVELING
60850.585,-122.586,-4525.626,5389.677,4.705,4.423,3.903,1.329,TRAVELING
60850.585,-122.586,-4525.626,5389.677,4.705,4.423,3.903,1.329,SENSING
60850.585,-122.586,-4525.626,5389.677,4.705,4.423,3.903,1.329,TRAVELING
61750.0,3545.946,790.844,6104.067,2.838,6.486,-2.408,1.329,TRAVELING
61750.0,3545.946,790.844,6104.067,2.838,6.486,-2.408,1.329,SENSING
61750.0,3545.946,790.844,6104.067,2.838,6.486,-2.408,1.329,MEASURING
61750.0,3545.946,790.844,6104.067,2.838,6.486,-2.408,1.329,MANEUVERING
61766.934,3593.42,900.45,6062.347,2.771,6.47,-2.522,-15.606,MANEUVERING
61766.934,3593.42,900.45,6062.347,2.771,6.47,-2.522,-15.606,SENSING
61766.934,3593.42,900.45,6062.347,2.771,6.47,-2.522,-15.606,LISTENING
61772.026,3607.471,933.35,6049.425,2.75,6.464,-2.556,-15.606,SENSING
61772.026,3607.471,933.35,6049.425,2.75,6.464,-2.556,-15.606,TRAVELING
62010.0,4142.603,2425.245,5258.967,1.725,6.02,-4.054,-15.606,TRAVELING
62010.0,4142.603,2425.245,5258.967,1.725,6.02,-4.054,-15.606,SENSING
62010.0,4142.603,2425.245,5258.967,1.725,6.02,-4.054,-15.606,MEASURING
62010.0,4142.603,2425.245,5258.967,1.725,6.02,-4.054,-15.606,MANEUVERING
62015.212,4151.534,2456.554,5237.771,1.701,6.006,-4.084,-10.394,MANEUVERING
62015.212,4151.534,2456.554,5237.771,1.701,6.006,-4.084,-10.394,SENSING
62015.212,4151.534,2456.554,5237.771,1.701,6.006,-4.084,-10.394,MESSAGING
62015.212,4151.534,2456.554,5237.771,1.701,6.006,-4.084,-10.394,SENSING
62015.212,4151.534,2456.554,5237.771,1.701,6.006,-4.084,-10.394,LISTENING
62019.417,4158.65,2481.764,5220.553,1.682,5.994,-4.108,-10.394,SENSING
62019.417,4158.65,2481.764,5220.553,1.682,5.994,-4.108,-10.394,TRAVELING
62040.0,4192.306,2604.437,5134.822,1.587,5.936,-4.226,-10.394,TRAVELING
62040.0,4192.306,2604.437,5134.822,1.587,5.936,-4.226,-10.394,SENSING
62040.0,4192.306,2604.437,5134.822,1.587,5.936,-4.226,-10.394,MEASURING
62040.0,4192.306,2604.437,5134.822,1.587,5.936,-4.226,-10.394,MANEUVERING
62040.606,4193.267,2608.028,5132.263,1.584,5.935,-4.229,-9.788,MANEUVERING
62040.606,4193.267,2608.028,5132.263,1.584,5.935,-4.229,-9.788,SENSING
62040.606,4193.267,2608.028,5132.263,1.584,5.935,-4.229,-9.788,MANEUVERING
62040.659,4193.352,2608.346,5132.036,1.584,5.934,-4.23,-9.734,MANEUVERING
62040.659,4193.352,2608.346,5132.036,1.584,5.934,-4.23,-9.734,SENSING
62040.659,4193.352,2608.346,5132.036,1.584,5.934,-4.23,-9.734,LISTENING
62040.685,4193.392,2608.497,5131.929,1.584,5.934,-4.23,-9.734,SENSING
62040.685,4193.392,2608.497,5131.929,1.584,5.934,-4.23,-9.734,TRAVELING
62074.809,4244.769,2809.099,4984.404,1.425,5.832,-4.42,-9.734,TRAVELING
62074.809,4244.769,2809.099,4984.404,1.425,5.832,-4.42,-9.734,SENSING
62074.809,4244.769,2809.099,4984.404,1.425,5.832,-4.42,-9.734,TRAVELING
62420.0,4451.986,4595.096,3169.746,-0.24,4.414,-5.983,-9.734,TRAVELING
62420.0,4451.986,4595.096,3169.746,-0.24,4.414,-5.983,-9.734,SENSING
62420.0,4451.986,4595.096,3169.746,-0.24,4.414,-5.983,-9.734,TRAVELING
62421.424,4451.643,4601.37,3161.228,-0.247,4.407,-5.988,-9.734,TRAVELING
62421.424,4451.643,4601.37,3161.228,-0.247,4.407,-5.988,-9.734,SENSING
62421.424,4451.643,4601.37,3161.228,-0.247,4.407,-5.988,-9.734,TRAVELING
62453.442,4441.343,4739.716,2967.884,-0.402,4.243,-6.095,-9.734,TRAVELING
62453.442,4441.343,4739.716,2967.884,-0.402,4.243,-6.095,-9.734,SENSING
62453.442,4441.343,4739.716,2967.884,-0.402,4.243,-6.095,-9.734,TRAVELING
62530.0,4396.59,5048.714,2492.504,-0.772,3.834,-6.324,-9.734,TRAVELING
62530.0,4396.59,5048.714,2492.504,-0.772,3.834,-6.324,-9.734,SENSING
62530.0,4396.59,5048.714,2492.504,-0.772,3.834,-6.324,-9.734,TRAVELING
62540.0,4388.66,5086.729,2429.166,-0.82,3.778,-6.35,-9.734,TRAVELING
62540.0,4388.66,5086.729,2429.166,-0.82,3.778,-6.35,-9.734,SENSING
62540.0,4388.66,5086.729,2429.166,-0.82,3.778,-6.35,-9.734,TRAVELING
62570.0,4362.001,5197.427,2237.588,-0.963,3.61,-6.427,-9.734,TRAVELING
62570.0,4362.001,5197.427,2237.588,-0.963,3.61,-6.427,-9.734,SENSING
62570.0,4362.001,5197.427,2237.588,-0.963,3.61,-6.427,-9.734,TRAVELING
62630.0,4295.868,5403.402,1848.028,-1.247,3.262,-6.561,-9.734,TRAVELING
62630.0,4295.868,5403.402,1848.028,-1.247,3.262,-6.561,-9.734,SENSING
62630.0,4295.868,5403.402,1848.028,-1.247,3.262,-6.561,-9.734,TRAVELING
62662.057,4253.606,5504.805,1636.818,-1.397,3.071,-6.622,-9.734,TRAVELING
62662.057,4253.606,5504.805,1636.818,-1.397,3.071,-6.622,-9.734,SENSING
62662.057,4253.606,5504.805,1636.818,-1.397,3.071,-6.622,-9.734,TRAVELING
62662.485,4253.01,5506.116,1633.987,-1.399,3.069,-6.623,-9.734,TRAVELING
62662.485,4253.01,5506.116,1633.987,-1.399,3.069,-6.623,-9.734,SENSING
62662.485,4253.01,5506.116,1633.987,-1.399,3.069,-6.623,-9.734,TRAVELING
62770.0,4076.588,5800.292,913.532,-1.888,2.405,-6.772,-9.734,TRAVELING
62770.0,4076.588,5800.292,913.532,-1.888,2.405,-6.772,-9.734,SENSING
62770.0,4076.588,5800.292,913.532,-1.888,2.405,-6.772,-9.734,TRAVELING
62780.0,4057.532,5823.992,845.797,-1.932,2.342,-6.782,-9.734,TRAVELING
62780.0,4057.532,5823.992,845.797,-1.932,2.342,-6.782,-9.734,SENSING
62780.0,4057.532,5823.992,845.797,-1.932,2.342,-6.782,-9.734,TRAVELING
62800.0,4018.096,5869.485,710.057,-2.02,2.214,-6.799,-9.734,TRAVELING
62800.0,4018.096,5869.485,710.057,-2.02,2.214,-6.799,-9.734,SENSING
62800.0,4018.096,5869.485,710.057,-2.02,2.214,-6.799,-9.734,TRAVELING
62810.0,3997.721,5891.273,642.067,-2.064,2.15,-6.806,-9.734,TRAVELING
62810.0,3997.721,5891.273,642.067,-2.064,2.15,-6.806,-9.734,SENSING
62810.0,3997.721,5891.273,642.067,-2.064,2.15,-6.806,-9.734,TRAVELING
62820.0,3976.91,5912.42,574.008,-2.107,2.086,-6.813,-9.734,TRAVELING
62820.0,3976.91,5912.42,574.008,-2.107,2.086,-6.813,-9.734,SENSING
62820.0,3976.91,5912.42,574.008,-2.107,2.086,-6.813,-9.734,TRAVELING
62830.0,3955.665,5932.922,505.886,-2.15,2.021,-6.819,-9.734,TRAVELING
62830.0,3955.665,5932.922,505.886,-2.15,2.021,-6.819,-9.734,SENSING
62830.0,3955.665,5932.922,505.886,-2.15,2.021,-6.819,-9.734,TRAVELING
62840.0,3933.99,5952.778,437.708,-2.193,1.956,-6.824,-9.734,TRAVELING
62840.0,3933.99,5952.778,437.708,-2.193,1.956,-6.824,-9.734,SENSING
62840.0,3933.99,5952.778,437.708,-2.193,1.956,-6.824,-9.734,TRAVELING
62850.0,3911.886,5971.985,369.483,-2.236,1.891,-6.828,-9.734,TRAVELING
62850.0,3911.886,5971.985,369.483,-2.236,1.891,-6.828,-9.734,SENSING
62850.0,3911.886,5971.985,369.483,-2.236,1.891,-6.828,-9.734,TRAVELING
62860.0,3889.356,5990.541,301.218,-2.279,1.826,-6.832,-9.734,TRAVELING
62860.0,3889.356,5990.541,301.218,-2.279,1.826,-6.832,-9.734,SENSING
62860.0,3889.356,5990.541,301.218,-2.279,1.826,-6.832,-9.734,TRAVELING
62870.0,3866.402,6008.445,232.92,-2.321,1.761,-6.835,-9.734,TRAVELING
62870.0,3866.402,6008.445,232.92,-2.321,1.761,-6.835,-9.734,SENSING
62870.0,3866.402,6008.445,232.92,-2.321,1.761,-6.835,-9.734,TRAVELING
62880.0,3843.027,6025.695,164.596,-2.363,1.695,-6.837,-9.734,TRAVELING
62880.0,3843.027,6025.695,164.596,-2.363,1.695,-6.837,-9.734,SENSING
62880.0,3843.027,6025.695,164.596,-2.363,1.695,-6.837,-9.734,TRAVELING
62886.43,3827.777,6036.438,120.658,-2.39,1.653,-6.838,-9.734,TRAVELING
62886.43,3827.777,6036.438,120.658,-2.39,1.653,-6.838,-9.734,SENSING
62886.43,3827.777,6036.438,120.658,-2.39,1.653,-6.838,-9.734,TRAVELING
62917.681,3751.208,6084.78,-92.955,-2.519,1.446,-6.838,-9.734,TRAVELING
62917.681,3751.208,6084.78,-92.955,-2.519,1.446,-6.838,-9.734,SENSING
62917.681,3751.208,6084.78,-92.955,-2.519,1.446,-6.838,-9.734,TRAVELING
63430.0,1999.405,5939.468,-3416.761,-4.167,-2.0,-5.832,-9.734,TRAVELING
63430.0,1999.405,5939.468,-3416.761,-4.167,-2.0,-5.832,-9.734,SENSING
63430.0,1999.405,5939.468,-3416.761,-4.167,-2.0,-5.832,-9.734,TRAVELING
63444.8,1937.573,5909.162,-3502.611,-4.199,-2.096,-5.775,-9.734,TRAVELING
63444.8,1937.573,5909.162,-3502.611,-4.199,-2.096,-5.775,-9.734,SENSING
63444.8,1937.573,5909.162,-3502.611,-4.199,-2.096,-5.775,-9.734,TRAVELING
63477.084,1801.099,5838.15,-3686.935,-4.265,-2.303,-5.648,-9.734,TRAVELING
63477.084,1801.099,5838.15,-3686.935,-4.265,-2.303,-5.648,-9.734,SENSING
63477.084,1801.099,5838.15,-3686.935,-4.265,-2.303,-5.648,-9.734,TRAVELING
63710.0,765.283,5134.205,-4879.585,-4.596,-3.714,-4.546,-9.734,TRAVELING
63710.0,765.283,5134.205,-4879.585,-4.596,-3.714,-4.546,-9.734,SENSING
63710.0,765.283,5134.205,-4879.585,-4.596,-3.714,-4.546,-9.734,TRAVELING
63860.0,70.028,4516.133,-5497.959,-4.665,-4.514,-3.685,-9.734,TRAVELING
63860.0,70.028,4516.133,-5497.959,-4.665,-4.514,-3.685,-9.734,SENSING
63860.0,70.028,4516.133,-5497.959,-4.665,-4.514,-3.685,-9.734,TRAVELING
63891.667,-77.57,4370.779,-5611.535,-4.665,-4.67,-3.491,-9.734,TRAVELING
63891.667,-77.57,4370.779,-5611.535,-4.665,-4.67,-3.491,-9.734,SENSING
63891.667,-77.57,4370.779,-5611.535,-4.665,-4.67,-3.491,-9.734,TRAVELING
64340.0,-2081.995,1876.902,-6503.0,-4.116,-6.257,-0.407,-9.734,TRAVELING
64340.0,-2081.995,1876.902,-6503.0,-4.116,-6.257,-0.407,-9.734,SENSING
64340.0,-2081.995,1876.902,-6503.0,-4.116,-6.257,-0.407,-9.734,TRAVELING
64358.13,-2156.172,1763.194,-6509.17,-4.073,-6.294,-0.274,-9.734,TRAVELING
64358.13,-2156.172,1763.194,-6509.17,-4.073,-6.294,-0.274,-9.734,SENSING
64358.13,-2156.172,1763.194,-6509.17,-4.073,-6.294,-0.274,-9.734,TRAVELING
64379.89,-2244.148,1625.872,-6513.407,-4.019,-6.336,-0.115,-9.734,TRAVELING
64379.89,-2244.148,1625.872,-6513.407,-4.019,-6.336,-0.115,-9.734,SENSING
64379.89,-2244.148,1625.872,-6513.407,-4.019,-6.336,-0.115,-9.734,TRAVELING
64520.0,-2780.129,724.183,-6457.729,-3.623,-6.521,0.91,-9.734,TRAVELING
64520.0,-2780.129,724.183,-6457.729,-3.623,-6.521,0.91,-9.734,SENSING
64520.0,-2780.129,724.183,-6457.729,-3.623,-6.521,0.91,-9.734,TRAVELING
64524.516,-2796.445,694.75,-6453.549,-3.608,-6.525,0.943,-9.734,TRAVELING
64524.516,-2796.445,694.75,-6453.549,-3.608,-6.525,0.943,-9.734,SENSING
64524.516,-2796.445,694.75,-6453.549,-3.608,-6.525,0.943,-9.734,TRAVELING
64560.0,-2922.394,462.96,-6415.543,-3.494,-6.548,1.2,-9.734,TRAVELING
64560.0,-2922.394,462.96,-6415.543,-3.494,-6.548,1.2,-9.734,SENSING
64560.0,-2922.394,462.96,-6415.543,-3.494,-6.548,1.2,-9.734,TRAVELING
64570.0,-2957.148,397.507,-6403.183,-3.461,-6.553,1.273,-9.734,TRAVELING
64570.0,-2957.148,397.507,-6403.183,-3.461,-6.553,1.273,-9.734,SENSING
64570.0,-2957.148,397.507,-6403.183,-3.461,-6.553,1.273,-9.734,TRAVELING
64571.823,-2963.448,385.569,-6400.852,-3.455,-6.554,1.286,-9.734,TRAVELING
64571.823,-2963.448,385.569,-6400.852,-3.455,-6.554,1.286,-9.734,SENSING
64571.823,-2963.448,385.569,-6400.852,-3.455,-6.554,1.286,-9.734,TRAVELING
64581.565,-2996.923,321.757,-6387.987,-3.422,-6.557,1.356,-9.734,TRAVELING
64581.565,-2996.923,321.757,-6387.987,-3.422,-6.557,1.356,-9.734,SENSING
64581.565,-2996.923,321.757,-6387.987,-3.422,-6.557,1.356,-9.734,TRAVELING
64600.0,-3059.393,200.908,-6361.768,-3.359,-6.563,1.489,-9.734,TRAVELING
64600.0,-3059.393,200.908,-6361.768,-3.359,-6.563,1.489,-9.734,SENSING
64600.0,-3059.393,200.908,-6361.768,-3.359,-6.563,1.489,-9.734,TRAVELING
64600.812,-3062.116,195.585,-6360.558,-3.356,-6.563,1.495,-9.734,TRAVELING
64600.812,-3062.116,195.585,-6360.558,-3.356,-6.563,1.495,-9.734,SENSING
64600.812,-3062.116,195.585,-6360.558,-3.356,-6.563,1.495,-9.734,TRAVELING
64610.754,-3095.293,130.374,-6345.344,-3.321,-6.565,1.567,-9.734,TRAVELING
64610.754,-3095.293,130.374,-6345.344,-3.321,-6.565,1.567,-9.734,SENSING
64610.754,-3095.293,130.374,-6345.344,-3.321,-6.565,1.567,-9.734,TRAVELING
64621.609,-3131.121,59.162,-6327.925,-3.283,-6.566,1.644,-9.734,TRAVELING
64621.609,-3131.121,59.162,-6327.925,-3.283,-6.566,1.644,-9.734,SENSING
64621.609,-3131.121,59.162,-6327.925,-3.283,-6.566,1.644,-9.734,TRAVELING
64810.0,-3682.537,-1169.694,-5893.489,-2.553,-6.446,2.956,-9.734,TRAVELING
64810.0,-3682.537,-1169.694,-5893.489,-2.553,-6.446,2.956,-9.734,SENSING
64810.0,-3682.537,-1169.694,-5893.489,-2.553,-6.446,2.956,-9.734,TRAVELING
64820.0,-3707.848,-1234.037,-5863.613,-2.511,-6.433,3.023,-9.734,TRAVELING
64820.0,-3707.848,-1234.037,-5863.613,-2.511,-6.433,3.023,-9.734,SENSING
64820.0,-3707.848,-1234.037,-5863.613,-2.511,-6.433,3.023,-9.734,TRAVELING
64830.0,-3732.739,-1298.239,-5833.069,-2.468,-6.418,3.089,-9.734,TRAVELING
64830.0,-3732.739,-1298.239,-5833.069,-2.468,-6.418,3.089,-9.734,SENSING
64830.0,-3732.739,-1298.239,-5833.069,-2.468,-6.418,3.089,-9.734,TRAVELING
64855.627,-3794.582,-1462.076,-5751.771,-2.359,-6.378,3.258,-9.734,TRAVELING
64855.627,-3794.582,-1462.076,-5751.771,-2.359,-6.378,3.258,-9.734,SENSING
64855.627,-3794.582,-1462.076,-5751.771,-2.359,-6.378,3.258,-9.734,TRAVELING
64859.338,-3803.304,-1485.714,-5739.64,-2.343,-6.372,3.283,-9.734,TRAVELING
64859.338,-3803.304,-1485.714,-5739.64,-2.343,-6.372,3.283,-9.734,SENSING
64859.338,-3803.304,-1485.714,-5739.64,-2.343,-6.372,3.283,-9.734,TRAVELING
64860.0,-3804.853,-1489.927,-5737.468,-2.34,-6.371,3.287,-9.734,TRAVELING
64860.0,-3804.853,-1489.927,-5737.468,-2.34,-6.371,3.287,-9.734,SENSING
64860.0,-3804.853,-1489.927,-5737.468,-2.34,-6.371,3.287,-9.734,TRAVELING
64870.0,-3828.029,-1553.492,-5704.288,-2.296,-6.353,3.352,-9.734,TRAVELING
64870.0,-3828.029,-1553.492,-5704.288,-2.296,-6.353,3.352,-9.734,SENSING
64870.0,-3828.029,-1553.492,-5704.288,-2.296,-6.353,3.352,-9.734,TRAVELING
64880.0,-3850.769,-1616.881,-5670.459,-2.252,-6.335,3.417,-9.734,TRAVELING
64880.0,-3850.769,-1616.881,-5670.459,-2.252,-6.335,3.417,-9.734,SENSING
64880.0,-3850.769,-1616.881,-5670.459,-2.252,-6.335,3.417,-9.734,TRAVELING
64890.0,-3873.071,-1680.085,-5635.983,-2.208,-6.316,3.482,-9.734,TRAVELING
64890.0,-3873.071,-1680.085,-5635.983,-2.208,-6.316,3.482,-9.734,SENSING
64890.0,-3873.071,-1680.085,-5635.983,-2.208,-6.316,3.482,-9.734,TRAVELING
64900.0,-3894.933,-1743.097,-5600.865,-2.164,-6.297,3.546,-9.734,TRAVELING
64900.0,-3894.933,-1743.097,-5600.865,-2.164,-6.297,3.546,-9.734,SENSING
64900.0,-3894.933,-1743.097,-5600.865,-2.164,-6.297,3.546,-9.734,TRAVELING
64910.0,-3916.35,-1805.91,-5565.107,-2.12,-6.276,3.609,-9.734,TRAVELING
64910.0,-3916.35,-1805.91,-5565.107,-2.12,-6.276,3.609,-9.734,SENSING
64910.0,-3916.35,-1805.91,-5565.107,-2.12,-6.276,3.609,-9.734,TRAVELING
64920.0,-3937.322,-1868.516,-5528.715,-2.075,-6.255,3.673,-9.734,TRAVELING
64920.0,-3937.322,-1868.516,-5528.715,-2.075,-6.255,3.673,-9.734,SENSING
64920.0,-3937.322,-1868.516,-5528.715,-2.075,-6.255,3.673,-9.734,TRAVELING
64930.0,-3957.845,-1930.91,-5491.692,-2.03,-6.234,3.736,-9.734,TRAVELING
64930.0,-3957.845,-1930.91,-5491.692,-2.03,-6.234,3.736,-9.734,SENSING
64930.0,-3957.845,-1930.91,-5491.692,-2.03,-6.234,3.736,-9.734,TRAVELING
64940.0,-3977.917,-1993.082,-5454.042,-1.984,-6.211,3.798,-9.734,TRAVELING
64940.0,-3977.917,-1993.082,-5454.042,-1.984,-6.211,3.798,-9.734,SENSING
64940.0,-3977.917,-1993.082,-5454.042,-1.984,-6.211,3.798,-9.734,TRAVELING
64958.407,-4013.676,-2106.924,-5383.113,-1.9,-6.168,3.912,-9.734,TRAVELING
64958.407,-4013.676,-2106.924,-5383.113,-1.9,-6.168,3.912,-9.734,SENSING
64958.407,-4013.676,-2106.924,-5383.113,-1.9,-6.168,3.912,-9.734,TRAVELING
64985.232,-4063.006,-2271.353,-5276.024,-1.777,-6.101,4.076,-9.734,TRAVELING
64985.232,-4063.006,-2271.353,-5276.024,-1.777,-6.101,4.076,-9.734,SENSING
64985.232,-4063.006,-2271.353,-5276.024,-1.777,-6.101,4.076,-9.734,TRAVELING
65360.0,-4388.853,-4314.362,-3370.926,0.066,-4.663,5.962,-9.734,TRAVELING
65360.0,-4388.853,-4314.362,-3370.926,0.066,-4.663,5.962,-9.734,SENSING
65360.0,-4388.853,-4314.362,-3370.926,0.066,-4.663,5.962,-9.734,TRAVELING
65414.967,-4377.698,-4562.763,-3037.707,0.344,-4.382,6.165,-9.734,TRAVELING
65414.967,-4377.698,-4562.763,-3037.707,0.344,-4.382,6.165,-9.734,SENSING
65414.967,-4377.698,-4562.763,-3037.707,0.344,-4.382,6.165,-9.734,TRAVELING
65427.509,-4373.016,-4617.244,-2960.152,0.408,-4.315,6.209,-9.734,TRAVELING
65427.509,-4373.016,-4617.244,-2960.152,0.408,-4.315,6.209,-9.734,SENSING
65427.509,-4373.016,-4617.244,-2960.152,0.408,-4.315,6.209,-9.734,TRAVELING
66350.0,-2078.325,-5882.629,3211.023,4.162,1.794,6.063,-9.734,TRAVELING
66350.0,-2078.325,-5882.629,3211.023,4.162,1.794,6.063,-9.734,SENSING
66350.0,-2078.325,-5882.629,3211.023,4.162,1.794,6.063,-9.734,TRAVELING
66400.0,-1867.616,-5784.503,3509.253,4.275,2.13,5.869,-9.734,TRAVELING
66400.0,-1867.616,-5784.503,3509.253,4.275,2.13,5.869,-9.734,SENSING
66400.0,-1867.616,-5784.503,3509.253,4.275,2.13,5.869,-9.734,TRAVELING
66409.687,-1826.15,-5763.557,3565.891,4.296,2.194,5.83,-9.734,TRAVELING
66409.687,-1826.15,-5763.557,3565.891,4.296,2.194,5.83,-9.734,SENSING
66409.687,-1826.15,-5763.557,3565.891,4.296,2.194,5.83,-9.734,TRAVELING
66460.0,-1607.716,-5644.818,3853.722,4.396,2.525,5.615,-9.734,TRAVELING
66460.0,-1607.716,-5644.818,3853.722,4.396,2.525,5.615,-9.734,SENSING
66460.0,-1607.716,-5644.818,3853.722,4.396,2.525,5.615,-9.734,TRAVELING
66470.0,-1563.721,-5619.249,3909.62,4.414,2.59,5.57,-9.734,TRAVELING
66470.0,-1563.721,-5619.249,3909.62,4.414,2.59,5.57,-9.734,SENSING
66470.0,-1563.721,-5619.249,3909.62,4.414,2.59,5.57,-9.734,TRAVELING
66485.874,-1493.517,-5577.337,3997.426,4.442,2.692,5.498,-9.734,TRAVELING
66485.874,-1493.517,-5577.337,3997.426,4.442,2.692,5.498,-9.734,SENSING
66485.874,-1493.517,-5577.337,3997.426,4.442,2.692,5.498,-9.734,TRAVELING
66493.134,-1461.261,-5557.628,4037.202,4.454,2.738,5.464,-9.734,TRAVELING
66493.134,-1461.261,-5557.628,4037.202,4.454,2.738,5.464,-9.734,SENSING
66493.134,-1461.261,-5557.628,4037.202,4.454,2.738,5.464,-9.734,TRAVELING
66650.0,-746.036,-5051.912,4833.023,4.654,3.696,4.664,-9.734,TRAVELING
66650.0,-746.036,-5051.912,4833.023,4.654,3.696,4.664,-9.734,SENSING
66650.0,-746.036,-5051.912,4833.023,4.654,3.696,4.664,-9.734,TRAVELING
66664.69,-677.66,-4997.022,4900.898,4.666,3.78,4.582,-9.734,TRAVELING
66664.69,-677.66,-4997.022,4900.898,4.666,3.78,4.582,-9.734,SENSING
66664.69,-677.66,-4997.022,4900.898,4.666,3.78,4.582,-9.734,TRAVELING
66711.052,-460.835,-4815.764,5107.1,4.696,4.041,4.316,-9.734,TRAVELING
66711.052,-460.835,-4815.764,5107.1,4.696,4.041,4.316,-9.734,SENSING
66711.052,-460.835,-4815.764,5107.1,4.696,4.041,4.316,-9.734,TRAVELING
66740.0,-324.838,-4696.56,5229.514,4.709,4.198,4.145,-9.734,TRAVELING
66740.0,-324.838,-4696.56,5229.514,4.709,4.198,4.145,-9.734,SENSING
66740.0,-324.838,-4696.56,5229.514,4.709,4.198,4.145,-9.734,TRAVELING
66780.264,-135.184,-4523.313,5391.428,4.72,4.41,3.901,-9.734,TRAVELING
66780.264,-135.184,-4523.313,5391.428,4.72,4.41,3.901,-9.734,SENSING
66780.264,-135.184,-4523.313,5391.428,4.72,4.41,3.901,-9.734,TRAVELING
66781.793,-127.973,-4516.565,5397.384,4.72,4.418,3.891,-9.734,TRAVELING
66781.793,-127.973,-4516.565,5397.384,4.72,4.418,3.891,-9.734,SENSING
66781.793,-127.973,-4516.565,5397.384,4.72,4.418,3.891,-9.734,TRAVELING
66890.0,381.987,-4009.701,5781.28,4.705,4.945,3.201,-9.734,TRAVELING
66890.0,381.987,-4009.701,5781.28,4.705,4.945,3.201,-9.734,SENSING
66890.0,381.987,-4009.701,5781.28,4.705,4.945,3.201,-9.734,MEASURING
66890.0,381.987,-4009.701,5781.28,4.705,4.945,3.201,-9.734,MANEUVERING
66897.269,416.138,-3973.661,5804.357,4.701,4.978,3.153,-17.003,MANEUVERING
66897.269,416.138,-3973.661,5804.357,4.701,4.978,3.153,-17.003,SENSING
66897.269,416.138,-3973.661,5804.357,4.701,4.978,3.153,-17.003,TRAVELING
66940.0,616.342,-3757.031,5932.93,4.676,5.165,2.867,-17.003,TRAVELING
66940.0,616.342,-3757.031,5932.93,4.676,5.165,2.867,-17.003,SENSING
66940.0,616.342,-3757.031,5932.93,4.676,5.165,2.867,-17.003,MEASURING
66940.0,616.342,-3757.031,5932.93,4.676,5.165,2.867,-17.003,MANEUVERING
66947.409,650.935,-3718.666,5953.976,4.671,5.197,2.817,-24.412,MANEUVERING
66947.409,650.935,-3718.666,5953.976,4.671,5.197,2.817,-24.412,SENSING
66947.409,650.935,-3718.666,5953.976,4.671,5.197,2.817,-24.412,TRAVELING
66947.409,650.935,-3718.666,5953.976,4.671,5.197,2.817,-24.412,SENSING
66947.409,650.935,-3718.666,5953.976,4.671,5.197,2.817,-24.412,LISTENING
66950.0,663.025,-3705.193,5961.249,4.669,5.208,2.8,-24.412,SENSING
66950.0,663.025,-3705.193,5961.249,4.669,5.208,2.8,-24.412,MEASURING
66950.0,663.025,-3705.193,5961.249,4.669,5.208,2.8,-24.412,MANEUVERING
66956.96,695.473,-3668.867,5980.559,4.664,5.237,2.752,-31.372,MANEUVERING
66956.96,695.473,-3668.867,5980.559,4.664,5.237,2.752,-31.372,SENSING
66956.96,695.473,-3668.867,5980.559,4.664,5.237,2.752,-31.372,TRAVELING
67000.0,895.217,-3439.821,6092.628,4.625,5.411,2.457,-31.372,TRAVELING
67000.0,895.217,-3439.821,6092.628,4.625,5.411,2.457,-31.372,SENSING
67000.0,895.217,-3439.821,6092.628,4.625,5.411,2.457,-31.372,MEASURING
67000.0,895.217,-3439.821,6092.628,4.625,5.411,2.457,-31.372,MANEUVERING
67049.451,1122.38,-3167.774,6205.572,4.569,5.596,2.112,18.08,MANEUVERING
67049.451,1122.38,-3167.774,6205.572,4.569,5.596,2.112,18.08,SENSING
67049.451,1122.38,-3167.774,6205.572,4.569,5.596,2.112,18.08,LISTENING
67070.573,1218.499,-3048.863,6248.589,4.541,5.67,1.963,18.08,SENSING
67070.573,1218.499,-3048.863,6248.589,4.541,5.67,1.963,18.08,TRAVELING
67180.0,1705.605,-2409.572,6420.547,4.36,6.008,1.178,18.08,TRAVELING
67180.0,1705.605,-2409.572,6420.547,4.36,6.008,1.178,18.08,SENSING
67180.0,1705.605,-2409.572,6420.547,4.36,6.008,1.178,18.08,TRAVELING
67270.0,2089.321,-1859.044,6497.09,4.167,6.225,0.523,18.08,TRAVELING
67270.0,2089.321,-1859.044,6497.09,4.167,6.225,0.523,18.08,SENSING
67270.0,2089.321,-1859.044,6497.09,4.167,6.225,0.523,18.08,TRAVELING
67287.917,2163.555,-1747.263,6505.274,4.125,6.261,0.391,18.08,TRAVELING
67287.917,2163.555,-1747.263,6505.274,4.125,6.261,0.391,18.08,SENSING
67287.917,2163.555,-1747.263,6505.274,4.125,6.261,0.391,18.08,TRAVELING
67310.0,2253.971,-1608.635,6512.129,4.07,6.303,0.23,18.08,TRAVELING
67310.0,2253.971,-1608.635,6512.129,4.07,6.303,0.23,18.08,SENSING
67310.0,2253.971,-1608.635,6512.129,4.07,6.303,0.23,18.08,TRAVELING
67319.918,2294.18,-1546.084,6514.047,4.045,6.32,0.157,18.08,TRAVELING
67319.918,2294.18,-1546.084,6514.047,4.045,6.32,0.157,18.08,SENSING
67319.918,2294.18,-1546.084,6514.047,4.045,6.32,0.157,18.08,TRAVELING
67490.0,2940.88,-452.738,6435.256,3.545,6.511,-1.081,18.08,TRAVELING
67490.0,2940.88,-452.738,6435.256,3.545,6.511,-1.081,18.08,SENSING
67490.0,2940.88,-452.738,6435.256,3.545,6.511,-1.081,18.08,TRAVELING
68200.0,4445.671,3869.296,4020.109,0.505,5.107,-5.393,18.08,TRAVELING
68200.0,4445.671,3869.296,4020.109,0.505,5.107,-5.393,18.08,SENSING
68200.0,4445.671,3869.296,4020.109,0.505,5.107,-5.393,18.08,TRAVELING
68201.597,4446.474,3877.44,4011.493,0.497,5.101,-5.4,18.08,TRAVELING
68201.597,4446.474,3877.44,4011.493,0.497,5.101,-5.4,18.08,SENSING
68201.597,4446.474,3877.44,4011.493,0.497,5.101,-5.4,18.08,TRAVELING
68330.0,4470.255,4494.771,3284.323,-0.131,4.511,-5.915,18.08,TRAVELING
68330.0,4470.255,4494.771,3284.323,-0.131,4.511,-5.915,18.08,SENSING
68330.0,4470.255,4494.771,3284.323,-0.131,4.511,-5.915,18.08,TRAVELING
68338.642,4468.961,4533.526,3233.102,-0.173,4.468,-5.945,18.08,TRAVELING
68338.642,4468.961,4533.526,3233.102,-0.173,4.468,-5.945,18.08,SENSING
68338.642,4468.961,4533.526,3233.102,-0.173,4.468,-5.945,18.08,TRAVELING
68380.0,4457.722,4713.815,2984.392,-0.375,4.259,-6.086,18.08,TRAVELING
68380.0,4457.722,4713.815,2984.392,-0.375,4.259,-6.086,18.08,SENSING
68380.0,4457.722,4713.815,2984.392,-0.375,4.259,-6.086,18.08,TRAVELING
68398.735,4449.888,4792.606,2869.861,-0.467,4.161,-6.146,18.08,TRAVELING
68398.735,4449.888,4792.606,2869.861,-0.467,4.161,-6.146,18.08,SENSING
68398.735,4449.888,4792.606,2869.861,-0.467,4.161,-6.146,18.08,TRAVELING
68415.15,4441.622,4860.126,2768.611,-0.546,4.075,-6.197,18.08,TRAVELING
68415.15,4441.622,4860.126,2768.611,-0.546,4.075,-6.197,18.08,SENSING
68415.15,4441.622,4860.126,2768.611,-0.546,4.075,-6.197,18.08,TRAVELING
68750.0,3994.515,5901.032,569.038,-2.104,2.088,-6.813,18.08,TRAVELING
68750.0,3994.515,5901.032,569.038,-2.104,2.088,-6.813,18.08,SENSING
68750.0,3994.515,5901.032,569.038,-2.104,2.088,-6.813,18.08,TRAVELING
68760.0,3973.305,5921.556,500.911,-2.147,2.023,-6.819,18.08,TRAVELING
68760.0,3973.305,5921.556,500.911,-2.147,2.023,-6.819,18.08,SENSING
68760.0,3973.305,5921.556,500.911,-2.147,2.023,-6.819,18.08,TRAVELING
68802.345,3878.722,6001.286,211.911,-2.328,1.748,-6.835,18.08,TRAVELING
68802.345,3878.722,6001.286,211.911,-2.328,1.748,-6.835,18.08,SENSING
68802.345,3878.722,6001.286,211.911,-2.328,1.748,-6.835,18.08,TRAVELING
68990.0,3371.256,6211.901,-1066.004,-3.072,0.495,-6.748,18.08,TRAVELING
68990.0,3371.256,6211.901,-1066.004,-3.072,0.495,-6.748,18.08,SENSING
68990.0,3371.256,6211.901,-1066.004,-3.072,0.495,-6.748,18.08,MEASURING
68990.0,3371.256,6211.901,-1066.004,-3.072,0.495,-6.748,18.08,MANEUVERING
68991.707,3366.013,6212.732,-1077.518,-3.079,0.483,-6.746,19.787,MANEUVERING
68991.707,3366.013,6212.732,-1077.518,-3.079,0.483,-6.746,19.787,SENSING
68991.707,3366.013,6212.732,-1077.518,-3.079,0.483,-6.746,19.787,TRAVELING
69110.0,2977.683,6222.144,-1864.844,-3.489,-0.321,-6.556,19.787,TRAVELING
69110.0,2977.683,6222.144,-1864.844,-3.489,-0.321,-6.556,19.787,SENSING
69110.0,2977.683,6222.144,-1864.844,-3.489,-0.321,-6.556,19.787,MEASURING
69110.0,2977.683,6222.144,-1864.844,-3.489,-0.321,-6.556,19.787,MANEUVERING
69110.231,2976.878,6222.069,-1866.359,-3.49,-0.322,-6.555,20.019,MANEUVERING
69110.231,2976.878,6222.069,-1866.359,-3.49,-0.322,-6.555,20.019,SENSING
69110.231,2976.878,6222.069,-1866.359,-3.49,-0.322,-6.555,20.019,MESSAGING
69110.231,2976.878,6222.069,-1866.359,-3.49,-0.322,-6.555,20.019,TRAVELING
69120.0,2942.686,6218.584,-1930.263,-3.521,-0.388,-6.535,20.019,TRAVELING
69120.0,2942.686,6218.584,-1930.263,-3.521,-0.388,-6.535,20.019,SENSING
69120.0,2942.686,6218.584,-1930.263,-3.521,-0.388,-6.535,20.019,MEASURING
69120.0,2942.686,6218.584,-1930.263,-3.521,-0.388,-6.535,20.019,MANEUVERING
69146.439,2848.617,6205.906,-2102.194,-3.605,-0.568,-6.477,-6.421,MANEUVERING
69146.439,2848.617,6205.906,-2102.194,-3.605,-0.568,-6.477,-6.421,SENSING
69146.439,2848.617,6205.906,-2102.194,-3.605,-0.568,-6.477,-6.421,LISTENING
69187.71,2697.462,6176.659,-2367.315,-3.73,-0.847,-6.376,-6.421,SENSING
69187.71,2697.462,6176.659,-2367.315,-3.73,-0.847,-6.376,-6.421,TRAVELING
69530.0,1278.547,5501.163,-4352.135,-4.484,-3.06,-5.102,-6.421,TRAVELING
69530.0,1278.547,5501.163,-4352.135,-4.484,-3.06,-5.102,-6.421,SENSING
69530.0,1278.547,5501.163,-4352.135,-4.484,-3.06,-5.102,-6.421,TRAVELING
69533.458,1263.053,5490.55,-4369.739,-4.488,-3.08,-5.085,-6.421,TRAVELING
69533.458,1263.053,5490.55,-4369.739,-4.488,-3.08,-5.085,-6.421,SENSING
69533.458,1263.053,5490.55,-4369.739,-4.488,-3.08,-5.085,-6.421,TRAVELING
70260.0,-2037.544,1941.261,-6498.863,-4.157,-6.224,-0.474,-6.421,TRAVELING
70260.0,-2037.544,1941.261,-6498.863,-4.157,-6.224,-0.474,-6.421,SENSING
70260.0,-2037.544,1941.261,-6498.863,-4.157,-6.224,-0.474,-6.421,TRAVELING
70261.541,-2043.944,1931.672,-6499.585,-4.154,-6.228,-0.463,-6.421,TRAVELING
70261.541,-2043.944,1931.672,-6499.585,-4.154,-6.228,-0.463,-6.421,SENSING
70261.541,-2043.944,1931.672,-6499.585,-4.154,-6.228,-0.463,-6.421,TRAVELING
70370.0,-2479.7,1245.471,-6506.8,-3.878,-6.421,0.33,-6.421,TRAVELING
70370.0,-2479.7,1245.471,-6506.8,-3.878,-6.421,0.33,-6.421,SENSING
70370.0,-2479.7,1245.471,-6506.8,-3.878,-6.421,0.33,-6.421,TRAVELING
70378.272,-2511.664,1192.345,-6503.817,-3.855,-6.433,0.391,-6.421,TRAVELING
70378.272,-2511.664,1192.345,-6503.817,-3.855,-6.433,0.391,-6.421,SENSING
70378.272,-2511.664,1192.345,-6503.817,-3.855,-6.433,0.391,-6.421,TRAVELING
70420.0,-2669.913,923.048,-6481.142,-3.733,-6.482,0.696,-6.421,TRAVELING
70420.0,-2669.913,923.048,-6481.142,-3.733,-6.482,0.696,-6.421,SENSING
70420.0,-2669.913,923.048,-6481.142,-3.733,-6.482,0.696,-6.421,TRAVELING
70426.91,-2695.625,878.262,-6476.159,-3.713,-6.489,0.747,-6.421,TRAVELING
70426.91,-2695.625,878.262,-6476.159,-3.713,-6.489,0.747,-6.421,SENSING
70426.91,-2695.625,878.262,-6476.159,-3.713,-6.489,0.747,-6.421,TRAVELING
70429.416,-2704.911,862.013,-6474.266,-3.705,-6.492,0.765,-6.421,TRAVELING
70429.416,-2704.911,862.013,-6474.266,-3.705,-6.492,0.765,-6.421,SENSING
70429.416,-2704.911,862.013,-6474.266,-3.705,-6.492,0.765,-6.421,TRAVELING
71080.0,-4302.593,-3225.6,-4522.69,-1.001,-5.574,5.008,-6.421,TRAVELING
71080.0,-4302.593,-3225.6,-4522.69,-1.001,-5.574,5.008,-6.421,SENSING
71080.0,-4302.593,-3225.6,-4522.69,-1.001,-5.574,5.008,-6.421,TRAVELING
71115.223,-4334.814,-3419.39,-4343.219,-0.826,-5.439,5.187,-6.421,TRAVELING
71115.223,-4334.814,-3419.39,-4343.219,-0.826,-5.439,5.187,-6.421,SENSING
71115.223,-4334.814,-3419.39,-4343.219,-0.826,-5.439,5.187,-6.421,TRAVELING
71140.939,-4354.444,-3557.81,-4208.266,-0.698,-5.336,5.313,-6.421,TRAVELING
71140.939,-4354.444,-3557.81,-4208.266,-0.698,-5.336,5.313,-6.421,SENSING
71140.939,-4354.444,-3557.81,-4208.266,-0.698,-5.336,5.313,-6.421,TRAVELING
71160.0,-4366.862,-3658.67,-4106.169,-0.602,-5.257,5.405,-6.421,TRAVELING
71160.0,-4366.862,-3658.67,-4106.169,-0.602,-5.257,5.405,-6.421,SENSING
71160.0,-4366.862,-3658.67,-4106.169,-0.602,-5.257,5.405,-6.421,TRAVELING
71196.309,-4385.471,-3846.53,-3906.976,-0.419,-5.1,5.572,-6.421,TRAVELING
71196.309,-4385.471,-3846.53,-3906.976,-0.419,-5.1,5.572,-6.421,SENSING
71196.309,-4385.471,-3846.53,-3906.976,-0.419,-5.1,5.572,-6.421,TRAVELING
71240.908,-4399.234,-4069.275,-3654.219,-0.194,-4.897,5.766,-6.421,TRAVELING
71240.908,-4399.234,-4069.275,-3654.219,-0.194,-4.897,5.766,-6.421,SENSING
71240.908,-4399.234,-4069.275,-3654.219,-0.194,-4.897,5.766,-6.421,TRAVELING
72270.0,-2135.717,-5892.05,3154.914,4.145,1.718,6.097,-6.421,TRAVELING
72270.0,-2135.717,-5892.05,3154.914,4.145,1.718,6.097,-6.421,SENSING
72270.0,-2135.717,-5892.05,3154.914,4.145,1.718,6.097,-6.421,TRAVELING
72327.241,-1894.883,-5782.661,3497.562,4.278,2.103,5.877,-6.421,TRAVELING
72327.241,-1894.883,-5782.661,3497.562,4.278,2.103,5.877,-6.421,SENSING
72327.241,-1894.883,-5782.661,3497.562,4.278,2.103,5.877,-6.421,TRAVELING
72346.148,-1813.721,-5741.718,3607.897,4.318,2.228,5.8,-6.421,TRAVELING
72346.148,-1813.721,-5741.718,3607.897,4.318,2.228,5.8,-6.421,SENSING
72346.148,-1813.721,-5741.718,3607.897,4.318,2.228,5.8,-6.421,TRAVELING
73100.0,1657.256,-2470.39,6409.407,4.397,5.969,1.245,-6.421,TRAVELING
73100.0,1657.256,-2470.39,6409.407,4.397,5.969,1.245,-6.421,SENSING
73100.0,1657.256,-2470.39,6409.407,4.397,5.969,1.245,-6.421,MEASURING
73100.0,1657.256,-2470.39,6409.407,4.397,5.969,1.245,-6.421,MANEUVERING
73121.062,1749.363,-2344.159,6434.016,4.356,6.026,1.093,-27.483,MANEUVERING
73121.062,1749.363,-2344.159,6434.016,4.356,6.026,1.093,-27.483,SENSING
73121.062,1749.363,-2344.159,6434.016,4.356,6.026,1.093,-27.483,LISTENING
73123.373,1759.418,-2330.234,6436.521,4.352,6.032,1.076,-27.483,SENSING
73123.373,1759.418,-2330.234,6436.521,4.352,6.032,1.076,-27.483,TRAVELING
73320.0,2570.206,-1103.166,6506.894,3.872,6.413,-0.361,-27.483,TRAVELING
73320.0,2570.206,-1103.166,6506.894,3.872,6.413,-0.361,-27.483,SENSING
73320.0,2570.206,-1103.166,6506.894,3.872,6.413,-0.361,-27.483,MEASURING
73320.0,2570.206,-1103.166,6506.894,3.872,6.413,-0.361,-27.483,MANEUVERING
73322.907,2581.444,-1084.531,6505.815,3.864,6.416,-0.382,-24.575,MANEUVERING
73322.907,2581.444,-1084.531,6505.815,3.864,6.416,-0.382,-24.575,SENSING
73322.907,2581.444,-1084.531,6505.815,3.864,6.416,-0.382,-24.575,LISTENING
73324.893,2589.104,-1071.799,6505.042,3.858,6.419,-0.396,-24.575,SENSING
73324.893,2589.104,-1071.799,6505.042,3.858,6.419,-0.396,-24.575,TRAVELING
73330.0,2608.756,-1039.028,6502.924,3.843,6.425,-0.434,-24.575,TRAVELING
73330.0,2608.756,-1039.028,6502.924,3.843,6.425,-0.434,-24.575,SENSING
73330.0,2608.756,-1039.028,6502.924,3.843,6.425,-0.434,-24.575,MEASURING
73330.0,2608.756,-1039.028,6502.924,3.843,6.425,-0.434,-24.575,MANEUVERING
73357.646,2713.8,-861.125,6488.158,3.761,6.454,-0.635,-52.222,MANEUVERING
73357.646,2713.8,-861.125,6488.158,3.761,6.454,-0.635,-52.222,SENSING
73357.646,2713.8,-861.125,6488.158,3.761,6.454,-0.635,-52.222,LISTENING
73358.099,2715.5,-858.208,6487.87,3.759,6.454,-0.638,-52.222,SENSING
73358.099,2715.5,-858.208,6487.87,3.759,6.454,-0.638,-52.222,TRAVELING
73640.0,3639.725,970.839,6025.072,2.754,6.436,-2.62,-52.222,TRAVELING
73640.0,3639.725,970.839,6025.072,2.754,6.436,-2.62,-52.222,SENSING
73640.0,3639.725,970.839,6025.072,2.754,6.436,-2.62,-52.222,TRAVELING
73643.712,3649.917,994.702,6015.307,2.739,6.432,-2.645,-52.222,TRAVELING
73643.712,3649.917,994.702,6015.307,2.739,6.432,-2.645,-52.222,SENSING
73643.712,3649.917,994.702,6015.307,2.739,6.432,-2.645,-52.222,TRAVELING
74700.0,3969.3,5930.034,427.752,-2.187,1.961,-6.824,-52.222,TRAVELING
74700.0,3969.3,5930.034,427.752,-2.187,1.961,-6.824,-52.222,SENSING
74700.0,3969.3,5930.034,427.752,-2.187,1.961,-6.824,-52.222,TRAVELING
74700.516,3968.173,5931.044,424.232,-2.189,1.958,-6.825,-52.222,TRAVELING
74700.516,3968.173,5931.044,424.232,-2.189,1.958,-6.825,-52.222,SENSING
74700.516,3968.173,5931.044,424.232,-2.189,1.958,-6.825,-52.222,TRAVELING
74740.0,3878.559,6003.154,154.621,-2.358,1.701,-6.837,-52.222,TRAVELING
74740.0,3878.559,6003.154,154.621,-2.358,1.701,-6.837,-52.222,SENSING
74740.0,3878.559,6003.154,154.621,-2.358,1.701,-6.837,-52.222,TRAVELING
74740.296,3877.862,6003.656,152.599,-2.359,1.699,-6.837,-52.222,TRAVELING
74740.296,3877.862,6003.656,152.599,-2.359,1.699,-6.837,-52.222,SENSING
74740.296,3877.862,6003.656,152.599,-2.359,1.699,-6.837,-52.222,TRAVELING
74750.0,3854.811,6019.804,86.278,-2.4,1.635,-6.838,-52.222,TRAVELING
74750.0,3854.811,6019.804,86.278,-2.4,1.635,-6.838,-52.222,SENSING
74750.0,3854.811,6019.804,86.278,-2.4,1.635,-6.838,-52.222,TRAVELING
74800.412,3728.753,6093.717,-258.244,-2.609,1.302,-6.834,-52.222,TRAVELING
74800.412,3728.753,6093.717,-258.244,-2.609,1.302,-6.834,-52.222,SENSING
74800.412,3728.753,6093.717,-258.244,-2.609,1.302,-6.834,-52.222,TRAVELING
74801.813,3725.101,6095.531,-267.814,-2.615,1.293,-6.833,-52.222,TRAVELING
74801.813,3725.101,6095.531,-267.814,-2.615,1.293,-6.833,-52.222,SENSING
74801.813,3725.101,6095.531,-267.814,-2.615,1.293,-6.833,-52.222,TRAVELING
75290.0,2031.705,5923.428,-3425.263,-4.183,-1.982,-5.826,-52.222,TRAVELING
75290.0,2031.705,5923.428,-3425.263,-4.183,-1.982,-5.826,-52.222,SENSING
75290.0,2031.705,5923.428,-3425.263,-4.183,-1.982,-5.826,-52.222,TRAVELING
75294.981,2010.868,5913.475,-3454.219,-4.194,-2.014,-5.807,-52.222,TRAVELING
75294.981,2010.868,5913.475,-3454.219,-4.194,-2.014,-5.807,-52.222,SENSING
75294.981,2010.868,5913.475,-3454.219,-4.194,-2.014,-5.807,-52.222,TRAVELING
75298.237,1997.217,5906.881,-3473.097,-4.202,-2.036,-5.795,-52.222,TRAVELING
75298.237,1997.217,5906.881,-3473.097,-4.202,-2.036,-5.795,-52.222,SENSING
75298.237,1997.217,5906.881,-3473.097,-4.202,-2.036,-5.795,-52.222,TRAVELING
75300.0,1989.814,5903.282,-3483.305,-4.205,-2.047,-5.788,-52.222,TRAVELING
75300.0,1989.814,5903.282,-3483.305,-4.205,-2.047,-5.788,-52.222,SENSING
75300.0,1989.814,5903.282,-3483.305,-4.205,-2.047,-5.788,-52.222,TRAVELING
75314.041,1930.628,5873.904,-3564.157,-4.236,-2.138,-5.734,-52.222,TRAVELING
75314.041,1930.628,5873.904,-3564.157,-4.236,-2.138,-5.734,-52.222,SENSING
75314.041,1930.628,5873.904,-3564.157,-4.236,-2.138,-5.734,-52.222,TRAVELING
75316.001,1922.332,5869.702,-3575.382,-4.24,-2.15,-5.726,-52.222,TRAVELING
75316.001,1922.332,5869.702,-3575.382,-4.24,-2.15,-5.726,-52.222,SENSING
75316.001,1922.332,5869.702,-3575.382,-4.24,-2.15,-5.726,-52.222,TRAVELING
75320.0,1905.383,5861.053,-3598.238,-4.248,-2.176,-5.711,-52.222,TRAVELING
75320.0,1905.383,5861.053,-3598.238,-4.248,-2.176,-5.711,-52.222,MANEUVERING
75338.367,1827.106,5820.01,-3702.402,-4.286,-2.293,-5.637,-33.854,MANEUVERING
75338.367,1827.106,5820.01,-3702.402,-4.286,-2.293,-5.637,-33.854,SENSING
75338.367,1827.106,5820.01,-3702.402,-4.286,-2.293,-5.637,-33.854,MANEUVERING
75338.595,1826.133,5819.489,-3703.681,-4.286,-2.295,-5.636,-33.627,MANEUVERING
75338.595,1826.133,5819.489,-3703.681,-4.286,-2.295,-5.636,-33.627,SENSING
75338.595,1826.133,5819.489,-3703.681,-4.286,-2.295,-5.636,-33.627,MANEUVERING
75350.352,1775.663,5792.069,-3769.634,-4.309,-2.37,-5.588,-21.869,MANEUVERING
75350.352,1775.663,5792.069,-3769.634,-4.309,-2.37,-5.588,-21.869,SENSING
75350.352,1775.663,5792.069,-3769.634,-4.309,-2.37,-5.588,-21.869,TRAVELING
75384.155,1629.089,5708.368,-3956.026,-4.373,-2.583,-5.445,-21.869,TRAVELING
75384.155,1629.089,5708.368,-3956.026,-4.373,-2.583,-5.445,-21.869,SENSING
75384.155,1629.089,5708.368,-3956.026,-4.373,-2.583,-5.445,-21.869,TRAVELING
75430.0,1427.069,5583.448,-4200.852,-4.45,-2.867,-5.239,-21.869,TRAVELING
75430.0,1427.069,5583.448,-4200.852,-4.45,-2.867,-5.239,-21.869,SENSING
75430.0,1427.069,5583.448,-4200.852,-4.45,-2.867,-5.239,-21.869,TRAVELING
75430.334,1425.585,5582.49,-4202.601,-4.45,-2.869,-5.238,-21.869,TRAVELING
75430.334,1425.585,5582.49,-4202.601,-4.45,-2.869,-5.238,-21.869,SENSING
75430.334,1425.585,5582.49,-4202.601,-4.45,-2.869,-5.238,-21.869,TRAVELING
75480.0,1202.993,5432.542,-4456.801,-4.522,-3.17,-5.001,-21.869,TRAVELING
75480.0,1202.993,5432.542,-4456.801,-4.522,-3.17,-5.001,-21.869,SENSING
75480.0,1202.993,5432.542,-4456.801,-4.522,-3.17,-5.001,-21.869,TRAVELING
75485.705,1177.205,5414.369,-4485.239,-4.529,-3.204,-4.973,-21.869,TRAVELING
75485.705,1177.205,5414.369,-4485.239,-4.529,-3.204,-4.973,-21.869,SENSING
75485.705,1177.205,5414.369,-4485.239,-4.529,-3.204,-4.973,-21.869,TRAVELING
75515.307,1042.731,5316.974,-4630.204,-4.566,-3.378,-4.825,-21.869,TRAVELING
75515.307,1042.731,5316.974,-4630.204,-4.566,-3.378,-4.825,-21.869,SENSING
75515.307,1042.731,5316.974,-4630.204,-4.566,-3.378,-4.825,-21.869,TRAVELING
77320.0,-4387.046,-4732.42,-2747.085,0.552,-4.135,6.321,-21.869,TRAVELING
77320.0,-4387.046,-4732.42,-2747.085,0.552,-4.135,6.321,-21.869,SENSING
77320.0,-4387.046,-4732.42,-2747.085,0.552,-4.135,6.321,-21.869,TRAVELING
77322.917,-4385.422,-4744.445,-2728.643,0.567,-4.119,6.33,-21.869,TRAVELING
77322.917,-4385.422,-4744.445,-2728.643,0.567,-4.119,6.33,-21.869,SENSING
77322.917,-4385.422,-4744.445,-2728.643,0.567,-4.119,6.33,-21.869,TRAVELING
77340.0,-4375.048,-4813.928,-2620.112,0.653,-4.025,6.383,-21.869,TRAVELING
77340.0,-4375.048,-4813.928,-2620.112,0.653,-4.025,6.383,-21.869,SENSING
77340.0,-4375.048,-4813.928,-2620.112,0.653,-4.025,6.383,-21.869,TRAVELING
77344.663,-4371.961,-4832.613,-2590.334,0.677,-3.999,6.397,-21.869,TRAVELING
77344.663,-4371.961,-4832.613,-2590.334,0.677,-3.999,6.397,-21.869,SENSING
77344.663,-4371.961,-4832.613,-2590.334,0.677,-3.999,6.397,-21.869,TRAVELING
77360.0,-4361.032,-4893.213,-2491.93,0.754,-3.912,6.442,-21.869,TRAVELING
77360.0,-4361.032,-4893.213,-2491.93,0.754,-3.912,6.442,-21.869,SENSING
77360.0,-4361.032,-4893.213,-2491.93,0.754,-3.912,6.442,-21.869,TRAVELING
77386.51,-4339.353,-4994.815,-2320.264,0.887,-3.761,6.515,-21.869,TRAVELING
77386.51,-4339.353,-4994.815,-2320.264,0.887,-3.761,6.515,-21.869,SENSING
77386.51,-4339.353,-4994.815,-2320.264,0.887,-3.761,6.515,-21.869,TRAVELING
77415.704,-4311.407,-5102.014,-2129.037,1.033,-3.591,6.59,-21.869,TRAVELING
77415.704,-4311.407,-5102.014,-2129.037,1.033,-3.591,6.59,-21.869,SENSING
77415.704,-4311.407,-5102.014,-2129.037,1.033,-3.591,6.59,-21.869,TRAVELING
77460.0,-4260.913,-5255.036,-1834.951,1.253,-3.325,6.692,-21.869,TRAVELING
77460.0,-4260.913,-5255.036,-1834.951,1.253,-3.325,6.692,-21.869,SENSING
77460.0,-4260.913,-5255.036,-1834.951,1.253,-3.325,6.692,-21.869,TRAVELING
77463.804,-4256.124,-5267.628,-1809.49,1.272,-3.302,6.7,-21.869,TRAVELING
77463.804,-4256.124,-5267.628,-1809.49,1.272,-3.302,6.7,-21.869,SENSING
77463.804,-4256.124,-5267.628,-1809.49,1.272,-3.302,6.7,-21.869,TRAVELING
77480.0,-4234.943,-5320.243,-1700.766,1.351,-3.203,6.733,-21.869,TRAVELING
77480.0,-4234.943,-5320.243,-1700.766,1.351,-3.203,6.733,-21.869,SENSING
77480.0,-4234.943,-5320.243,-1700.766,1.351,-3.203,6.733,-21.869,TRAVELING
77540.0,-4145.341,-5500.987,-1293.739,1.642,-2.827,6.837,-21.869,TRAVELING
77540.0,-4145.341,-5500.987,-1293.739,1.642,-2.827,6.837,-21.869,SENSING
77540.0,-4145.341,-5500.987,-1293.739,1.642,-2.827,6.837,-21.869,TRAVELING
77560.882,-4110.09,-5558.557,-1150.73,1.742,-2.694,6.866,-21.869,TRAVELING
77560.882,-4110.09,-5558.557,-1150.73,1.742,-2.694,6.866,-21.869,SENSING
77560.882,-4110.09,-5558.557,-1150.73,1.742,-2.694,6.866,-21.869,TRAVELING
77579.312,-4077.256,-5607.042,-1024.025,1.829,-2.575,6.89,-21.869,TRAVELING
77579.312,-4077.256,-5607.042,-1024.025,1.829,-2.575,6.89,-21.869,SENSING
77579.312,-4077.256,-5607.042,-1024.025,1.829,-2.575,6.89,-21.869,TRAVELING
78800.0,599.109,-3753.249,5937.361,4.709,5.141,2.857,-21.869,TRAVELING
78800.0,599.109,-3753.249,5937.361,4.709,5.141,2.857,-21.869,SENSING
78800.0,599.109,-3753.249,5937.361,4.709,5.141,2.857,-21.869,MEASURING
78800.0,599.109,-3753.249,5937.361,4.709,5.141,2.857,-21.869,MANEUVERING
78809.48,643.673,-3704.347,5964.127,4.702,5.182,2.793,-31.349,MANEUVERING
78809.48,643.673,-3704.347,5964.127,4.702,5.182,2.793,-31.349,SENSING
78809.48,643.673,-3704.347,5964.127,4.702,5.182,2.793,-31.349,LISTENING
78831.156,745.318,-3591.118,6023.037,4.685,5.271,2.645,-31.349,SENSING
78831.156,745.318,-3591.118,6023.037,4.685,5.271,2.645,-31.349,TRAVELING
79090.0,1913.714,-2109.394,6471.697,4.294,6.111,0.804,-31.349,TRAVELING
79090.0,1913.714,-2109.394,6471.697,4.294,6.111,0.804,-31.349,SENSING
79090.0,1913.714,-2109.394,6471.697,4.294,6.111,0.804,-31.349,TRAVELING
79099.11,1952.713,-2053.662,6478.712,4.274,6.133,0.737,-31.349,TRAVELING
79099.11,1952.713,-2053.662,6478.712,4.274,6.133,0.737,-31.349,SENSING
79099.11,1952.713,-2053.662,6478.712,4.274,6.133,0.737,-31.349,TRAVELING
79210.0,2411.781,-1361.499,6515.488,4.002,6.346,-0.074,-31.349,TRAVELING
79210.0,2411.781,-1361.499,6515.488,4.002,6.346,-0.074,-31.349,SENSING
79210.0,2411.781,-1361.499,6515.488,4.002,6.346,-0.074,-31.349,TRAVELING
79227.864,2482.791,-1247.988,6513.001,3.953,6.372,-0.205,-31.349,TRAVELING
79227.864,2482.791,-1247.988,6513.001,3.953,6.372,-0.205,-31.349,SENSING
79227.864,2482.791,-1247.988,6513.001,3.953,6.372,-0.205,-31.349,TRAVELING
79330.0,2871.033,-591.688,6454.137,3.647,6.477,-0.947,-31.349,TRAVELING
79330.0,2871.033,-591.688,6454.137,3.647,6.477,-0.947,-31.349,SENSING
79330.0,2871.033,-591.688,6454.137,3.647,6.477,-0.947,-31.349,MEASURING
79330.0,2871.033,-591.688,6454.137,3.647,6.477,-0.947,-31.349,MANEUVERING
79334.354,2886.871,-563.504,6449.947,3.633,6.48,-0.979,-26.995,MANEUVERING
79334.354,2886.871,-563.504,6449.947,3.633,6.48,-0.979,-26.995,SENSING
79334.354,2886.871,-563.504,6449.947,3.633,6.48,-0.979,-26.995,TRAVELING
79350.0,2943.282,-462.128,6433.763,3.582,6.489,-1.091,-26.995,TRAVELING
79350.0,2943.282,-462.128,6433.763,3.582,6.489,-1.091,-26.995,SENSING
79350.0,2943.282,-462.128,6433.763,3.582,6.489,-1.091,-26.995,MEASURING
79350.0,2943.282,-462.128,6433.763,3.582,6.489,-1.091,-26.995,MANEUVERING
79351.082,2947.153,-455.114,6432.579,3.578,6.489,-1.099,-25.914,MANEUVERING
79351.082,2947.153,-455.114,6432.579,3.578,6.489,-1.099,-25.914,SENSING
79351.082,2947.153,-455.114,6432.579,3.578,6.489,-1.099,-25.914,MESSAGING
79351.082,2947.153,-455.114,6432.579,3.578,6.489,-1.099,-25.914,MANEUVERING
79356.985,2968.209,-416.826,6425.968,3.559,6.492,-1.141,-20.01,MANEUVERING
79356.985,2968.209,-416.826,6425.968,3.559,6.492,-1.141,-20.01,SENSING
79356.985,2968.209,-416.826,6425.968,3.559,6.492,-1.141,-20.01,TRAVELING
79356.985,2968.209,-416.826,6425.968,3.559,6.492,-1.141,-20.01,SENSING
79356.985,2968.209,-416.826,6425.968,3.559,6.492,-1.141,-20.01,LISTENING
79360.0,2978.916,-397.268,6422.496,3.549,6.493,-1.163,-20.01,SENSING
79360.0,2978.916,-397.268,6422.496,3.549,6.493,-1.163,-20.01,MEASURING
79360.0,2978.916,-397.268,6422.496,3.549,6.493,-1.163,-20.01,MANEUVERING
79362.701,2988.484,-379.742,6419.331,3.54,6.495,-1.182,-17.309,MANEUVERING
79362.701,2988.484,-379.742,6419.331,3.54,6.495,-1.182,-17.309,SENSING
79362.701,2988.484,-379.742,6419.331,3.54,6.495,-1.182,-17.309,TRAVELING
79550.0,3588.715,835.179,6074.31,2.852,6.447,-2.49,-17.309,TRAVELING
79550.0,3588.715,835.179,6074.31,2.852,6.447,-2.49,-17.309,SENSING
79550.0,3588.715,835.179,6074.31,2.852,6.447,-2.49,-17.309,TRAVELING
79620.547,3779.783,1286.863,5882.111,2.564,6.363,-2.959,-17.309,TRAVELING
79620.547,3779.783,1286.863,5882.111,2.564,6.363,-2.959,-17.309,SENSING
79620.547,3779.783,1286.863,5882.111,2.564,6.363,-2.959,-17.309,TRAVELING
79628.072,3798.954,1334.671,5859.672,2.532,6.352,-3.008,-17.309,TRAVELING
79628.072,3798.954,1334.671,5859.672,2.532,6.352,-3.008,-17.309,SENSING
79628.072,3798.954,1334.671,5859.672,2.532,6.352,-3.008,-17.309,TRAVELING
80140.0,4498.363,4241.372,3566.916,0.137,4.743,-5.732,-17.309,TRAVELING
80140.0,4498.363,4241.372,3566.916,0.137,4.743,-5.732,-17.309,SENSING
80140.0,4498.363,4241.372,3566.916,0.137,4.743,-5.732,-17.309,TRAVELING
80144.497,4498.939,4262.629,3541.113,0.115,4.722,-5.75,-17.309,TRAVELING
80144.497,4498.939,4262.629,3541.113,0.115,4.722,-5.75,-17.309,SENSING
80144.497,4498.939,4262.629,3541.113,0.115,4.722,-5.75,-17.309,TRAVELING
81200.0,2131.074,5953.512,-3312.363,-4.146,-1.843,-5.897,-17.309,TRAVELING
81200.0,2131.074,5953.512,-3312.363,-4.146,-1.843,-5.897,-17.309,SENSING
81200.0,2131.074,5953.512,-3312.363,-4.146,-1.843,-5.897,-17.309,TRAVELING
81990.0,-1468.887,2729.776,-6378.037,-4.449,-5.86,-1.402,-17.309,TRAVELING
81990.0,-1468.887,2729.776,-6378.037,-4.449,-5.86,-1.402,-17.309,SENSING
81990.0,-1468.887,2729.776,-6378.037,-4.449,-5.86,-1.402,-17.309,TRAVELING
81990.164,-1469.615,2728.817,-6378.266,-4.449,-5.861,-1.401,-17.309,TRAVELING
81990.164,-1469.615,2728.817,-6378.266,-4.449,-5.861,-1.401,-17.309,SENSING
81990.164,-1469.615,2728.817,-6378.266,-4.449,-5.861,-1.401,-17.309,TRAVELING
82000.0,-1513.257,2671.061,-6391.691,-4.432,-5.89,-1.33,-17.309,TRAVELING
82000.0,-1513.257,2671.061,-6391.691,-4.432,-5.89,-1.33,-17.309,SENSING
82000.0,-1513.257,2671.061,-6391.691,-4.432,-5.89,-1.33,-17.309,TRAVELING
82008.315,-1550.021,2622.014,-6402.5,-4.418,-5.915,-1.271,-17.309,TRAVELING
82008.315,-1550.021,2622.014,-6402.5,-4.418,-5.915,-1.271,-17.309,SENSING
82008.315,-1550.021,2622.014,-6402.5,-4.418,-5.915,-1.271,-17.309,TRAVELING
82410.0,-3132.483,85.342,-6326.674,-3.345,-6.534,1.649,-17.309,TRAVELING
82410.0,-3132.483,85.342,-6326.674,-3.345,-6.534,1.649,-17.309,SENSING
82410.0,-3132.483,85.342,-6326.674,-3.345,-6.534,1.649,-17.309,TRAVELING
82411.835,-3138.611,73.363,-6323.638,-3.338,-6.534,1.662,-17.309,TRAVELING
82411.835,-3138.611,73.363,-6323.638,-3.338,-6.534,1.662,-17.309,SENSING
82411.835,-3138.611,73.363,-6323.638,-3.338,-6.534,1.662,-17.309,TRAVELING
82550.0,-3564.109,-826.235,-6026.641,-2.812,-6.475,2.632,-17.309,TRAVELING
82550.0,-3564.109,-826.235,-6026.641,-2.812,-6.475,2.632,-17.309,SENSING
82550.0,-3564.109,-826.235,-6026.641,-2.812,-6.475,2.632,-17.309,TRAVELING
82554.281,-3576.108,-853.923,-6015.317,-2.795,-6.471,2.661,-17.309,TRAVELING
82554.281,-3576.108,-853.923,-6015.317,-2.795,-6.471,2.661,-17.309,SENSING
82554.281,-3576.108,-853.923,-6015.317,-2.795,-6.471,2.661,-17.309,TRAVELING
82760.0,-4060.615,-2152.756,-5328.16,-1.896,-6.116,3.997,-17.309,TRAVELING
82760.0,-4060.615,-2152.756,-5328.16,-1.896,-6.116,3.997,-17.309,SENSING
82760.0,-4060.615,-2152.756,-5328.16,-1.896,-6.116,3.997,-17.309,TRAVELING
82765.233,-4070.476,-2184.7,-5307.171,-1.872,-6.103,4.029,-17.309,TRAVELING
82765.233,-4070.476,-2184.7,-5307.171,-1.872,-6.103,4.029,-17.309,SENSING
82765.233,-4070.476,-2184.7,-5307.171,-1.872,-6.103,4.029,-17.309,TRAVELING
82770.0,-4079.348,-2213.739,-5287.906,-1.85,-6.091,4.058,-17.309,TRAVELING
82770.0,-4079.348,-2213.739,-5287.906,-1.85,-6.091,4.058,-17.309,SENSING
82770.0,-4079.348,-2213.739,-5287.906,-1.85,-6.091,4.058,-17.309,TRAVELING
82771.741,-4082.561,-2224.328,-5280.838,-1.842,-6.087,4.068,-17.309,TRAVELING
82771.741,-4082.561,-2224.328,-5280.838,-1.842,-6.087,4.068,-17.309,SENSING
82771.741,-4082.561,-2224.328,-5280.838,-1.842,-6.087,4.068,-17.309,TRAVELING
82775.152,-4088.819,-2245.062,-5266.929,-1.826,-6.078,4.089,-17.309,TRAVELING
82775.152,-4088.819,-2245.062,-5266.929,-1.826,-6.078,4.089,-17.309,SENSING
82775.152,-4088.819,-2245.062,-5266.929,-1.826,-6.078,4.089,-17.309,TRAVELING
82780.0,-4097.616,-2274.47,-5247.047,-1.803,-6.065,4.118,-17.309,TRAVELING
82780.0,-4097.616,-2274.47,-5247.047,-1.803,-6.065,4.118,-17.309,SENSING
82780.0,-4097.616,-2274.47,-5247.047,-1.803,-6.065,4.118,-17.309,TRAVELING
82833.399,-4187.19,-2594.19,-5018.822,-1.55,-5.917,4.432,-17.309,TRAVELING
82833.399,-4187.19,-2594.19,-5018.822,-1.55,-5.917,4.432,-17.309,SENSING
82833.399,-4187.19,-2594.19,-5018.822,-1.55,-5.917,4.432,-17.309,TRAVELING
83000.0,-4377.78,-3532.6,-4205.099,-0.729,-5.329,5.316,-17.309,TRAVELING
83000.0,-4377.78,-3532.6,-4205.099,-0.729,-5.329,5.316,-17.309,SENSING
83000.0,-4377.78,-3532.6,-4205.099,-0.729,-5.329,5.316,-17.309,TRAVELING
83005.586,-4381.784,-3562.276,-4175.342,-0.701,-5.306,5.343,-17.309,TRAVELING
83005.586,-4381.784,-3562.276,-4175.342,-0.701,-5.306,5.343,-17.309,SENSING
83005.586,-4381.784,-3562.276,-4175.342,-0.701,-5.306,5.343,-17.309,TRAVELING
83090.0,-4423.1,-3994.562,-3708.056,-0.273,-4.939,5.726,-17.309,TRAVELING
83090.0,-4423.1,-3994.562,-3708.056,-0.273,-4.939,5.726,-17.309,SENSING
83090.0,-4423.1,-3994.562,-3708.056,-0.273,-4.939,5.726,-17.309,TRAVELING
83140.0,-4430.503,-4235.388,-3416.683,-0.018,-4.702,5.932,-17.309,TRAVELING
83140.0,-4430.503,-4235.388,-3416.683,-0.018,-4.702,5.932,-17.309,SENSING
83140.0,-4430.503,-4235.388,-3416.683,-0.018,-4.702,5.932,-17.309,MEASURING
83140.0,-4430.503,-4235.388,-3416.683,-0.018,-4.702,5.932,-17.309,MANEUVERING
83140.778,-4430.517,-4239.04,-3412.07,-0.014,-4.698,5.935,-18.087,MANEUVERING
83140.778,-4430.517,-4239.04,-3412.07,-0.014,-4.698,5.935,-18.087,SENSING
83140.778,-4430.517,-4239.04,-3412.07,-0.014,-4.698,5.935,-18.087,MESSAGING
83140.778,-4430.517,-4239.04,-3412.07,-0.014,-4.698,5.935,-18.087,TRAVELING
83190.0,-4425.158,-4464.014,-3115.47,0.237,-4.451,6.12,-18.087,TRAVELING
83190.0,-4425.158,-4464.014,-3115.47,0.237,-4.451,6.12,-18.087,SENSING
83190.0,-4425.158,-4464.014,-3115.47,0.237,-4.451,6.12,-18.087,MEASURING
83190.0,-4425.158,-4464.014,-3115.47,0.237,-4.451,6.12,-18.087,MANEUVERING
83211.521,-4418.932,-4558.497,-2983.004,0.347,-4.339,6.196,3.434,MANEUVERING
83211.521,-4418.932,-4558.497,-2983.004,0.347,-4.339,6.196,3.434,SENSING
83211.521,-4418.932,-4558.497,-2983.004,0.347,-4.339,6.196,3.434,LISTENING
83220.0,-4415.832,-4595.054,-2930.376,0.39,-4.294,6.225,3.434,SENSING
83220.0,-4415.832,-4595.054,-2930.376,0.39,-4.294,6.225,3.434,LISTENING
83228.764,-4412.242,-4632.442,-2875.719,0.435,-4.247,6.254,3.434,SENSING
83228.764,-4412.242,-4632.442,-2875.719,0.435,-4.247,6.254,3.434,TRAVELING
83880.0,-3115.902,-6085.293,1546.995,3.392,-0.036,6.776,3.434,TRAVELING
83880.0,-3115.902,-6085.293,1546.995,3.392,-0.036,6.776,3.434,SENSING
83880.0,-3115.902,-6085.293,1546.995,3.392,-0.036,6.776,3.434,TRAVELING
83882.316,-3108.047,-6085.354,1562.678,3.4,-0.02,6.772,3.434,TRAVELING
83882.316,-3108.047,-6085.354,1562.678,3.4,-0.02,6.772,3.434,SENSING
83882.316,-3108.047,-6085.354,1562.678,3.4,-0.02,6.772,3.434,TRAVELING
83920.0,-2977.591,-6081.045,1816.372,3.533,0.245,6.698,3.434,TRAVELING
83920.0,-2977.591,-6081.045,1816.372,3.533,0.245,6.698,3.434,SENSING
83920.0,-2977.591,-6081.045,1816.372,3.533,0.245,6.698,3.434,TRAVELING
84001.241,-2680.011,-6037.862,2352.63,3.799,0.814,6.502,3.434,TRAVELING
84001.241,-2680.011,-6037.862,2352.63,3.799,0.814,6.502,3.434,SENSING
84001.241,-2680.011,-6037.862,2352.63,3.799,0.814,6.502,3.434,TRAVELING
84020.346,-2606.979,-6021.011,2476.28,3.857,0.948,6.449,3.434,TRAVELING
84020.346,-2606.979,-6021.011,2476.28,3.857,0.948,6.449,3.434,SENSING
84020.346,-2606.979,-6021.011,2476.28,3.857,0.948,6.449,3.434,TRAVELING
85040.0,1995.864,-1988.67,6486.859,4.268,6.145,0.652,3.434,TRAVELING
85040.0,1995.864,-1988.67,6486.859,4.268,6.145,0.652,3.434,SENSING
85040.0,1995.864,-1988.67,6486.859,4.268,6.145,0.652,3.434,TRAVELING
85053.463,2053.079,-1905.796,6494.974,4.238,6.175,0.554,3.434,TRAVELING
85053.463,2053.079,-1905.796,6494.974,4.238,6.175,0.554,3.434,SENSING
85053.463,2053.079,-1905.796,6494.974,4.238,6.175,0.554,3.434,TRAVELING
85056.265,2064.935,-1888.497,6496.497,4.231,6.181,0.533,3.434,TRAVELING
85056.265,2064.935,-1888.497,6496.497,4.231,6.181,0.533,3.434,SENSING
85056.265,2064.935,-1888.497,6496.497,4.231,6.181,0.533,3.434,TRAVELING
85100.0,2247.563,-1616.449,6512.819,4.125,6.267,0.213,3.434,TRAVELING
85100.0,2247.563,-1616.449,6512.819,4.125,6.267,0.213,3.434,SENSING
85100.0,2247.563,-1616.449,6512.819,4.125,6.267,0.213,3.434,TRAVELING
85620.0,3954.862,1716.441,5658.74,2.284,6.239,-3.408,3.434,TRAVELING
85620.0,3954.862,1716.441,5658.74,2.284,6.239,-3.408,3.434,SENSING
85620.0,3954.862,1716.441,5658.74,2.284,6.239,-3.408,3.434,MEASURING
85620.0,3954.862,1716.441,5658.74,2.284,6.239,-3.408,3.434,MANEUVERING
85621.232,3957.673,1724.121,5654.538,2.278,6.236,-3.415,4.667,MANEUVERING
85621.232,3957.673,1724.121,5654.538,2.278,6.236,-3.415,4.667,SENSING
85621.232,3957.673,1724.121,5654.538,2.278,6.236,-3.415,4.667,TRAVELING
85630.0,3977.478,1778.676,5624.37,2.24,6.219,-3.47,4.667,TRAVELING
85630.0,3977.478,1778.676,5624.37,2.24,6.219,-3.47,4.667,SENSING
85630.0,3977.478,1778.676,5624.37,2.24,6.219,-3.47,4.667,MEASURING
85630.0,3977.478,1778.676,5624.37,2.24,6.219,-3.47,4.667,LISTENING
85870.0,4383.775,3197.987,4623.009,1.128,5.557,-4.834,4.667,SENSING
85870.0,4383.775,3197.987,4623.009,1.128,5.557,-4.834,4.667,LISTENING
85870.598,4384.449,3201.305,4620.119,1.125,5.555,-4.837,4.667,SENSING
85870.598,4384.449,3201.305,4620.119,1.125,5.555,-4.837,4.667,LISTENING
85930.0,4442.833,3524.549,4324.199,0.837,5.335,-5.129,4.667,SENSING
85930.0,4442.833,3524.549,4324.199,0.837,5.335,-5.129,4.667,LISTENING
85940.0,4450.976,3577.655,4272.703,0.788,5.296,-5.176,4.667,SENSING
85940.0,4450.976,3577.655,4272.703,0.788,5.296,-5.176,4.667,LISTENING
85941.398,4452.076,3585.05,4265.465,0.782,5.291,-5.182,4.667,SENSING
85941.398,4452.076,3585.05,4265.465,0.782,5.291,-5.182,4.667,LISTENING
85950.0,4458.631,3630.369,4220.738,0.739,5.257,-5.222,4.667,SENSING
85950.0,4458.631,3630.369,4220.738,0.739,5.257,-5.222,4.667,LISTENING
86230.0,4473.284,4925.054,2600.058,-0.639,3.936,-6.276,4.667,SENSING
86230.0,4473.284,4925.054,2600.058,-0.639,3.936,-6.276,4.667,LISTENING
86260.0,4452.003,5040.546,2410.627,-0.786,3.772,-6.358,4.667,SENSING
86260.0,4452.003,5040.546,2410.627,-0.786,3.772,-6.358,4.667,LISTENING
86260.0,4452.003,5040.546,2410.627,-0.786,3.772,-6.358,4.667,SENSING
86260.0,4452.003,5040.546,2410.627,-0.786,3.772,-6.358,4.667,LISTENING
86400.0,4295.365,5512.343,1498.366,-1.455,2.964,-6.658,4.667,SENSING
