plan_index,t_plan,req_id,subtask_index,t_img,u_exp
0,0.0,96d58944,0,2.0,98.0
0,0.0,96d5ad3e,0,4.236,95.764
0,0.0,96d5c8f0,0,5.236,94.764
1,0.0,96d5ad3e,0,4.236,95.764
1,0.0,96d5c8f0,0,5.236,94.764
2,0.0,96d5ad3e,0,4.236,95.764
2,0.0,96d5c8f0,0,5.236,94.764
3,2.0,96d5ad3e,0,4.236,95.764
3,2.0,96d5c8f0,0,5.236,94.764
4,4.236,96d5c8f0,0,5.236,94.764
4,4.236,96d59f24,0,7.472,92.528
5,5.236,96d59f24,0,7.472,92.528
5,5.236,96d5bb3a,0,11.944,88.056
6,7.472,96d5bb3a,0,11.944,88.056
