plan_index,t_plan,req_id,subtask_index,t_img,u_exp
0,0.0,40a2862a,0,2.0,98.0
0,0.0,40a2c130,0,4.236,95.764
0,0.0,40a2de90,0,5.236,94.764
1,0.0,40a2c130,0,4.236,95.764
1,0.0,40a2de90,0,5.236,94.764
2,0.0,40a2c130,0,4.236,95.764
2,0.0,40a2de90,0,5.236,94.764
3,2.0,40a2c130,0,4.236,95.764
3,2.0,40a2de90,0,5.236,94.764
4,4.236,40a2de90,0,5.236,94.764
4,4.236,40a2b10e,0,7.472,92.528
5,5.236,40a2b10e,0,7.472,92.528
5,5.236,40a2cffe,0,11.944,88.056
6,7.472,40a2cffe,0,11.944,88.056
