t,x_pos,y_pos,z_pos,x_vel,y_vel,z_vel,attitude,status
0.0,-0.0,-2765.318,-6514.682,7.505,0.029,0.069,0.0,SENSING
0.0,-0.0,-2765.318,-6514.682,7.505,0.029,0.069,0.0,LISTENING
100.0,748.532,-2746.9,-6471.195,7.463,0.339,0.801,0.0,SENSING
100.0,748.532,-2746.9,-6471.195,7.463,0.339,0.801,0.0,LISTENING
108.444,811.47,-2743.929,-6464.178,7.455,0.366,0.862,0.0,SENSING
108.444,811.47,-2743.929,-6464.178,7.455,0.366,0.862,0.0,MANEUVERING
108.444,811.47,-2743.929,-6464.178,7.455,0.366,0.862,0.0,LISTENING
110.0,823.061,-2743.357,-6462.828,7.454,0.37,0.874,-1.556,MANEUVERING
110.0,823.061,-2743.357,-6462.828,7.454,0.37,0.874,-1.556,SENSING
110.0,823.061,-2743.357,-6462.828,7.454,0.37,0.874,-1.556,MEASURING
110.0,823.061,-2743.357,-6462.828,7.454,0.37,0.874,-1.556,SENSING
110.0,823.061,-2743.357,-6462.828,7.454,0.37,0.874,-1.556,LISTENING
188.037,1400.82,-2705.145,-6372.582,7.356,0.61,1.439,-1.556,SENSING
188.037,1400.82,-2705.145,-6372.582,7.356,0.61,1.439,-1.556,MANEUVERING
188.037,1400.82,-2705.145,-6372.582,7.356,0.61,1.439,-1.556,LISTENING
190.0,1415.246,-2703.943,-6369.744,7.353,0.616,1.454,0.407,MANEUVERING
190.0,1415.246,-2703.943,-6369.744,7.353,0.616,1.454,0.407,SENSING
190.0,1415.246,-2703.943,-6369.744,7.353,0.616,1.454,0.407,MEASURING
190.0,1415.246,-2703.943,-6369.744,7.353,0.616,1.454,0.407,SENSING
190.0,1415.246,-2703.943,-6369.744,7.353,0.616,1.454,0.407,LISTENING
200.0,1488.637,-2697.639,-6354.857,7.336,0.647,1.525,0.407,SENSING
200.0,1488.637,-2697.639,-6354.857,7.336,0.647,1.525,0.407,LISTENING
300.0,2211.934,-2617.993,-6166.751,7.126,0.948,2.235,0.407,SENSING
300.0,2211.934,-2617.993,-6166.751,7.126,0.948,2.235,0.407,LISTENING
400.0,2910.179,-2508.768,-5908.789,6.835,1.239,2.922,0.407,SENSING
400.0,2910.179,-2508.768,-5908.789,6.835,1.239,2.922,0.407,LISTENING
500.0,3575.37,-2371.115,-5583.695,6.465,1.517,3.577,0.407,SENSING
500.0,3575.37,-2371.115,-5583.695,6.465,1.517,3.577,0.407,LISTENING
600.0,4199.837,-2206.516,-5194.982,6.021,1.778,4.194,0.407,SENSING
600.0,4199.837,-2206.516,-5194.982,6.021,1.778,4.194,0.407,LISTENING
608.829,4252.769,-2190.747,-5157.743,5.978,1.8,4.246,0.407,SENSING
608.829,4252.769,-2190.747,-5157.743,5.978,1.8,4.246,0.407,LISTENING
610.0,4259.761,-2188.641,-5152.77,5.972,1.803,4.253,0.407,SENSING
610.0,4259.761,-2188.641,-5152.77,5.972,1.803,4.253,0.407,LISTENING
638.189,4426.037,-2136.915,-5030.621,5.832,1.873,4.417,0.407,SENSING
638.189,4426.037,-2136.915,-5030.621,5.832,1.873,4.417,0.407,LISTENING
640.0,4436.583,-2133.525,-5022.616,5.823,1.877,4.428,0.407,SENSING
640.0,4436.583,-2133.525,-5022.616,5.823,1.877,4.428,0.407,LISTENING
700.0,4776.341,-2016.776,-4746.922,5.506,2.02,4.764,0.407,SENSING
700.0,4776.341,-2016.776,-4746.922,5.506,2.02,4.764,0.407,LISTENING
800.0,5298.164,-1804.0,-4244.501,4.927,2.239,5.28,0.407,SENSING
800.0,5298.164,-1804.0,-4244.501,4.927,2.239,5.28,0.407,LISTENING
859.201,5578.806,-1668.139,-3923.718,4.557,2.357,5.559,0.407,SENSING
859.201,5578.806,-1668.139,-3923.718,4.557,2.357,5.559,0.407,LISTENING
860.0,5582.442,-1666.258,-3919.278,4.552,2.359,5.562,0.407,SENSING
860.0,5582.442,-1666.258,-3919.278,4.552,2.359,5.562,0.407,LISTENING
898.411,5752.376,-1574.43,-3702.471,4.301,2.43,5.731,0.407,SENSING
898.411,5752.376,-1574.43,-3702.471,4.301,2.43,5.731,0.407,LISTENING
900.0,5759.198,-1570.573,-3693.365,4.291,2.433,5.738,0.407,SENSING
900.0,5759.198,-1570.573,-3693.365,4.291,2.433,5.738,0.407,LISTENING
1000.0,6154.024,-1319.131,-3099.755,3.604,2.6,6.129,0.407,SENSING
1000.0,6154.024,-1319.131,-3099.755,3.604,2.6,6.129,0.407,LISTENING
1049.979,6325.053,-1187.596,-2789.253,3.244,2.672,6.299,0.407,SENSING
1049.979,6325.053,-1187.596,-2789.253,3.244,2.672,6.299,0.407,MANEUVERING
1049.979,6325.053,-1187.596,-2789.253,3.244,2.672,6.299,0.407,LISTENING
1050.0,6325.122,-1187.54,-2789.119,3.244,2.672,6.299,0.428,MANEUVERING
1050.0,6325.122,-1187.54,-2789.119,3.244,2.672,6.299,0.428,SENSING
1050.0,6325.122,-1187.54,-2789.119,3.244,2.672,6.299,0.428,MEASURING
1050.0,6325.122,-1187.54,-2789.119,3.244,2.672,6.299,0.428,SENSING
1050.0,6325.122,-1187.54,-2789.119,3.244,2.672,6.299,0.428,LISTENING
1058.516,6352.459,-1164.776,-2735.384,3.181,2.684,6.327,0.428,SENSING
1058.516,6352.459,-1164.776,-2735.384,3.181,2.684,6.327,0.428,MANEUVERING
1058.516,6352.459,-1164.776,-2735.384,3.181,2.684,6.327,0.428,LISTENING
1060.0,6357.169,-1160.799,-2725.997,3.17,2.686,6.331,1.912,MANEUVERING
1060.0,6357.169,-1160.799,-2725.997,3.17,2.686,6.331,1.912,SENSING
1060.0,6357.169,-1160.799,-2725.997,3.17,2.686,6.331,1.912,MEASURING
1060.0,6357.169,-1160.799,-2725.997,3.17,2.686,6.331,1.912,SENSING
1060.0,6357.169,-1160.799,-2725.997,3.17,2.686,6.331,1.912,LISTENING
1087.151,6440.469,-1087.531,-2553.05,2.97,2.721,6.414,1.912,SENSING
1087.151,6440.469,-1087.531,-2553.05,2.97,2.721,6.414,1.912,MANEUVERING
1087.151,6440.469,-1087.531,-2553.05,2.97,2.721,6.414,1.912,LISTENING
1090.0,6448.893,-1079.789,-2534.774,2.948,2.724,6.422,-0.937,MANEUVERING
1090.0,6448.893,-1079.789,-2534.774,2.948,2.724,6.422,-0.937,SENSING
1090.0,6448.893,-1079.789,-2534.774,2.948,2.724,6.422,-0.937,MEASURING
1090.0,6448.893,-1079.789,-2534.774,2.948,2.724,6.422,-0.937,SENSING
1090.0,6448.893,-1079.789,-2534.774,2.948,2.724,6.422,-0.937,LISTENING
1100.0,6477.984,-1052.533,-2470.438,2.874,2.737,6.451,-0.937,SENSING
1100.0,6477.984,-1052.533,-2470.438,2.874,2.737,6.451,-0.937,LISTENING
1149.808,6611.68,-915.031,-2145.892,2.497,2.793,6.584,-0.937,SENSING
1149.808,6611.68,-915.031,-2145.892,2.497,2.793,6.584,-0.937,LISTENING
1150.0,6612.158,-914.496,-2144.628,2.496,2.793,6.585,-0.937,SENSING
1150.0,6612.158,-914.496,-2144.628,2.496,2.793,6.585,-0.937,LISTENING
1189.221,6704.067,-804.353,-1884.674,2.194,2.832,6.676,-0.937,SENSING
1189.221,6704.067,-804.353,-1884.674,2.194,2.832,6.676,-0.937,LISTENING
1190.0,6705.773,-802.15,-1879.475,2.188,2.833,6.678,-0.937,SENSING
1190.0,6705.773,-802.15,-1879.475,2.188,2.833,6.678,-0.937,LISTENING
1200.0,6727.246,-773.825,-1812.625,2.11,2.842,6.699,-0.937,SENSING
1200.0,6727.246,-773.825,-1812.625,2.11,2.842,6.699,-0.937,LISTENING
1300.0,6898.852,-486.204,-1133.88,1.321,2.915,6.87,-0.937,SENSING
1300.0,6898.852,-486.204,-1133.88,1.321,2.915,6.87,-0.937,LISTENING
1400.0,6990.763,-192.979,-442.033,0.517,2.954,6.961,-0.937,SENSING
1400.0,6990.763,-192.979,-442.033,0.517,2.954,6.961,-0.937,LISTENING
1500.0,7001.887,102.47,254.924,-0.294,2.96,6.972,-0.937,SENSING
1500.0,7001.887,102.47,254.924,-0.294,2.96,6.972,-0.937,LISTENING
1600.0,6932.09,396.739,948.935,-1.101,2.931,6.902,-0.937,SENSING
1600.0,6932.09,396.739,948.935,-1.101,2.931,6.902,-0.937,LISTENING
1700.0,6782.204,686.434,1631.978,-1.895,2.868,6.753,-0.937,SENSING
1700.0,6782.204,686.434,1631.978,-1.895,2.868,6.753,-0.937,LISTENING
1800.0,6554.01,968.222,2296.172,-2.667,2.772,6.525,-0.937,SENSING
1800.0,6554.01,968.222,2296.172,-2.667,2.772,6.525,-0.937,LISTENING
1900.0,6250.217,1238.866,2933.87,-3.407,2.645,6.223,-0.937,SENSING
1900.0,6250.217,1238.866,2933.87,-3.407,2.645,6.223,-0.937,LISTENING
2000.0,5874.423,1495.272,3537.76,-4.107,2.487,5.849,-0.937,SENSING
2000.0,5874.423,1495.272,3537.76,-4.107,2.487,5.849,-0.937,LISTENING
2100.0,5431.064,1734.518,4100.947,-4.758,2.302,5.409,-0.937,SENSING
2100.0,5431.064,1734.518,4100.947,-4.758,2.302,5.409,-0.937,LISTENING
2200.0,4925.357,1953.898,4617.04,-5.353,2.09,4.908,-0.937,SENSING
2200.0,4925.357,1953.898,4617.04,-5.353,2.09,4.908,-0.937,LISTENING
2218.854,4823.499,1992.828,4708.582,-5.459,2.047,4.807,-0.937,SENSING
2218.854,4823.499,1992.828,4708.582,-5.459,2.047,4.807,-0.937,LISTENING
2220.0,4817.244,1995.168,4714.084,-5.465,2.045,4.801,-0.937,SENSING
2220.0,4817.244,1995.168,4714.084,-5.465,2.045,4.801,-0.937,LISTENING
2279.431,4483.151,2112.351,4989.538,-5.782,1.905,4.47,-0.937,SENSING
2279.431,4483.151,2112.351,4989.538,-5.782,1.905,4.47,-0.937,LISTENING
2280.0,4479.863,2113.433,4992.079,-5.785,1.903,4.467,-0.937,SENSING
2280.0,4479.863,2113.433,4992.079,-5.785,1.903,4.467,-0.937,LISTENING
2300.0,4363.23,2150.947,5080.226,-5.886,1.855,4.352,-0.937,SENSING
2300.0,4363.23,2150.947,5080.226,-5.886,1.855,4.352,-0.937,LISTENING
2400.0,3751.24,2323.471,5485.339,-6.35,1.599,3.747,-0.937,SENSING
2400.0,3751.24,2323.471,5485.339,-6.35,1.599,3.747,-0.937,LISTENING
2500.0,3096.493,2469.573,5827.908,-6.741,1.326,3.102,-0.937,SENSING
2500.0,3096.493,2469.573,5827.908,-6.741,1.326,3.102,-0.937,LISTENING
2600.0,2406.548,2587.669,6104.214,-7.054,1.038,2.423,-0.937,SENSING
2600.0,2406.548,2587.669,6104.214,-7.054,1.038,2.423,-0.937,LISTENING
2700.0,1689.328,2676.505,6311.316,-7.287,0.74,1.718,-0.937,SENSING
2700.0,1689.328,2676.505,6311.316,-7.287,0.74,1.718,-0.937,LISTENING
2800.0,953.018,2735.171,6447.085,-7.436,0.434,0.996,-0.937,SENSING
2800.0,953.018,2735.171,6447.085,-7.436,0.434,0.996,-0.937,LISTENING
2818.212,817.519,2742.557,6464.017,-7.454,0.378,0.864,-0.937,SENSING
2818.212,817.519,2742.557,6464.017,-7.454,0.378,0.864,-0.937,LISTENING
2820.0,804.198,2743.227,6465.549,-7.456,0.373,0.851,-0.937,SENSING
2820.0,804.198,2743.227,6465.549,-7.456,0.373,0.851,-0.937,LISTENING
2877.474,374.753,2759.506,6502.37,-7.494,0.195,0.431,-0.937,SENSING
2877.474,374.753,2759.506,6502.37,-7.494,0.195,0.431,-0.937,LISTENING
2880.0,355.835,2759.987,6503.434,-7.495,0.187,0.412,-0.937,SENSING
2880.0,355.835,2759.987,6503.434,-7.495,0.187,0.412,-0.937,LISTENING
2900.0,205.97,2763.099,6510.213,-7.501,0.125,0.266,-0.937,SENSING
2900.0,205.97,2763.099,6510.213,-7.501,0.125,0.266,-0.937,LISTENING
3000.0,-543.394,2760.074,6500.22,-7.483,-0.185,-0.465,-0.937,SENSING
3000.0,-543.394,2760.074,6500.22,-7.483,-0.185,-0.465,-0.937,LISTENING
3100.0,-1286.68,2726.229,6417.449,-7.38,-0.492,-1.189,-0.937,SENSING
3100.0,-1286.68,2726.229,6417.449,-7.38,-0.492,-1.189,-0.937,LISTENING
3200.0,-2015.614,2662.036,6263.051,-7.196,-0.793,-1.897,-0.937,SENSING
3200.0,-2015.614,2662.036,6263.051,-7.196,-0.793,-1.897,-0.937,LISTENING
3239.84,-2300.222,2628.176,6181.992,-7.1,-0.91,-2.173,-0.937,SENSING
3239.84,-2300.222,2628.176,6181.992,-7.1,-0.91,-2.173,-0.937,MANEUVERING
3239.84,-2300.222,2628.176,6181.992,-7.1,-0.91,-2.173,-0.937,LISTENING
3240.0,-2301.355,2628.031,6181.645,-7.1,-0.91,-2.174,-0.777,MANEUVERING
3240.0,-2301.355,2628.031,6181.645,-7.1,-0.91,-2.174,-0.777,SENSING
3240.0,-2301.355,2628.031,6181.645,-7.1,-0.91,-2.174,-0.777,MEASURING
3240.0,-2301.355,2628.031,6181.645,-7.1,-0.91,-2.174,-0.777,SENSING
3240.0,-2301.355,2628.031,6181.645,-7.1,-0.91,-2.174,-0.777,LISTENING
3298.681,-2712.995,2569.725,6042.363,-6.936,-1.08,-2.573,-0.777,SENSING
3298.681,-2712.995,2569.725,6042.363,-6.936,-1.08,-2.573,-0.777,MANEUVERING
3298.681,-2712.995,2569.725,6042.363,-6.936,-1.08,-2.573,-0.777,LISTENING
3300.0,-2722.135,2568.301,6038.965,-6.932,-1.084,-2.582,-2.096,MANEUVERING
3300.0,-2722.135,2568.301,6038.965,-6.932,-1.084,-2.582,-2.096,SENSING
3300.0,-2722.135,2568.301,6038.965,-6.932,-1.084,-2.582,-2.096,LISTENING
3400.0,-3398.471,2446.149,5747.882,-6.592,-1.362,-3.237,-2.096,SENSING
3400.0,-3398.471,2446.149,5747.882,-6.592,-1.362,-3.237,-2.096,LISTENING
3500.0,-4037.232,2297.009,5393.215,-6.181,-1.624,-3.854,-2.096,SENSING
3500.0,-4037.232,2297.009,5393.215,-6.181,-1.624,-3.854,-2.096,LISTENING
3600.0,-4631.472,2122.594,4979.045,-5.702,-1.868,-4.426,-2.096,SENSING
3600.0,-4631.472,2122.594,4979.045,-5.702,-1.868,-4.426,-2.096,LISTENING
3700.0,-5174.766,1924.881,4510.08,-5.162,-2.09,-4.949,-2.096,SENSING
3700.0,-5174.766,1924.881,4510.08,-5.162,-2.09,-4.949,-2.096,LISTENING
3729.034,-5322.109,1863.425,4364.399,-4.994,-2.151,-5.091,-2.096,SENSING
3729.034,-5322.109,1863.425,4364.399,-4.994,-2.151,-5.091,-2.096,LISTENING
3730.0,-5326.93,1861.35,4359.48,-4.989,-2.153,-5.095,-2.096,SENSING
3730.0,-5326.93,1861.35,4359.48,-4.989,-2.153,-5.095,-2.096,LISTENING
3777.552,-5557.28,1756.916,4112.003,-4.705,-2.247,-5.317,-2.096,SENSING
3777.552,-5557.28,1756.916,4112.003,-4.705,-2.247,-5.317,-2.096,LISTENING
3780.0,-5568.77,1751.419,4098.981,-4.69,-2.252,-5.328,-2.096,SENSING
3780.0,-5568.77,1751.419,4098.981,-4.69,-2.252,-5.328,-2.096,LISTENING
3800.0,-5661.267,1706.089,3991.593,-4.566,-2.29,-5.416,-2.096,SENSING
3800.0,-5661.267,1706.089,3991.593,-4.566,-2.29,-5.416,-2.096,LISTENING
3900.0,-6085.761,1468.651,3429.366,-3.922,-2.464,-5.824,-2.096,SENSING
3900.0,-6085.761,1468.651,3429.366,-3.922,-2.464,-5.824,-2.096,LISTENING
4000.0,-6443.717,1215.191,2829.627,-3.236,-2.61,-6.166,-2.096,SENSING
4000.0,-6443.717,1215.191,2829.627,-3.236,-2.61,-6.166,-2.096,LISTENING
4019.799,-6506.353,1163.349,2707.005,-3.096,-2.636,-6.226,-2.096,SENSING
4019.799,-6506.353,1163.349,2707.005,-3.096,-2.636,-6.226,-2.096,LISTENING
4020.0,-6506.975,1162.819,2705.753,-3.094,-2.636,-6.227,-2.096,SENSING
4020.0,-6506.975,1162.819,2705.753,-3.094,-2.636,-6.227,-2.096,LISTENING
4049.867,-6596.141,1083.673,2518.581,-2.88,-2.673,-6.312,-2.096,SENSING
4049.867,-6596.141,1083.673,2518.581,-2.88,-2.673,-6.312,-2.096,LISTENING
4050.0,-6596.524,1083.318,2517.742,-2.879,-2.673,-6.313,-2.096,SENSING
4050.0,-6596.524,1083.318,2517.742,-2.879,-2.673,-6.313,-2.096,LISTENING
4100.0,-6731.326,948.495,2198.983,-2.515,-2.729,-6.441,-2.096,SENSING
4100.0,-6731.326,948.495,2198.983,-2.515,-2.729,-6.441,-2.096,LISTENING
4200.0,-6945.537,671.478,1544.35,-1.768,-2.817,-6.646,-2.096,SENSING
4200.0,-6945.537,671.478,1544.35,-1.768,-2.817,-6.646,-2.096,LISTENING
4300.0,-7084.081,387.162,872.884,-1.002,-2.875,-6.778,-2.096,SENSING
4300.0,-7084.081,387.162,872.884,-1.002,-2.875,-6.778,-2.096,LISTENING
4319.672,-7102.288,330.639,739.444,-0.85,-2.882,-6.795,-2.096,SENSING
4319.672,-7102.288,330.639,739.444,-0.85,-2.882,-6.795,-2.096,MANEUVERING
4319.672,-7102.288,330.639,739.444,-0.85,-2.882,-6.795,-2.096,LISTENING
4320.0,-7102.567,329.695,737.214,-0.848,-2.883,-6.796,-2.424,MANEUVERING
4320.0,-7102.567,329.695,737.214,-0.848,-2.883,-6.796,-2.424,SENSING
4320.0,-7102.567,329.695,737.214,-0.848,-2.883,-6.796,-2.424,MEASURING
4320.0,-7102.567,329.695,737.214,-0.848,-2.883,-6.796,-2.424,SENSING
4320.0,-7102.567,329.695,737.214,-0.848,-2.883,-6.796,-2.424,LISTENING
4369.487,-7134.987,186.936,400.261,-0.463,-2.896,-6.826,-2.424,SENSING
4369.487,-7134.987,186.936,400.261,-0.463,-2.896,-6.826,-2.424,MANEUVERING
4369.487,-7134.987,186.936,400.261,-0.463,-2.896,-6.826,-2.424,LISTENING
4370.0,-7135.223,185.452,396.761,-0.459,-2.897,-6.826,-2.937,MANEUVERING
4370.0,-7135.223,185.452,396.761,-0.459,-2.897,-6.826,-2.937,SENSING
4370.0,-7135.223,185.452,396.761,-0.459,-2.897,-6.826,-2.937,MEASURING
4370.0,-7135.223,185.452,396.761,-0.459,-2.897,-6.826,-2.937,SENSING
4370.0,-7135.223,185.452,396.761,-0.459,-2.897,-6.826,-2.937,LISTENING
4400.0,-7145.494,98.64,191.911,-0.226,-2.901,-6.836,-2.937,SENSING
4400.0,-7145.494,98.64,191.911,-0.226,-2.901,-6.836,-2.937,LISTENING
4500.0,-7129.125,-190.954,-491.153,0.553,-2.896,-6.82,-2.937,SENSING
4500.0,-7129.125,-190.954,-491.153,0.553,-2.896,-6.82,-2.937,LISTENING
4600.0,-7035.148,-478.474,-1168.868,1.326,-2.86,-6.729,-2.937,SENSING
4600.0,-7035.148,-478.474,-1168.868,1.326,-2.86,-6.729,-2.937,LISTENING
4700.0,-6864.555,-760.796,-1833.847,2.085,-2.792,-6.565,-2.937,SENSING
4700.0,-6864.555,-760.796,-1833.847,2.085,-2.792,-6.565,-2.937,LISTENING
4800.0,-6619.151,-1034.845,-2478.831,2.822,-2.694,-6.329,-2.937,SENSING
4800.0,-6619.151,-1034.845,-2478.831,2.822,-2.694,-6.329,-2.937,LISTENING
4900.0,-6301.534,-1297.63,-3096.76,3.529,-2.567,-6.024,-2.937,SENSING
4900.0,-6301.534,-1297.63,-3096.76,3.529,-2.567,-6.024,-2.937,LISTENING
5000.0,-5915.08,-1546.272,-3680.844,4.199,-2.411,-5.653,-2.937,SENSING
5000.0,-5915.08,-1546.272,-3680.844,4.199,-2.411,-5.653,-2.937,LISTENING
5100.0,-5463.904,-1778.032,-4224.634,4.823,-2.229,-5.219,-2.937,SENSING
5100.0,-5463.904,-1778.032,-4224.634,4.823,-2.229,-5.219,-2.937,LISTENING
5200.0,-4952.83,-1990.344,-4722.09,5.396,-2.022,-4.726,-2.937,SENSING
5200.0,-4952.83,-1990.344,-4722.09,5.396,-2.022,-4.726,-2.937,LISTENING
5300.0,-4387.344,-2180.839,-5167.644,5.911,-1.792,-4.181,-2.937,SENSING
5300.0,-4387.344,-2180.839,-5167.644,5.911,-1.792,-4.181,-2.937,LISTENING
5388.402,-3847.001,-2329.348,-5514.259,6.314,-1.572,-3.659,-2.937,SENSING
5388.402,-3847.001,-2329.348,-5514.259,6.314,-1.572,-3.659,-2.937,LISTENING
5390.0,-3836.914,-2331.852,-5520.096,6.32,-1.568,-3.649,-2.937,SENSING
5390.0,-3836.914,-2331.852,-5520.096,6.32,-1.568,-3.649,-2.937,LISTENING
5396.945,-3792.949,-2342.657,-5545.28,6.35,-1.55,-3.607,-2.937,SENSING
5396.945,-3792.949,-2342.657,-5545.28,6.35,-1.55,-3.607,-2.937,LISTENING
5400.0,-3773.545,-2347.371,-5556.264,6.362,-1.542,-3.588,-2.937,SENSING
5400.0,-3773.545,-2347.371,-5556.264,6.362,-1.542,-3.588,-2.937,LISTENING
5439.294,-3520.57,-2405.827,-5692.398,6.521,-1.439,-3.343,-2.937,SENSING
5439.294,-3520.57,-2405.827,-5692.398,6.521,-1.439,-3.343,-2.937,LISTENING
5440.0,-3515.971,-2406.84,-5694.755,6.524,-1.437,-3.339,-2.937,SENSING
5440.0,-3515.971,-2406.84,-5694.755,6.524,-1.437,-3.339,-2.937,LISTENING
5489.119,-3191.211,-2474.042,-5851.0,6.706,-1.304,-3.025,-2.937,SENSING
5489.119,-3191.211,-2474.042,-5851.0,6.706,-1.304,-3.025,-2.937,LISTENING
5490.0,-3185.305,-2475.188,-5853.661,6.709,-1.302,-3.019,-2.937,SENSING
5490.0,-3185.305,-2475.188,-5853.661,6.709,-1.302,-3.019,-2.937,LISTENING
5500.0,-3118.085,-2488.043,-5883.51,6.744,-1.274,-2.954,-2.937,SENSING
5500.0,-3118.085,-2488.043,-5883.51,6.744,-1.274,-2.954,-2.937,LISTENING
5600.0,-2428.104,-2601.23,-6145.587,7.053,-0.992,-2.285,-2.937,SENSING
5600.0,-2428.104,-2601.23,-6145.587,7.053,-0.992,-2.285,-2.937,LISTENING
5700.0,-1711.166,-2685.597,-6339.395,7.283,-0.697,-1.589,-2.937,SENSING
5700.0,-1711.166,-2685.597,-6339.395,7.283,-0.697,-1.589,-2.937,LISTENING
5800.0,-975.173,-2740.121,-6462.568,7.433,-0.394,-0.873,-2.937,SENSING
5800.0,-975.173,-2740.121,-6462.568,7.433,-0.394,-0.873,-2.937,LISTENING
5900.0,-228.29,-2764.099,-6513.508,7.501,-0.086,-0.145,-2.937,SENSING
5900.0,-228.29,-2764.099,-6513.508,7.501,-0.086,-0.145,-2.937,LISTENING
6000.0,521.149,-2757.166,-6491.417,7.484,0.225,0.587,-2.937,SENSING
6000.0,521.149,-2757.166,-6491.417,7.484,0.225,0.587,-2.937,LISTENING
6038.418,807.971,-2746.269,-6463.489,7.456,0.344,0.868,-2.937,SENSING
6038.418,807.971,-2746.269,-6463.489,7.456,0.344,0.868,-2.937,MANEUVERING
6038.418,807.971,-2746.269,-6463.489,7.456,0.344,0.868,-2.937,LISTENING
6040.0,819.754,-2745.722,-6462.108,7.454,0.349,0.879,-1.356,MANEUVERING
6040.0,819.754,-2745.722,-6462.108,7.454,0.349,0.879,-1.356,SENSING
6040.0,819.754,-2745.722,-6462.108,7.454,0.349,0.879,-1.356,MEASURING
6040.0,819.754,-2745.722,-6462.108,7.454,0.349,0.879,-1.356,SENSING
6040.0,819.754,-2745.722,-6462.108,7.454,0.349,0.879,-1.356,LISTENING
6089.588,1187.824,-2724.682,-6409.601,7.398,0.501,1.239,-1.356,SENSING
6089.588,1187.824,-2724.682,-6409.601,7.398,0.501,1.239,-1.356,MANEUVERING
6089.588,1187.824,-2724.682,-6409.601,7.398,0.501,1.239,-1.356,LISTENING
6090.0,1190.87,-2724.475,-6409.09,7.397,0.503,1.242,-0.944,MANEUVERING
6090.0,1190.87,-2724.475,-6409.09,7.397,0.503,1.242,-0.944,SENSING
6090.0,1190.87,-2724.475,-6409.09,7.397,0.503,1.242,-0.944,MEASURING
6090.0,1190.87,-2724.475,-6409.09,7.397,0.503,1.242,-0.944,SENSING
6090.0,1190.87,-2724.475,-6409.09,7.397,0.503,1.242,-0.944,LISTENING
6100.0,1264.723,-2719.304,-6396.312,7.384,0.533,1.315,-0.944,SENSING
6100.0,1264.723,-2719.304,-6396.312,7.384,0.533,1.315,-0.944,LISTENING
6200.0,1994.03,-2650.839,-6229.035,7.199,0.837,2.03,-0.944,SENSING
6200.0,1994.03,-2650.839,-6229.035,7.199,0.837,2.03,-0.944,LISTENING
6300.0,2700.772,-2552.449,-5991.256,6.932,1.132,2.724,-0.944,SENSING
6300.0,2700.772,-2552.449,-5991.256,6.932,1.132,2.724,-0.944,LISTENING
6400.0,3376.863,-2425.16,-5685.465,6.586,1.416,3.389,-0.944,SENSING
6400.0,3376.863,-2425.16,-5685.465,6.586,1.416,3.389,-0.944,LISTENING
6439.075,3631.019,-2367.853,-5548.182,6.43,1.522,3.64,-0.944,SENSING
6439.075,3631.019,-2367.853,-5548.182,6.43,1.522,3.64,-0.944,LISTENING
6440.0,3636.961,-2366.446,-5544.814,6.426,1.525,3.646,-0.944,SENSING
6440.0,3636.961,-2366.446,-5544.814,6.426,1.525,3.646,-0.944,LISTENING
6487.65,3938.104,-2290.89,-5364.078,6.22,1.651,3.943,-0.944,SENSING
6487.65,3938.104,-2290.89,-5364.078,6.22,1.651,3.943,-0.944,LISTENING
6490.0,3952.698,-2287.009,-5354.801,6.209,1.658,3.957,-0.944,SENSING
6490.0,3952.698,-2287.009,-5354.801,6.209,1.658,3.957,-0.944,LISTENING
6500.0,4014.52,-2270.333,-5314.946,6.164,1.684,4.018,-0.944,SENSING
6500.0,4014.52,-2270.333,-5314.946,6.164,1.684,4.018,-0.944,LISTENING
6600.0,4606.364,-2089.656,-4883.754,5.67,1.933,4.602,-0.944,SENSING
6600.0,4606.364,-2089.656,-4883.754,5.67,1.933,4.602,-0.944,LISTENING
6700.0,5145.508,-1885.126,-4396.672,5.11,2.161,5.135,-0.944,SENSING
6700.0,5145.508,-1885.126,-4396.672,5.11,2.161,5.135,-0.944,LISTENING
6800.0,5625.65,-1659.029,-3859.158,4.49,2.365,5.61,-0.944,SENSING
6800.0,5625.65,-1659.029,-3859.158,4.49,2.365,5.61,-0.944,LISTENING
6879.839,5962.836,-1464.729,-3397.854,3.957,2.508,5.944,-0.944,SENSING
6879.839,5962.836,-1464.729,-3397.854,3.957,2.508,5.944,-0.944,LISTENING
6880.0,5963.47,-1464.327,-3396.9,3.956,2.509,5.945,-0.944,SENSING
6880.0,5963.47,-1464.327,-3396.9,3.956,2.509,5.945,-0.944,LISTENING
6898.312,6034.704,-1418.192,-3287.443,3.829,2.539,6.016,-0.944,SENSING
6898.312,6034.704,-1418.192,-3287.443,3.829,2.539,6.016,-0.944,LISTENING
6900.0,6041.154,-1413.912,-3277.288,3.818,2.542,6.022,-0.944,SENSING
6900.0,6041.154,-1413.912,-3277.288,3.818,2.542,6.022,-0.944,LISTENING
6929.085,6149.148,-1339.442,-3100.659,3.613,2.588,6.129,-0.944,SENSING
6929.085,6149.148,-1339.442,-3100.659,3.613,2.588,6.129,-0.944,LISTENING
6930.0,6152.448,-1337.078,-3095.055,3.607,2.589,6.132,-0.944,SENSING
6930.0,6152.448,-1337.078,-3095.055,3.607,2.589,6.132,-0.944,LISTENING
6978.738,6319.599,-1209.34,-2792.235,3.256,2.661,6.298,-0.944,SENSING
6978.738,6319.599,-1209.34,-2792.235,3.256,2.661,6.298,-0.944,LISTENING
6980.0,6323.7,-1205.987,-2784.289,3.247,2.663,6.302,-0.944,SENSING
6980.0,6323.7,-1205.987,-2784.289,3.247,2.663,6.302,-0.944,LISTENING
7000.0,6387.122,-1152.557,-2657.683,3.1,2.69,6.365,-0.944,SENSING
7000.0,6387.122,-1152.557,-2657.683,3.1,2.69,6.365,-0.944,LISTENING
7100.0,6659.465,-877.945,-2007.432,2.345,2.807,6.634,-0.944,SENSING
7100.0,6659.465,-877.945,-2007.432,2.345,2.807,6.634,-0.944,LISTENING
7109.834,6682.143,-850.341,-1942.109,2.27,2.817,6.657,-0.944,SENSING
7109.834,6682.143,-850.341,-1942.109,2.27,2.817,6.657,-0.944,LISTENING
7110.0,6682.518,-849.875,-1941.006,2.268,2.817,6.657,-0.944,SENSING
7110.0,6682.518,-849.875,-1941.006,2.268,2.817,6.657,-0.944,LISTENING
7118.611,6701.751,-825.625,-1883.627,2.202,2.825,6.676,-0.944,SENSING
7118.611,6701.751,-825.625,-1883.627,2.202,2.825,6.676,-0.944,LISTENING
7120.0,6704.799,-821.707,-1874.356,2.191,2.827,6.679,-0.944,SENSING
7120.0,6704.799,-821.707,-1874.356,2.191,2.827,6.679,-0.944,LISTENING
7200.0,6854.956,-593.224,-1334.006,1.563,2.892,6.828,-0.944,SENSING
7200.0,6854.956,-593.224,-1334.006,1.563,2.892,6.828,-0.944,LISTENING
7300.0,6971.273,-301.666,-645.168,0.762,2.944,6.943,-0.944,SENSING
7300.0,6971.273,-301.666,-645.168,0.762,2.944,6.943,-0.944,LISTENING
7400.0,7007.033,-6.629,51.128,-0.047,2.962,6.977,-0.944,SENSING
7400.0,7007.033,-6.629,51.128,-0.047,2.962,6.977,-0.944,LISTENING
7438.526,6999.193,107.245,319.668,-0.36,2.96,6.969,-0.944,SENSING
7438.526,6999.193,107.245,319.668,-0.36,2.96,6.969,-0.944,LISTENING
7440.0,6998.654,111.598,329.932,-0.372,2.959,6.968,-0.944,SENSING
7440.0,6998.654,111.598,329.932,-0.372,2.959,6.968,-0.944,LISTENING
7499.136,6962.549,285.945,740.847,-0.85,2.946,6.932,-0.944,SENSING
7499.136,6962.549,285.945,740.847,-0.85,2.946,6.932,-0.944,LISTENING
7500.0,6961.812,288.485,746.833,-0.857,2.945,6.931,-0.944,SENSING
7500.0,6961.812,288.485,746.833,-0.857,2.945,6.931,-0.944,LISTENING
7539.431,6921.806,404.125,1019.225,-1.174,2.93,6.89,-0.944,SENSING
7539.431,6921.806,404.125,1019.225,-1.174,2.93,6.89,-0.944,LISTENING
7540.0,6921.137,405.789,1023.146,-1.178,2.929,6.89,-0.944,SENSING
7540.0,6921.137,405.789,1023.146,-1.178,2.929,6.89,-0.944,LISTENING
7579.09,6869.017,519.703,1291.346,-1.49,2.909,6.837,-0.944,SENSING
7579.09,6869.017,519.703,1291.346,-1.49,2.909,6.837,-0.944,LISTENING
7580.0,6867.659,522.345,1297.565,-1.497,2.908,6.836,-0.944,SENSING
7580.0,6867.659,522.345,1297.565,-1.497,2.908,6.836,-0.944,LISTENING
7600.0,6836.149,580.274,1433.906,-1.656,2.895,6.804,-0.944,SENSING
7600.0,6836.149,580.274,1433.906,-1.656,2.895,6.804,-0.944,LISTENING
7700.0,6631.538,865.378,2104.413,-2.435,2.812,6.6,-0.944,SENSING
7700.0,6631.538,865.378,2104.413,-2.435,2.812,6.6,-0.944,LISTENING
7800.0,6350.41,1140.519,2750.63,-3.186,2.696,6.319,-0.944,SENSING
7800.0,6350.41,1140.519,2750.63,-3.186,2.696,6.319,-0.944,LISTENING
7900.0,5996.097,1402.547,3365.138,-3.899,2.549,5.966,-0.944,SENSING
7900.0,5996.097,1402.547,3365.138,-3.899,2.549,5.966,-0.944,LISTENING
8000.0,5572.787,1648.473,3940.909,-4.565,2.374,5.545,-0.944,SENSING
8000.0,5572.787,1648.473,3940.909,-4.565,2.374,5.545,-0.944,LISTENING
8100.0,5085.467,1875.508,4471.399,-5.178,2.171,5.061,-0.944,SENSING
8100.0,5085.467,1875.508,4471.399,-5.178,2.171,5.061,-0.944,LISTENING
8200.0,4539.855,2081.094,4950.62,-5.731,1.944,4.52,-0.944,SENSING
8200.0,4539.855,2081.094,4950.62,-5.731,1.944,4.52,-0.944,LISTENING
8300.0,3942.326,2262.936,5373.208,-6.217,1.696,3.929,-0.944,SENSING
8300.0,3942.326,2262.936,5373.208,-6.217,1.696,3.929,-0.944,LISTENING
8319.396,3820.995,2295.282,5448.208,-6.303,1.645,3.809,-0.944,SENSING
8319.396,3820.995,2295.282,5448.208,-6.303,1.645,3.809,-0.944,LISTENING
8320.0,3817.193,2296.273,5450.505,-6.305,1.644,3.805,-0.944,SENSING
8320.0,3817.193,2296.273,5450.505,-6.305,1.644,3.805,-0.944,LISTENING
8329.361,3758.022,2311.518,5485.831,-6.346,1.619,3.746,-0.944,SENSING
8329.361,3758.022,2311.518,5485.831,-6.346,1.619,3.746,-0.944,LISTENING
8330.0,3753.969,2312.55,5488.223,-6.348,1.617,3.742,-0.944,SENSING
8330.0,3753.969,2312.55,5488.223,-6.348,1.617,3.742,-0.944,LISTENING
8400.0,3299.828,2419.025,5734.485,-6.63,1.429,3.294,-0.944,SENSING
8400.0,3299.828,2419.025,5734.485,-6.63,1.429,3.294,-0.944,LISTENING
8500.0,2619.792,2547.659,6030.508,-6.967,1.146,2.624,-0.944,SENSING
8500.0,2619.792,2547.659,6030.508,-6.967,1.146,2.624,-0.944,LISTENING
8549.93,2268.628,2601.167,6152.867,-7.106,1.0,2.279,-0.944,SENSING
8549.93,2268.628,2601.167,6152.867,-7.106,1.0,2.279,-0.944,LISTENING
8550.0,2268.128,2601.238,6153.027,-7.106,1.0,2.278,-0.944,SENSING
8550.0,2268.128,2601.238,6153.027,-7.106,1.0,2.278,-0.944,LISTENING
8569.226,2131.141,2619.889,6195.512,-7.154,0.943,2.143,-0.944,SENSING
8569.226,2131.141,2619.889,6195.512,-7.154,0.943,2.143,-0.944,LISTENING
8570.0,2125.607,2620.617,6197.168,-7.156,0.941,2.138,-0.944,SENSING
8570.0,2125.607,2620.617,6197.168,-7.156,0.941,2.138,-0.944,LISTENING
8600.0,1910.038,2647.462,6258.106,-7.224,0.852,1.926,-0.944,SENSING
8600.0,1910.038,2647.462,6258.106,-7.224,0.852,1.926,-0.944,LISTENING
8700.0,1178.683,2717.396,6414.911,-7.399,0.548,1.209,-0.944,SENSING
8700.0,1178.683,2717.396,6414.911,-7.399,0.548,1.209,-0.944,LISTENING
8800.0,434.037,2756.765,6499.372,-7.49,0.24,0.48,-0.944,SENSING
8800.0,434.037,2756.765,6499.372,-7.49,0.24,0.48,-0.944,LISTENING
8900.0,-315.491,2765.224,6510.769,-7.497,-0.07,-0.252,-0.944,SENSING
8900.0,-315.491,2765.224,6510.769,-7.497,-0.07,-0.252,-0.944,LISTENING
9000.0,-1061.487,2742.778,6449.204,-7.42,-0.379,-0.979,-0.944,SENSING
9000.0,-1061.487,2742.778,6449.204,-7.42,-0.379,-0.979,-0.944,LISTENING
9100.0,-1795.634,2689.772,6315.595,-7.26,-0.682,-1.692,-0.944,SENSING
9100.0,-1795.634,2689.772,6315.595,-7.26,-0.682,-1.692,-0.944,LISTENING
9119.355,-1935.668,2676.035,6281.544,-7.22,-0.74,-1.828,-0.944,SENSING
9119.355,-1935.668,2676.035,6281.544,-7.22,-0.74,-1.828,-0.944,LISTENING
9120.0,-1940.322,2675.558,6280.364,-7.218,-0.742,-1.833,-0.944,SENSING
9120.0,-1940.322,2675.558,6280.364,-7.218,-0.742,-1.833,-0.944,LISTENING
9178.989,-2361.796,2626.739,6160.227,-7.077,-0.916,-2.241,-0.944,SENSING
9178.989,-2361.796,2626.739,6160.227,-7.077,-0.916,-2.241,-0.944,LISTENING
9180.0,-2368.944,2625.814,6157.959,-7.074,-0.919,-2.248,-0.944,SENSING
9180.0,-2368.944,2625.814,6157.959,-7.074,-0.919,-2.248,-0.944,LISTENING
9200.0,-2509.796,2606.891,6111.651,-7.02,-0.977,-2.385,-0.944,SENSING
9200.0,-2509.796,2606.891,6111.651,-7.02,-0.977,-2.385,-0.944,LISTENING
9218.989,-2642.493,2587.856,6065.171,-6.966,-1.032,-2.513,-0.944,SENSING
9218.989,-2642.493,2587.856,6065.171,-6.966,-1.032,-2.513,-0.944,MANEUVERING
9218.989,-2642.493,2587.856,6065.171,-6.966,-1.032,-2.513,-0.944,LISTENING
9220.0,-2649.532,2586.813,6062.627,-6.963,-1.035,-2.52,0.068,MANEUVERING
9220.0,-2649.532,2586.813,6062.627,-6.963,-1.035,-2.52,0.068,SENSING
9220.0,-2649.532,2586.813,6062.627,-6.963,-1.035,-2.52,0.068,MEASURING
9220.0,-2649.532,2586.813,6062.627,-6.963,-1.035,-2.52,0.068,SENSING
9220.0,-2649.532,2586.813,6062.627,-6.963,-1.035,-2.52,0.068,LISTENING
9259.026,-2918.755,2544.343,5959.234,-6.842,-1.146,-2.781,0.068,SENSING
9259.026,-2918.755,2544.343,5959.234,-6.842,-1.146,-2.781,0.068,MANEUVERING
9259.026,-2918.755,2544.343,5959.234,-6.842,-1.146,-2.781,0.068,LISTENING
9259.664,-2923.115,2543.614,5957.461,-6.84,-1.147,-2.785,-0.57,MANEUVERING
9259.664,-2923.115,2543.614,5957.461,-6.84,-1.147,-2.785,-0.57,SENSING
9259.664,-2923.115,2543.614,5957.461,-6.84,-1.147,-2.785,-0.57,LISTENING
9260.0,-2925.413,2543.228,5956.524,-6.839,-1.148,-2.787,-0.57,SENSING
9260.0,-2925.413,2543.228,5956.524,-6.839,-1.148,-2.787,-0.57,MEASURING
9260.0,-2925.413,2543.228,5956.524,-6.839,-1.148,-2.787,-0.57,SENSING
9260.0,-2925.413,2543.228,5956.524,-6.839,-1.148,-2.787,-0.57,LISTENING
9300.0,-3196.105,2495.142,5839.85,-6.703,-1.26,-3.049,-0.57,SENSING
9300.0,-3196.105,2495.142,5839.85,-6.703,-1.26,-3.049,-0.57,LISTENING
9400.0,-3847.048,2355.842,5503.394,-6.313,-1.529,-3.677,-0.57,SENSING
9400.0,-3847.048,2355.842,5503.394,-6.313,-1.529,-3.677,-0.57,LISTENING
9500.0,-4455.537,2190.6,5106.176,-5.854,-1.779,-4.264,-0.57,SENSING
9500.0,-4455.537,2190.6,5106.176,-5.854,-1.779,-4.264,-0.57,LISTENING
9558.279,-4787.938,2083.07,4848.43,-5.558,-1.917,-4.583,-0.57,SENSING
9558.279,-4787.938,2083.07,4848.43,-5.558,-1.917,-4.583,-0.57,MANEUVERING
9558.279,-4787.938,2083.07,4848.43,-5.558,-1.917,-4.583,-0.57,LISTENING
9560.0,-4797.488,2079.774,4840.538,-5.548,-1.92,-4.593,1.151,MANEUVERING
9560.0,-4797.488,2079.774,4840.538,-5.548,-1.92,-4.593,1.151,SENSING
9560.0,-4797.488,2079.774,4840.538,-5.548,-1.92,-4.593,1.151,MEASURING
9560.0,-4797.488,2079.774,4840.538,-5.548,-1.92,-4.593,1.151,SENSING
9560.0,-4797.488,2079.774,4840.538,-5.548,-1.92,-4.593,1.151,LISTENING
9578.484,-4899.063,2043.956,4754.788,-5.45,-1.962,-4.69,1.151,SENSING
9578.484,-4899.063,2043.956,4754.788,-5.45,-1.962,-4.69,1.151,MANEUVERING
9578.484,-4899.063,2043.956,4754.788,-5.45,-1.962,-4.69,1.151,LISTENING
9578.813,-4900.855,2043.311,4753.246,-5.448,-1.963,-4.692,1.48,MANEUVERING
9578.813,-4900.855,2043.311,4753.246,-5.448,-1.963,-4.692,1.48,SENSING
9578.813,-4900.855,2043.311,4753.246,-5.448,-1.963,-4.692,1.48,LISTENING
9580.0,-4907.313,2040.984,4747.675,-5.442,-1.966,-4.698,1.48,SENSING
9580.0,-4907.313,2040.984,4747.675,-5.442,-1.966,-4.698,1.48,MEASURING
9580.0,-4907.313,2040.984,4747.675,-5.442,-1.966,-4.698,1.48,SENSING
9580.0,-4907.313,2040.984,4747.675,-5.442,-1.966,-4.698,1.48,LISTENING
9600.0,-5014.98,2001.297,4652.724,-5.332,-2.01,-4.802,1.48,SENSING
9600.0,-5014.98,2001.297,4652.724,-5.332,-2.01,-4.802,1.48,LISTENING
9700.0,-5519.35,1790.064,4148.152,-4.753,-2.218,-5.286,1.48,SENSING
9700.0,-5519.35,1790.064,4148.152,-4.753,-2.218,-5.286,1.48,LISTENING
9729.163,-5655.272,1724.665,3992.176,-4.574,-2.275,-5.416,1.48,SENSING
9729.163,-5655.272,1724.665,3992.176,-4.574,-2.275,-5.416,1.48,LISTENING
9730.0,-5659.096,1722.764,3987.643,-4.569,-2.276,-5.42,1.48,SENSING
9730.0,-5659.096,1722.764,3987.643,-4.569,-2.276,-5.42,1.48,LISTENING
9798.011,-5955.027,1564.022,3609.446,-4.136,-2.399,-5.703,1.48,SENSING
9798.011,-5955.027,1564.022,3609.446,-4.136,-2.399,-5.703,1.48,LISTENING
9800.0,-5963.235,1559.256,3598.101,-4.123,-2.402,-5.711,1.48,SENSING
9800.0,-5963.235,1559.256,3598.101,-4.123,-2.402,-5.711,1.48,LISTENING
9900.0,-6341.889,1311.43,3008.672,-3.449,-2.559,-6.073,1.48,SENSING
9900.0,-6341.889,1311.43,3008.672,-3.449,-2.559,-6.073,1.48,LISTENING
10000.0,-6651.282,1049.312,2386.37,-2.738,-2.688,-6.368,1.48,SENSING
10000.0,-6651.282,1049.312,2386.37,-2.738,-2.688,-6.368,1.48,LISTENING
10100.0,-6888.126,775.773,1738.027,-1.998,-2.788,-6.594,1.48,SENSING
10100.0,-6888.126,775.773,1738.027,-1.998,-2.788,-6.594,1.48,LISTENING
10109.956,-6907.633,748.027,1672.32,-1.923,-2.796,-6.612,1.48,SENSING
10109.956,-6907.633,748.027,1672.32,-1.923,-2.796,-6.612,1.48,LISTENING
10110.0,-6907.717,747.905,1672.032,-1.923,-2.796,-6.612,1.48,SENSING
10110.0,-6907.717,747.905,1672.032,-1.923,-2.796,-6.612,1.48,LISTENING
10199.078,-7048.769,496.428,1076.953,-1.244,-2.857,-6.746,1.48,SENSING
10199.078,-7048.769,496.428,1076.953,-1.244,-2.857,-6.746,1.48,LISTENING
10200.0,-7049.912,493.799,1070.736,-1.237,-2.857,-6.747,1.48,SENSING
10200.0,-7049.912,493.799,1070.736,-1.237,-2.857,-6.747,1.48,LISTENING
10300.0,-7134.929,206.458,391.781,-0.463,-2.895,-6.827,1.48,SENSING
10300.0,-7134.929,206.458,391.781,-0.463,-2.895,-6.827,1.48,LISTENING
10308.619,-7138.628,181.542,332.954,-0.396,-2.897,-6.83,1.48,SENSING
10308.619,-7138.628,181.542,332.954,-0.396,-2.897,-6.83,1.48,LISTENING
10310.0,-7139.166,177.549,323.528,-0.385,-2.897,-6.831,1.48,SENSING
10310.0,-7139.166,177.549,323.528,-0.385,-2.897,-6.831,1.48,LISTENING
10348.803,-7148.242,65.218,58.42,-0.083,-2.902,-6.839,1.48,SENSING
10348.803,-7148.242,65.218,58.42,-0.083,-2.902,-6.839,1.48,LISTENING
10349.26,-7148.279,63.895,55.297,-0.079,-2.903,-6.839,1.48,SENSING
10349.26,-7148.279,63.895,55.297,-0.079,-2.903,-6.839,1.48,LISTENING
10350.0,-7148.335,61.751,50.238,-0.074,-2.903,-6.839,1.48,SENSING
10350.0,-7148.335,61.751,50.238,-0.074,-2.903,-6.839,1.48,LISTENING
10400.0,-7142.277,-83.125,-291.442,0.316,-2.902,-6.832,1.48,SENSING
10400.0,-7142.277,-83.125,-291.442,0.316,-2.902,-6.832,1.48,LISTENING
10500.0,-7071.877,-371.807,-971.49,1.092,-2.877,-6.763,1.48,SENSING
10500.0,-7071.877,-371.807,-971.49,1.092,-2.877,-6.763,1.48,LISTENING
10600.0,-6924.472,-656.451,-1640.956,1.856,-2.821,-6.621,1.48,SENSING
10600.0,-6924.472,-656.451,-1640.956,1.856,-2.821,-6.621,1.48,LISTENING
10700.0,-6701.621,-933.959,-2292.533,2.6,-2.734,-6.406,1.48,SENSING
10700.0,-6701.621,-933.959,-2292.533,2.6,-2.734,-6.406,1.48,LISTENING
10800.0,-6405.682,-1201.304,-2919.097,3.317,-2.618,-6.121,1.48,SENSING
10800.0,-6405.682,-1201.304,-2919.097,3.317,-2.618,-6.121,1.48,LISTENING
10839.746,-6268.432,-1304.088,-3159.648,3.593,-2.563,-5.988,1.48,SENSING
10839.746,-6268.432,-1304.088,-3159.648,3.593,-2.563,-5.988,1.48,LISTENING
10840.0,-6267.52,-1304.738,-3161.168,3.595,-2.563,-5.987,1.48,SENSING
10840.0,-6267.52,-1304.738,-3161.168,3.595,-2.563,-5.987,1.48,LISTENING
10869.372,-6159.072,-1379.249,-3335.422,3.794,-2.52,-5.883,1.48,SENSING
10869.372,-6159.072,-1379.249,-3335.422,3.794,-2.52,-5.883,1.48,LISTENING
10870.0,-6156.689,-1380.828,-3339.114,3.799,-2.519,-5.881,1.48,SENSING
10870.0,-6156.689,-1380.828,-3339.114,3.799,-2.519,-5.881,1.48,LISTENING
10900.0,-6039.796,-1455.562,-3513.771,3.999,-2.472,-5.768,1.48,SENSING
10900.0,-6039.796,-1455.562,-3513.771,3.999,-2.472,-5.768,1.48,LISTENING
11000.0,-5607.856,-1693.938,-4069.998,4.638,-2.3,-5.352,1.48,SENSING
11000.0,-5607.856,-1693.938,-4069.998,4.638,-2.3,-5.352,1.48,LISTENING
11100.0,-5114.475,-1913.796,-4581.613,5.228,-2.102,-4.876,1.48,SENSING
11100.0,-5114.475,-1913.796,-4581.613,5.228,-2.102,-4.876,1.48,LISTENING
11159.539,-4793.683,-2034.889,-4862.668,5.552,-1.972,-4.567,1.48,SENSING
11159.539,-4793.683,-2034.889,-4862.668,5.552,-1.972,-4.567,1.48,LISTENING
11160.0,-4791.128,-2035.795,-4864.77,5.555,-1.971,-4.564,1.48,SENSING
11160.0,-4791.128,-2035.795,-4864.77,5.555,-1.971,-4.564,1.48,LISTENING
11179.569,-4681.502,-2073.869,-4953.007,5.657,-1.927,-4.458,1.48,SENSING
11179.569,-4681.502,-2073.869,-4953.007,5.657,-1.927,-4.458,1.48,LISTENING
11179.734,-4680.567,-2074.187,-4953.743,5.658,-1.927,-4.457,1.48,SENSING
11179.734,-4680.567,-2074.187,-4953.743,5.658,-1.927,-4.457,1.48,LISTENING
11180.0,-4679.065,-2074.698,-4954.927,5.659,-1.926,-4.456,1.48,SENSING
11180.0,-4679.065,-2074.698,-4954.927,5.659,-1.926,-4.456,1.48,LISTENING
11200.0,-4564.941,-2112.689,-5042.901,5.761,-1.88,-4.346,1.48,SENSING
11200.0,-4564.941,-2112.689,-5042.901,5.761,-1.88,-4.346,1.48,LISTENING
11300.0,-3965.174,-2288.384,-5448.668,6.232,-1.637,-3.766,1.48,SENSING
11300.0,-3965.174,-2288.384,-5448.668,6.232,-1.637,-3.766,1.48,LISTENING
11400.0,-3321.662,-2438.89,-5794.295,6.636,-1.376,-3.143,1.48,SENSING
11400.0,-3321.662,-2438.89,-5794.295,6.636,-1.376,-3.143,1.48,LISTENING
11500.0,-2641.406,-2562.475,-6075.793,6.967,-1.098,-2.484,1.48,SENSING
11500.0,-2641.406,-2562.475,-6075.793,6.967,-1.098,-2.484,1.48,LISTENING
11528.807,-2439.671,-2592.869,-6144.5,7.048,-1.016,-2.288,1.48,SENSING
11528.807,-2439.671,-2592.869,-6144.5,7.048,-1.016,-2.288,1.48,MANEUVERING
11528.807,-2439.671,-2592.869,-6144.5,7.048,-1.016,-2.288,1.48,LISTENING
11530.0,-2431.266,-2594.077,-6147.224,7.051,-1.012,-2.28,2.673,MANEUVERING
11530.0,-2431.266,-2594.077,-6147.224,7.051,-1.012,-2.28,2.673,SENSING
11530.0,-2431.266,-2594.077,-6147.224,7.051,-1.012,-2.28,2.673,MEASURING
11530.0,-2431.266,-2594.077,-6147.224,7.051,-1.012,-2.28,2.673,SENSING
11530.0,-2431.266,-2594.077,-6147.224,7.051,-1.012,-2.28,2.673,LISTENING
11567.631,-2164.261,-2630.053,-6228.119,7.148,-0.903,-2.021,2.673,SENSING
11567.631,-2164.261,-2630.053,-6228.119,7.148,-0.903,-2.021,2.673,MANEUVERING
11567.631,-2164.261,-2630.053,-6228.119,7.148,-0.903,-2.021,2.673,LISTENING
11570.0,-2147.334,-2632.18,-6232.884,7.153,-0.896,-2.004,0.304,MANEUVERING
11570.0,-2147.334,-2632.18,-6232.884,7.153,-0.896,-2.004,0.304,SENSING
11570.0,-2147.334,-2632.18,-6232.884,7.153,-0.896,-2.004,0.304,MEASURING
11570.0,-2147.334,-2632.18,-6232.884,7.153,-0.896,-2.004,0.304,SENSING
11570.0,-2147.334,-2632.18,-6232.884,7.153,-0.896,-2.004,0.304,LISTENING
11600.0,-1931.848,-2657.693,-6289.853,7.221,-0.808,-1.795,0.304,SENSING
11600.0,-1931.848,-2657.693,-6289.853,7.221,-0.808,-1.795,0.304,LISTENING
11700.0,-1200.797,-2723.404,-6433.89,7.396,-0.507,-1.084,0.304,SENSING
11700.0,-1200.797,-2723.404,-6433.89,7.396,-0.507,-1.084,0.304,LISTENING
11759.598,-758.201,-2748.18,-6485.648,7.462,-0.325,-0.653,0.304,SENSING
11759.598,-758.201,-2748.18,-6485.648,7.462,-0.325,-0.653,0.304,LISTENING
11760.0,-755.207,-2748.31,-6485.91,7.462,-0.324,-0.65,0.304,SENSING
11760.0,-755.207,-2748.31,-6485.91,7.462,-0.324,-0.65,0.304,LISTENING
11799.172,-462.542,-2758.615,-6505.78,7.489,-0.203,-0.365,0.304,SENSING
11799.172,-462.542,-2758.615,-6505.78,7.489,-0.203,-0.365,0.304,LISTENING
11800.0,-456.345,-2758.782,-6506.08,7.489,-0.201,-0.359,0.304,SENSING
11800.0,-456.345,-2758.782,-6506.08,7.489,-0.201,-0.359,0.304,LISTENING
11808.999,-388.98,-2760.459,-6509.011,7.494,-0.173,-0.293,0.304,SENSING
11808.999,-388.98,-2760.459,-6509.011,7.494,-0.173,-0.293,0.304,MANEUVERING
11808.999,-388.98,-2760.459,-6509.011,7.494,-0.173,-0.293,0.304,LISTENING
11810.0,-381.482,-2760.63,-6509.3,7.494,-0.17,-0.286,-0.697,MANEUVERING
11810.0,-381.482,-2760.63,-6509.3,7.494,-0.17,-0.286,-0.697,SENSING
11810.0,-381.482,-2760.63,-6509.3,7.494,-0.17,-0.286,-0.697,MEASURING
11810.0,-381.482,-2760.63,-6509.3,7.494,-0.17,-0.286,-0.697,SENSING
11810.0,-381.482,-2760.63,-6509.3,7.494,-0.17,-0.286,-0.697,LISTENING
11848.884,-90.051,-2764.877,-6514.88,7.504,-0.049,-0.001,-0.697,SENSING
11848.884,-90.051,-2764.877,-6514.88,7.504,-0.049,-0.001,-0.697,MANEUVERING
11848.884,-90.051,-2764.877,-6514.88,7.504,-0.049,-0.001,-0.697,LISTENING
11850.0,-81.681,-2764.93,-6514.877,7.504,-0.046,0.007,0.419,MANEUVERING
11850.0,-81.681,-2764.93,-6514.877,7.504,-0.046,0.007,0.419,SENSING
11850.0,-81.681,-2764.93,-6514.877,7.504,-0.046,0.007,0.419,MEASURING
11850.0,-81.681,-2764.93,-6514.877,7.504,-0.046,0.007,0.419,SENSING
11850.0,-81.681,-2764.93,-6514.877,7.504,-0.046,0.007,0.419,LISTENING
11900.0,293.211,-2763.338,-6505.386,7.498,0.11,0.373,0.419,SENSING
11900.0,293.211,-2763.338,-6505.386,7.498,0.11,0.373,0.419,LISTENING
12000.0,1039.47,-2736.921,-6431.587,7.423,0.419,1.103,0.419,SENSING
12000.0,1039.47,-2736.921,-6431.587,7.423,0.419,1.103,0.419,LISTENING
12100.0,1774.011,-2679.731,-6285.283,7.264,0.726,1.822,0.419,SENSING
12100.0,1774.011,-2679.731,-6285.283,7.264,0.726,1.822,0.419,LISTENING
12200.0,2488.494,-2592.317,-6067.902,7.022,1.024,2.524,0.419,SENSING
12200.0,2488.494,-2592.317,-6067.902,7.022,1.024,2.524,0.419,LISTENING
12218.805,2619.944,-2572.57,-6019.253,6.968,1.08,2.653,0.419,SENSING
12218.805,2619.944,-2572.57,-6019.253,6.968,1.08,2.653,0.419,LISTENING
12220.0,2628.261,-2571.28,-6016.08,6.964,1.083,2.661,0.419,SENSING
12220.0,2628.261,-2571.28,-6016.08,6.964,1.083,2.661,0.419,LISTENING
12269.711,2970.352,-2513.964,-5875.483,6.806,1.227,2.997,0.419,SENSING
12269.711,2970.352,-2513.964,-5875.483,6.806,1.227,2.997,0.419,LISTENING
12270.0,2972.318,-2513.611,-5874.617,6.805,1.227,2.999,0.419,SENSING
12270.0,2972.318,-2513.611,-5874.617,6.805,1.227,2.999,0.419,LISTENING
12300.0,3174.758,-2475.576,-5781.695,6.7,1.313,3.198,0.419,SENSING
12300.0,3174.758,-2475.576,-5781.695,6.7,1.313,3.198,0.419,LISTENING
12319.586,3305.184,-2449.377,-5717.826,6.627,1.367,3.327,0.419,SENSING
12319.586,3305.184,-2449.377,-5717.826,6.627,1.367,3.327,0.419,MANEUVERING
12319.586,3305.184,-2449.377,-5717.826,6.627,1.367,3.327,0.419,LISTENING
12320.0,3307.925,-2448.812,-5716.449,6.626,1.369,3.329,0.005,MANEUVERING
12320.0,3307.925,-2448.812,-5716.449,6.626,1.369,3.329,0.005,SENSING
12320.0,3307.925,-2448.812,-5716.449,6.626,1.369,3.329,0.005,MEASURING
12320.0,3307.925,-2448.812,-5716.449,6.626,1.369,3.329,0.005,SENSING
12320.0,3307.925,-2448.812,-5716.449,6.626,1.369,3.329,0.005,LISTENING
12379.136,3692.626,-2363.21,-5508.406,6.39,1.531,3.708,0.005,SENSING
12379.136,3692.626,-2363.21,-5508.406,6.39,1.531,3.708,0.005,MANEUVERING
12379.136,3692.626,-2363.21,-5508.406,6.39,1.531,3.708,0.005,LISTENING
12380.0,3698.141,-2361.889,-5505.202,6.386,1.533,3.714,0.869,MANEUVERING
12380.0,3698.141,-2361.889,-5505.202,6.386,1.533,3.714,0.869,SENSING
12380.0,3698.141,-2361.889,-5505.202,6.386,1.533,3.714,0.869,MEASURING
12380.0,3698.141,-2361.889,-5505.202,6.386,1.533,3.714,0.869,SENSING
12380.0,3698.141,-2361.889,-5505.202,6.386,1.533,3.714,0.869,LISTENING
12400.0,3824.918,-2330.747,-5429.718,6.3,1.587,3.838,0.869,SENSING
12400.0,3824.918,-2330.747,-5429.718,6.3,1.587,3.838,0.869,LISTENING
12500.0,4431.459,-2159.399,-5015.804,5.828,1.843,4.436,0.869,SENSING
12500.0,4431.459,-2159.399,-5015.804,5.828,1.843,4.436,0.869,LISTENING
12600.0,4987.337,-1963.42,-4544.528,5.287,2.08,4.985,0.869,SENSING
12600.0,4987.337,-1963.42,-4544.528,5.287,2.08,4.985,0.869,LISTENING
12648.31,5235.786,-1860.553,-4297.84,5.003,2.186,5.231,0.869,SENSING
12648.31,5235.786,-1860.553,-4297.84,5.003,2.186,5.231,0.869,LISTENING
12650.0,5244.225,-1856.864,-4289.0,4.993,2.189,5.239,0.869,SENSING
12650.0,5244.225,-1856.864,-4289.0,4.993,2.189,5.239,0.869,LISTENING
12657.38,5280.885,-1840.679,-4250.223,4.949,2.205,5.275,0.869,SENSING
12657.38,5280.885,-1840.679,-4250.223,4.949,2.205,5.275,0.869,LISTENING
12660.0,5293.82,-1834.905,-4236.393,4.933,2.21,5.288,0.869,SENSING
12660.0,5293.82,-1834.905,-4236.393,4.933,2.21,5.288,0.869,LISTENING
12700.0,5486.062,-1744.99,-4021.157,4.685,2.293,5.478,0.869,SENSING
12700.0,5486.062,-1744.99,-4021.157,4.685,2.293,5.478,0.869,LISTENING
12800.0,5921.787,-1506.567,-3451.593,4.027,2.48,5.908,0.869,SENSING
12800.0,5921.787,-1506.567,-3451.593,4.027,2.48,5.908,0.869,LISTENING
12900.0,6289.382,-1250.848,-2842.306,3.323,2.639,6.272,0.869,SENSING
12900.0,6289.382,-1250.848,-2842.306,3.323,2.639,6.272,0.869,LISTENING
13000.0,6584.506,-980.748,-2200.256,2.578,2.768,6.563,0.869,SENSING
13000.0,6584.506,-980.748,-2200.256,2.578,2.768,6.563,0.869,LISTENING
13100.0,6803.665,-699.357,-1532.814,1.804,2.865,6.779,0.869,SENSING
13100.0,6803.665,-699.357,-1532.814,1.804,2.865,6.779,0.869,LISTENING
13200.0,6944.259,-409.907,-847.665,1.007,2.929,6.917,0.869,SENSING
13200.0,6944.259,-409.907,-847.665,1.007,2.929,6.917,0.869,LISTENING
13300.0,7004.616,-115.731,-152.719,0.199,2.959,6.975,0.869,SENSING
13300.0,7004.616,-115.731,-152.719,0.199,2.959,6.975,0.869,LISTENING
13348.548,7004.735,27.777,185.796,-0.194,2.962,6.974,0.869,SENSING
13348.548,7004.735,27.777,185.796,-0.194,2.962,6.974,0.869,LISTENING
13350.0,7004.444,32.072,195.92,-0.206,2.962,6.974,0.869,SENSING
13350.0,7004.444,32.072,195.92,-0.206,2.962,6.974,0.869,LISTENING
13398.918,6984.676,176.589,536.473,-0.602,2.956,6.953,0.869,SENSING
13398.918,6984.676,176.589,536.473,-0.602,2.956,6.953,0.869,LISTENING
13400.0,6984.02,179.782,543.993,-0.611,2.956,6.953,0.869,SENSING
13400.0,6984.02,179.782,543.993,-0.611,2.956,6.953,0.869,LISTENING
13500.0,6882.717,473.223,1234.416,-1.414,2.918,6.85,0.869,SENSING
13500.0,6882.717,473.223,1234.416,-1.414,2.918,6.85,0.869,LISTENING
13600.0,6701.915,761.211,1910.576,-2.201,2.847,6.668,0.869,SENSING
13600.0,6701.915,761.211,1910.576,-2.201,2.847,6.668,0.869,LISTENING
13619.27,6658.102,815.802,2038.577,-2.349,2.829,6.624,0.869,SENSING
13619.27,6658.102,815.802,2038.577,-2.349,2.829,6.624,0.869,LISTENING
13620.0,6656.387,817.862,2043.406,-2.355,2.828,6.622,0.869,SENSING
13620.0,6656.387,817.862,2043.406,-2.355,2.828,6.622,0.869,LISTENING
13698.984,6446.764,1037.653,2558.168,-2.953,2.744,6.412,0.869,SENSING
13698.984,6446.764,1037.653,2558.168,-2.953,2.744,6.412,0.869,LISTENING
13700.0,6443.761,1040.435,2564.677,-2.961,2.743,6.409,0.869,SENSING
13700.0,6443.761,1040.435,2564.677,-2.961,2.743,6.409,0.869,LISTENING
13800.0,6111.319,1307.693,3189.201,-3.686,2.607,6.076,0.869,SENSING
13800.0,6111.319,1307.693,3189.201,-3.686,2.607,6.076,0.869,LISTENING
13900.0,5708.522,1559.93,3776.998,-4.368,2.442,5.674,0.869,SENSING
13900.0,5708.522,1559.93,3776.998,-4.368,2.442,5.674,0.869,LISTENING
14000.0,5240.121,1794.282,4321.372,-4.998,2.249,5.208,0.869,SENSING
14000.0,5240.121,1794.282,4321.372,-4.998,2.249,5.208,0.869,LISTENING
14018.446,5146.98,1835.342,4416.543,-5.108,2.211,5.116,0.869,SENSING
14018.446,5146.98,1835.342,4416.543,-5.108,2.211,5.116,0.869,LISTENING
14020.0,5139.04,1838.769,4424.485,-5.117,2.207,5.108,0.869,SENSING
14020.0,5139.04,1838.769,4424.485,-5.117,2.207,5.108,0.869,LISTENING
14076.951,4838.449,1960.77,4706.82,-5.443,2.083,4.809,0.869,SENSING
14076.951,4838.449,1960.77,4706.82,-5.443,2.083,4.809,0.869,LISTENING
14080.0,4821.839,1967.1,4721.45,-5.46,2.076,4.793,0.869,SENSING
14080.0,4821.839,1967.1,4721.45,-5.46,2.076,4.793,0.869,LISTENING
14100.0,4711.618,2008.103,4816.167,-5.569,2.031,4.683,0.869,SENSING
14100.0,4711.618,2008.103,4816.167,-5.569,2.031,4.683,0.869,LISTENING
14200.0,4129.198,2198.996,5255.83,-6.076,1.79,4.106,0.869,SENSING
14200.0,4129.198,2198.996,5255.83,-6.076,1.79,4.106,0.869,LISTENING
14300.0,3499.642,2364.846,5635.477,-6.512,1.53,3.484,0.869,SENSING
14300.0,3499.642,2364.846,5635.477,-6.512,1.53,3.484,0.869,LISTENING
14400.0,2830.243,2503.836,5950.945,-6.873,1.253,2.823,0.869,SENSING
14400.0,2830.243,2503.836,5950.945,-6.873,1.253,2.823,0.869,LISTENING
14500.0,2128.714,2614.467,6198.835,-7.154,0.962,2.133,0.869,SENSING
14500.0,2128.714,2614.467,6198.835,-7.154,0.962,2.133,0.869,LISTENING
14600.0,1403.09,2695.574,6376.542,-7.355,0.662,1.42,0.869,SENSING
14600.0,1403.09,2695.574,6376.542,-7.355,0.662,1.42,0.869,LISTENING
14609.608,1332.406,2701.78,6389.848,-7.369,0.632,1.351,0.869,SENSING
14609.608,1332.406,2701.78,6389.848,-7.369,0.632,1.351,0.869,LISTENING
14610.0,1329.519,2702.027,6390.376,-7.37,0.631,1.348,0.869,SENSING
14610.0,1329.519,2702.027,6390.376,-7.37,0.631,1.348,0.869,LISTENING
14637.84,1123.932,2718.385,6425.086,-7.409,0.546,1.147,0.869,SENSING
14637.84,1123.932,2718.385,6425.086,-7.409,0.546,1.147,0.869,LISTENING
14640.0,1107.938,2719.555,6427.544,-7.411,0.539,1.131,0.869,SENSING
14640.0,1107.938,2719.555,6427.544,-7.411,0.539,1.131,0.869,LISTENING
14656.764,983.615,2728.151,6445.473,-7.431,0.488,1.009,0.869,SENSING
14656.764,983.615,2728.151,6445.473,-7.431,0.488,1.009,0.869,LISTENING
14660.0,959.58,2729.711,6448.699,-7.435,0.478,0.986,0.869,SENSING
14660.0,959.58,2729.711,6448.699,-7.435,0.478,0.986,0.869,LISTENING
14700.0,661.631,2746.337,6482.274,-7.471,0.355,0.694,0.869,SENSING
14700.0,661.631,2746.337,6482.274,-7.471,0.355,0.694,0.869,LISTENING
14708.623,597.228,2749.275,6487.983,-7.477,0.328,0.631,0.869,SENSING
14708.623,597.228,2749.275,6487.983,-7.477,0.328,0.631,0.869,MANEUVERING
14708.623,597.228,2749.275,6487.983,-7.477,0.328,0.631,0.869,LISTENING
14710.0,586.937,2749.723,6488.845,-7.478,0.324,0.621,2.246,MANEUVERING
14710.0,586.937,2749.723,6488.845,-7.478,0.324,0.621,2.246,SENSING
14710.0,586.937,2749.723,6488.845,-7.478,0.324,0.621,2.246,MEASURING
14710.0,586.937,2749.723,6488.845,-7.478,0.324,0.621,2.246,SENSING
14710.0,586.937,2749.723,6488.845,-7.478,0.324,0.621,2.246,LISTENING
14748.139,301.527,2759.8,6507.194,-7.497,0.206,0.342,2.246,SENSING
14748.139,301.527,2759.8,6507.194,-7.497,0.206,0.342,2.246,MANEUVERING
14748.139,301.527,2759.8,6507.194,-7.497,0.206,0.342,2.246,LISTENING
14750.0,287.583,2760.176,6507.817,-7.498,0.2,0.328,0.385,MANEUVERING
14750.0,287.583,2760.176,6507.817,-7.498,0.2,0.328,0.385,SENSING
14750.0,287.583,2760.176,6507.817,-7.498,0.2,0.328,0.385,MEASURING
14750.0,287.583,2760.176,6507.817,-7.498,0.2,0.328,0.385,SENSING
14750.0,287.583,2760.176,6507.817,-7.498,0.2,0.328,0.385,LISTENING
14800.0,-87.272,2766.279,6515.069,-7.504,0.045,-0.038,0.385,SENSING
14800.0,-87.272,2766.279,6515.069,-7.504,0.045,-0.038,0.385,LISTENING
14809.886,-161.391,2766.569,6514.337,-7.502,0.014,-0.11,0.385,SENSING
14809.886,-161.391,2766.569,6514.337,-7.502,0.014,-0.11,0.385,LISTENING
14810.0,-162.248,2766.57,6514.324,-7.502,0.014,-0.111,0.385,SENSING
14810.0,-162.248,2766.57,6514.324,-7.502,0.014,-0.111,0.385,LISTENING
14869.315,-606.306,2761.936,6494.895,-7.477,-0.17,-0.544,0.385,SENSING
14869.315,-606.306,2761.936,6494.895,-7.477,-0.17,-0.544,0.385,LISTENING
14870.0,-611.424,2761.819,6494.521,-7.476,-0.172,-0.549,0.385,SENSING
14870.0,-611.424,2761.819,6494.521,-7.476,-0.172,-0.549,0.385,LISTENING
14879.207,-680.177,2760.106,6489.16,-7.469,-0.201,-0.616,0.385,SENSING
14879.207,-680.177,2760.106,6489.16,-7.469,-0.201,-0.616,0.385,LISTENING
14880.0,-686.096,2759.946,6488.669,-7.469,-0.203,-0.622,0.385,SENSING
14880.0,-686.096,2759.946,6488.669,-7.469,-0.203,-0.622,0.385,LISTENING
14888.664,-750.73,2758.074,6483.012,-7.462,-0.23,-0.685,0.385,SENSING
14888.664,-750.73,2758.074,6483.012,-7.462,-0.23,-0.685,0.385,LISTENING
14890.0,-760.691,2757.765,6482.092,-7.461,-0.234,-0.694,0.385,SENSING
14890.0,-760.691,2757.765,6482.092,-7.461,-0.234,-0.694,0.385,LISTENING
14900.0,-835.201,2755.275,6474.788,-7.452,-0.265,-0.767,0.385,SENSING
14900.0,-835.201,2755.275,6474.788,-7.452,-0.265,-0.767,0.385,LISTENING
15000.0,-1573.798,2713.546,6362.113,-7.317,-0.57,-1.485,0.385,SENSING
15000.0,-1573.798,2713.546,6362.113,-7.317,-0.57,-1.485,0.385,LISTENING
15100.0,-2294.863,2641.652,6178.524,-7.101,-0.869,-2.185,0.385,SENSING
15100.0,-2294.863,2641.652,6178.524,-7.101,-0.869,-2.185,0.385,LISTENING
15200.0,-2990.441,2540.479,5926.277,-6.807,-1.157,-2.858,0.385,SENSING
15200.0,-2990.441,2540.479,5926.277,-6.807,-1.157,-2.858,0.385,LISTENING
15208.835,-3050.415,2530.17,5900.784,-6.778,-1.181,-2.916,0.385,SENSING
15208.835,-3050.415,2530.17,5900.784,-6.778,-1.181,-2.916,0.385,MANEUVERING
15208.835,-3050.415,2530.17,5900.784,-6.778,-1.181,-2.916,0.385,LISTENING
15210.0,-3058.3,2528.795,5897.385,-6.774,-1.185,-2.923,1.549,MANEUVERING
15210.0,-3058.3,2528.795,5897.385,-6.774,-1.185,-2.923,1.549,SENSING
15210.0,-3058.3,2528.795,5897.385,-6.774,-1.185,-2.923,1.549,MEASURING
15210.0,-3058.3,2528.795,5897.385,-6.774,-1.185,-2.923,1.549,SENSING
15210.0,-3058.3,2528.795,5897.385,-6.774,-1.185,-2.923,1.549,LISTENING
15238.753,-3251.499,2493.648,5810.683,-6.673,-1.265,-3.11,1.549,SENSING
15238.753,-3251.499,2493.648,5810.683,-6.673,-1.265,-3.11,1.549,LISTENING
15240.0,-3259.813,2492.071,5806.801,-6.669,-1.268,-3.118,1.549,SENSING
15240.0,-3259.813,2492.071,5806.801,-6.669,-1.268,-3.118,1.549,LISTENING
15268.963,-3451.282,2454.266,5713.854,-6.561,-1.347,-3.303,1.549,SENSING
15268.963,-3451.282,2454.266,5713.854,-6.561,-1.347,-3.303,1.549,MANEUVERING
15268.963,-3451.282,2454.266,5713.854,-6.561,-1.347,-3.303,1.549,LISTENING
15269.074,-3452.007,2454.117,5713.489,-6.561,-1.348,-3.304,1.66,MANEUVERING
15269.074,-3452.007,2454.117,5713.489,-6.561,-1.348,-3.304,1.66,SENSING
15269.074,-3452.007,2454.117,5713.489,-6.561,-1.348,-3.304,1.66,LISTENING
15270.0,-3458.079,2452.87,5710.427,-6.557,-1.35,-3.31,1.66,SENSING
15270.0,-3458.079,2452.87,5710.427,-6.557,-1.35,-3.31,1.66,MEASURING
15270.0,-3458.079,2452.87,5710.427,-6.557,-1.35,-3.31,1.66,SENSING
15270.0,-3458.079,2452.87,5710.427,-6.557,-1.35,-3.31,1.66,LISTENING
15279.044,-3517.182,2440.572,5680.254,-6.522,-1.375,-3.367,1.66,SENSING
15279.044,-3517.182,2440.572,5680.254,-6.522,-1.375,-3.367,1.66,LISTENING
15280.0,-3523.411,2439.259,5677.034,-6.519,-1.377,-3.373,1.66,SENSING
15280.0,-3523.411,2439.259,5677.034,-6.519,-1.377,-3.373,1.66,LISTENING
15300.0,-3652.901,2411.232,5608.366,-6.439,-1.431,-3.497,1.66,SENSING
15300.0,-3652.901,2411.232,5608.366,-6.439,-1.431,-3.497,1.66,LISTENING
15308.649,-3708.402,2398.781,5577.9,-6.404,-1.454,-3.551,1.66,SENSING
15308.649,-3708.402,2398.781,5577.9,-6.404,-1.454,-3.551,1.66,LISTENING
15310.0,-3717.043,2396.818,5573.1,-6.398,-1.457,-3.559,1.66,SENSING
15310.0,-3717.043,2396.818,5573.1,-6.398,-1.457,-3.559,1.66,LISTENING
15328.497,-3834.6,2369.462,5506.248,-6.321,-1.506,-3.673,1.66,SENSING
15328.497,-3834.6,2369.462,5506.248,-6.321,-1.506,-3.673,1.66,LISTENING
15330.0,-3844.089,2367.2,5500.724,-6.315,-1.51,-3.682,1.66,SENSING
15330.0,-3844.089,2367.2,5500.724,-6.315,-1.51,-3.682,1.66,LISTENING
15378.126,-4142.734,2291.681,5316.666,-6.102,-1.634,-3.969,1.66,SENSING
15378.126,-4142.734,2291.681,5316.666,-6.102,-1.634,-3.969,1.66,LISTENING
15380.0,-4154.153,2288.62,5309.221,-6.094,-1.638,-3.98,1.66,SENSING
15380.0,-4154.153,2288.62,5309.221,-6.094,-1.638,-3.98,1.66,LISTENING
15400.0,-4275.018,2255.412,5228.487,-6.001,-1.689,-4.097,1.66,SENSING
15400.0,-4275.018,2255.412,5228.487,-6.001,-1.689,-4.097,1.66,LISTENING
15500.0,-4850.045,2074.803,4790.987,-5.498,-1.927,-4.649,1.66,SENSING
15500.0,-4850.045,2074.803,4790.987,-5.498,-1.927,-4.649,1.66,LISTENING
15509.914,-4904.247,2055.622,4744.657,-5.444,-1.95,-4.702,1.66,SENSING
15509.914,-4904.247,2055.622,4744.657,-5.444,-1.95,-4.702,1.66,LISTENING
15510.0,-4904.714,2055.455,4744.253,-5.444,-1.95,-4.702,1.66,SENSING
15510.0,-4904.714,2055.455,4744.253,-5.444,-1.95,-4.702,1.66,LISTENING
15510.0,-4904.714,2055.455,4744.253,-5.444,-1.95,-4.702,1.66,SENSING
15510.0,-4904.714,2055.455,4744.253,-5.444,-1.95,-4.702,1.66,LISTENING
15529.359,-5009.01,2017.36,4652.303,-5.338,-1.993,-4.802,1.66,SENSING
15529.359,-5009.01,2017.36,4652.303,-5.338,-1.993,-4.802,1.66,LISTENING
15530.0,-5012.428,2016.084,4649.226,-5.335,-1.995,-4.805,1.66,SENSING
15530.0,-5012.428,2016.084,4649.226,-5.335,-1.995,-4.805,1.66,LISTENING
15600.0,-5371.775,1871.442,4300.814,-4.935,-2.144,-5.15,1.66,SENSING
15600.0,-5371.775,1871.442,4300.814,-4.935,-2.144,-5.15,1.66,LISTENING
15700.0,-5834.603,1647.605,3763.46,-4.32,-2.337,-5.593,1.66,SENSING
15700.0,-5834.603,1647.605,3763.46,-4.32,-2.337,-5.593,1.66,LISTENING
15709.517,-5875.394,1625.325,3710.077,-4.259,-2.354,-5.632,1.66,SENSING
15709.517,-5875.394,1625.325,3710.077,-4.259,-2.354,-5.632,1.66,LISTENING
15710.0,-5877.45,1624.189,3707.356,-4.256,-2.355,-5.634,1.66,SENSING
15710.0,-5877.45,1624.189,3707.356,-4.256,-2.355,-5.634,1.66,LISTENING
15729.286,-5958.262,1578.531,3598.012,-4.131,-2.389,-5.711,1.66,SENSING
15729.286,-5958.262,1578.531,3598.012,-4.131,-2.389,-5.711,1.66,MANEUVERING
15729.286,-5958.262,1578.531,3598.012,-4.131,-2.389,-5.711,1.66,LISTENING
15730.0,-5961.208,1576.828,3593.935,-4.126,-2.39,-5.714,0.946,MANEUVERING
15730.0,-5961.208,1576.828,3593.935,-4.126,-2.39,-5.714,0.946,SENSING
15730.0,-5961.208,1576.828,3593.935,-4.126,-2.39,-5.714,0.946,MEASURING
15730.0,-5961.208,1576.828,3593.935,-4.126,-2.39,-5.714,0.946,SENSING
15730.0,-5961.208,1576.828,3593.935,-4.126,-2.39,-5.714,0.946,LISTENING
15769.19,-6117.729,1482.044,3367.17,-3.867,-2.456,-5.863,0.946,SENSING
15769.19,-6117.729,1482.044,3367.17,-3.867,-2.456,-5.863,0.946,MANEUVERING
15769.19,-6117.729,1482.044,3367.17,-3.867,-2.456,-5.863,0.946,LISTENING
15770.0,-6120.857,1480.059,3362.422,-3.861,-2.457,-5.866,0.136,MANEUVERING
15770.0,-6120.857,1480.059,3362.422,-3.861,-2.457,-5.866,0.136,SENSING
15770.0,-6120.857,1480.059,3362.422,-3.861,-2.457,-5.866,0.136,MEASURING
15770.0,-6120.857,1480.059,3362.422,-3.861,-2.457,-5.866,0.136,SENSING
15770.0,-6120.857,1480.059,3362.422,-3.861,-2.457,-5.866,0.136,LISTENING
15798.214,-6227.037,1410.238,3195.558,-3.671,-2.501,-5.967,0.136,SENSING
15798.214,-6227.037,1410.238,3195.558,-3.671,-2.501,-5.967,0.136,LISTENING
15800.0,-6233.577,1405.776,3184.9,-3.658,-2.504,-5.974,0.136,SENSING
15800.0,-6233.577,1405.776,3184.9,-3.658,-2.504,-5.974,0.136,LISTENING
15900.0,-6564.443,1148.62,2571.525,-2.958,-2.644,-6.289,0.136,SENSING
15900.0,-6564.443,1148.62,2571.525,-2.958,-2.644,-6.289,0.136,LISTENING
15939.185,-6674.731,1044.281,2323.134,-2.674,-2.691,-6.394,0.136,SENSING
15939.185,-6674.731,1044.281,2323.134,-2.674,-2.691,-6.394,0.136,LISTENING
15940.0,-6676.906,1042.093,2317.928,-2.669,-2.692,-6.396,0.136,SENSING
15940.0,-6676.906,1042.093,2317.928,-2.669,-2.692,-6.396,0.136,LISTENING
15978.993,-6775.316,936.499,2066.814,-2.382,-2.734,-6.489,0.136,SENSING
15978.993,-6775.316,936.499,2066.814,-2.382,-2.734,-6.489,0.136,LISTENING
15980.0,-6777.709,933.751,2060.281,-2.375,-2.735,-6.491,0.136,SENSING
15980.0,-6777.709,933.751,2060.281,-2.375,-2.735,-6.491,0.136,LISTENING
15980.0,-6777.709,933.751,2060.281,-2.375,-2.735,-6.491,0.136,SENSING
15980.0,-6777.709,933.751,2060.281,-2.375,-2.735,-6.491,0.136,LISTENING
16000.0,-6823.684,878.958,1930.08,-2.226,-2.755,-6.535,0.136,SENSING
16000.0,-6823.684,878.958,1930.08,-2.226,-2.755,-6.535,0.136,LISTENING
16038.357,-6903.509,772.824,1678.068,-1.939,-2.789,-6.611,0.136,SENSING
16038.357,-6903.509,772.824,1678.068,-1.939,-2.789,-6.611,0.136,LISTENING
16040.0,-6906.683,768.248,1667.208,-1.926,-2.79,-6.614,0.136,SENSING
16040.0,-6906.683,768.248,1667.208,-1.926,-2.79,-6.614,0.136,LISTENING
16059.84,-6943.388,712.827,1535.715,-1.776,-2.807,-6.648,0.136,SENSING
16059.84,-6943.388,712.827,1535.715,-1.776,-2.807,-6.648,0.136,LISTENING
16060.0,-6943.672,712.379,1534.652,-1.775,-2.807,-6.648,0.136,SENSING
16060.0,-6943.672,712.379,1534.652,-1.775,-2.807,-6.648,0.136,LISTENING
16100.0,-7008.551,599.735,1267.588,-1.471,-2.835,-6.71,0.136,SENSING
16100.0,-7008.551,599.735,1267.588,-1.471,-2.835,-6.71,0.136,LISTENING
16200.0,-7117.086,313.994,591.285,-0.7,-2.885,-6.811,0.136,SENSING
16200.0,-7117.086,313.994,591.285,-0.7,-2.885,-6.811,0.136,LISTENING
16249.007,-7142.026,172.522,257.038,-0.319,-2.898,-6.834,0.136,SENSING
16249.007,-7142.026,172.522,257.038,-0.319,-2.898,-6.834,0.136,LISTENING
16250.0,-7142.339,169.648,250.254,-0.311,-2.898,-6.834,0.136,SENSING
16250.0,-7142.339,169.648,250.254,-0.311,-2.898,-6.834,0.136,LISTENING
16298.327,-7148.262,29.69,-80.023,0.066,-2.903,-6.839,0.136,SENSING
16298.327,-7148.262,29.69,-80.023,0.066,-2.903,-6.839,0.136,LISTENING
16300.0,-7148.142,24.841,-91.458,0.079,-2.904,-6.838,0.136,SENSING
16300.0,-7148.142,24.841,-91.458,0.079,-2.904,-6.838,0.136,LISTENING
16319.392,-7145.153,-31.361,-223.972,0.23,-2.903,-6.835,0.136,SENSING
16319.392,-7145.153,-31.361,-223.972,0.23,-2.903,-6.835,0.136,LISTENING
16320.0,-7145.012,-33.123,-228.126,0.234,-2.903,-6.835,0.136,SENSING
16320.0,-7145.012,-33.123,-228.126,0.234,-2.903,-6.835,0.136,LISTENING
16398.248,-7102.876,-259.528,-761.312,0.843,-2.891,-6.793,0.136,SENSING
16398.248,-7102.876,-259.528,-761.312,0.843,-2.891,-6.793,0.136,LISTENING
16400.0,-7101.389,-264.583,-773.206,0.856,-2.89,-6.791,0.136,SENSING
16400.0,-7101.389,-264.583,-773.206,0.856,-2.89,-6.791,0.136,LISTENING
16500.0,-6977.319,-551.135,-1446.531,1.625,-2.846,-6.67,0.136,SENSING
16500.0,-6977.319,-551.135,-1446.531,1.625,-2.846,-6.67,0.136,LISTENING
16600.0,-6777.242,-831.698,-2104.091,2.376,-2.771,-6.476,0.136,SENSING
16600.0,-6777.242,-831.698,-2104.091,2.376,-2.771,-6.476,0.136,LISTENING
16700.0,-6503.275,-1103.215,-2738.7,3.102,-2.665,-6.211,0.136,SENSING
16700.0,-6503.275,-1103.215,-2738.7,3.102,-2.665,-6.211,0.136,LISTENING
16768.363,-6274.925,-1282.093,-3155.735,3.58,-2.576,-5.991,0.136,SENSING
16768.363,-6274.925,-1282.093,-3155.735,3.58,-2.576,-5.991,0.136,MANEUVERING
16768.363,-6274.925,-1282.093,-3155.735,3.58,-2.576,-5.991,0.136,LISTENING
16770.0,-6269.058,-1286.301,-3165.534,3.591,-2.573,-5.985,1.773,MANEUVERING
16770.0,-6269.058,-1286.301,-3165.534,3.591,-2.573,-5.985,1.773,SENSING
16770.0,-6269.058,-1286.301,-3165.534,3.591,-2.573,-5.985,1.773,MEASURING
16770.0,-6269.058,-1286.301,-3165.534,3.591,-2.573,-5.985,1.773,SENSING
16770.0,-6269.058,-1286.301,-3165.534,3.591,-2.573,-5.985,1.773,LISTENING
16778.758,-6237.364,-1308.744,-3217.79,3.651,-2.561,-5.954,1.773,SENSING
16778.758,-6237.364,-1308.744,-3217.79,3.651,-2.561,-5.954,1.773,MANEUVERING
16778.758,-6237.364,-1308.744,-3217.79,3.651,-2.561,-5.954,1.773,LISTENING
16780.0,-6232.827,-1311.918,-3225.179,3.66,-2.559,-5.95,3.015,MANEUVERING
16780.0,-6232.827,-1311.918,-3225.179,3.66,-2.559,-5.95,3.015,SENSING
16780.0,-6232.827,-1311.918,-3225.179,3.66,-2.559,-5.95,3.015,MEASURING
16780.0,-6232.827,-1311.918,-3225.179,3.66,-2.559,-5.95,3.015,SENSING
16780.0,-6232.827,-1311.918,-3225.179,3.66,-2.559,-5.95,3.015,LISTENING
16800.0,-6158.323,-1362.718,-3343.402,3.796,-2.53,-5.878,3.015,SENSING
16800.0,-6158.323,-1362.718,-3343.402,3.796,-2.53,-5.878,3.015,LISTENING
16900.0,-5746.051,-1607.36,-3911.538,4.448,-2.367,-5.48,3.015,SENSING
16900.0,-5746.051,-1607.36,-3911.538,4.448,-2.367,-5.48,3.015,LISTENING
16909.244,-5704.689,-1629.129,-3961.989,4.506,-2.351,-5.44,3.015,SENSING
16909.244,-5704.689,-1629.129,-3961.989,4.506,-2.351,-5.44,3.015,MANEUVERING
16909.244,-5704.689,-1629.129,-3961.989,4.506,-2.351,-5.44,3.015,LISTENING
16910.0,-5701.285,-1630.901,-3966.095,4.511,-2.35,-5.437,2.26,MANEUVERING
16910.0,-5701.285,-1630.901,-3966.095,4.511,-2.35,-5.437,2.26,SENSING
16910.0,-5701.285,-1630.901,-3966.095,4.511,-2.35,-5.437,2.26,MEASURING
16910.0,-5701.285,-1630.901,-3966.095,4.511,-2.35,-5.437,2.26,SENSING
16910.0,-5701.285,-1630.901,-3966.095,4.511,-2.35,-5.437,2.26,LISTENING
16919.963,-5656.063,-1654.178,-4020.018,4.573,-2.332,-5.393,2.26,SENSING
16919.963,-5656.063,-1654.178,-4020.018,4.573,-2.332,-5.393,2.26,MANEUVERING
16919.963,-5656.063,-1654.178,-4020.018,4.573,-2.332,-5.393,2.26,LISTENING
16920.0,-5655.894,-1654.264,-4020.217,4.573,-2.332,-5.393,2.223,MANEUVERING
16920.0,-5655.894,-1654.264,-4020.217,4.573,-2.332,-5.393,2.223,SENSING
16920.0,-5655.894,-1654.264,-4020.217,4.573,-2.332,-5.393,2.223,MEASURING
16920.0,-5655.894,-1654.264,-4020.217,4.573,-2.332,-5.393,2.223,SENSING
16920.0,-5655.894,-1654.264,-4020.217,4.573,-2.332,-5.393,2.223,LISTENING
16929.225,-5613.47,-1675.656,-4069.754,4.631,-2.315,-5.352,2.223,SENSING
16929.225,-5613.47,-1675.656,-4069.754,4.631,-2.315,-5.352,2.223,MANEUVERING
16929.225,-5613.47,-1675.656,-4069.754,4.631,-2.315,-5.352,2.223,LISTENING
16930.0,-5609.882,-1677.446,-4073.898,4.635,-2.313,-5.349,2.998,MANEUVERING
16930.0,-5609.882,-1677.446,-4073.898,4.635,-2.313,-5.349,2.998,SENSING
16930.0,-5609.882,-1677.446,-4073.898,4.635,-2.313,-5.349,2.998,MEASURING
16930.0,-5609.882,-1677.446,-4073.898,4.635,-2.313,-5.349,2.998,SENSING
16930.0,-5609.882,-1677.446,-4073.898,4.635,-2.313,-5.349,2.998,MESSAGING
16930.0,-5609.882,-1677.446,-4073.898,4.635,-2.313,-5.349,2.998,SENSING
16930.0,-5609.882,-1677.446,-4073.898,4.635,-2.313,-5.349,2.998,LISTENING
16989.287,-5324.628,-1811.03,-4382.778,4.991,-2.2,-5.073,2.998,SENSING
16989.287,-5324.628,-1811.03,-4382.778,4.991,-2.2,-5.073,2.998,MANEUVERING
16989.287,-5324.628,-1811.03,-4382.778,4.991,-2.2,-5.073,2.998,LISTENING
16990.0,-5321.07,-1812.595,-4386.393,4.996,-2.198,-5.07,2.285,MANEUVERING
16990.0,-5321.07,-1812.595,-4386.393,4.996,-2.198,-5.07,2.285,SENSING
16990.0,-5321.07,-1812.595,-4386.393,4.996,-2.198,-5.07,2.285,MEASURING
16990.0,-5321.07,-1812.595,-4386.393,4.996,-2.198,-5.07,2.285,SENSING
16990.0,-5321.07,-1812.595,-4386.393,4.996,-2.198,-5.07,2.285,LISTENING
17000.0,-5270.859,-1834.44,-4436.822,5.054,-2.178,-5.021,2.285,SENSING
17000.0,-5270.859,-1834.44,-4436.822,5.054,-2.178,-5.021,2.285,LISTENING
17100.0,-4737.833,-2041.437,-4913.4,5.605,-1.965,-4.506,2.285,SENSING
17100.0,-4737.833,-2041.437,-4913.4,5.605,-1.965,-4.506,2.285,LISTENING
17200.0,-4152.706,-2226.035,-5335.919,6.096,-1.73,-3.94,2.285,SENSING
17200.0,-4152.706,-2226.035,-5335.919,6.096,-1.73,-3.94,2.285,LISTENING
17219.3,-4034.303,-2258.904,-5410.827,6.183,-1.682,-3.826,2.285,SENSING
17219.3,-4034.303,-2258.904,-5410.827,6.183,-1.682,-3.826,2.285,LISTENING
17220.0,-4029.975,-2260.079,-5413.504,6.186,-1.68,-3.822,2.285,SENSING
17220.0,-4029.975,-2260.079,-5413.504,6.186,-1.68,-3.822,2.285,LISTENING
17237.827,-3919.077,-2289.585,-5480.644,6.264,-1.636,-3.714,2.285,SENSING
17237.827,-3919.077,-2289.585,-5480.644,6.264,-1.636,-3.714,2.285,LISTENING
17240.0,-3905.464,-2293.127,-5488.697,6.274,-1.63,-3.701,2.285,SENSING
17240.0,-3905.464,-2293.127,-5488.697,6.274,-1.63,-3.701,2.285,LISTENING
17259.833,-3780.289,-2324.901,-5560.866,6.358,-1.58,-3.58,2.285,SENSING
17259.833,-3780.289,-2324.901,-5560.866,6.358,-1.58,-3.58,2.285,LISTENING
17260.0,-3779.228,-2325.164,-5561.463,6.359,-1.579,-3.579,2.285,SENSING
17260.0,-3779.228,-2325.164,-5561.463,6.359,-1.579,-3.579,2.285,LISTENING
17300.0,-3521.799,-2386.148,-5699.586,6.52,-1.475,-3.33,2.285,SENSING
17300.0,-3521.799,-2386.148,-5699.586,6.52,-1.475,-3.33,2.285,LISTENING
17308.758,-3464.584,-2398.942,-5728.491,6.554,-1.452,-3.274,2.285,SENSING
17308.758,-3464.584,-2398.942,-5728.491,6.554,-1.452,-3.274,2.285,MANEUVERING
17308.758,-3464.584,-2398.942,-5728.491,6.554,-1.452,-3.274,2.285,LISTENING
17310.0,-3456.45,-2400.739,-5732.549,6.559,-1.449,-3.266,3.526,MANEUVERING
17310.0,-3456.45,-2400.739,-5732.549,6.559,-1.449,-3.266,3.526,SENSING
17310.0,-3456.45,-2400.739,-5732.549,6.559,-1.449,-3.266,3.526,MEASURING
17310.0,-3456.45,-2400.739,-5732.549,6.559,-1.449,-3.266,3.526,SENSING
17310.0,-3456.45,-2400.739,-5732.549,6.559,-1.449,-3.266,3.526,LISTENING
17318.471,-3400.796,-2412.892,-5759.975,6.591,-1.426,-3.212,3.526,SENSING
17318.471,-3400.796,-2412.892,-5759.975,6.591,-1.426,-3.212,3.526,LISTENING
17320.0,-3390.718,-2415.066,-5764.878,6.597,-1.422,-3.203,3.526,SENSING
17320.0,-3390.718,-2415.066,-5764.878,6.597,-1.422,-3.203,3.526,LISTENING
17339.267,-3263.024,-2441.915,-5825.361,6.668,-1.37,-3.079,3.526,SENSING
17339.267,-3263.024,-2441.915,-5825.361,6.668,-1.37,-3.079,3.526,LISTENING
17340.0,-3258.136,-2442.917,-5827.616,6.67,-1.368,-3.074,3.526,SENSING
17340.0,-3258.136,-2442.917,-5827.616,6.67,-1.368,-3.074,3.526,LISTENING
17349.209,-3196.6,-2455.379,-5855.637,6.703,-1.343,-3.015,3.526,SENSING
17349.209,-3196.6,-2455.379,-5855.637,6.703,-1.343,-3.015,3.526,LISTENING
17350.0,-3191.301,-2456.439,-5858.018,6.706,-1.341,-3.009,3.526,SENSING
17350.0,-3191.301,-2456.439,-5858.018,6.706,-1.341,-3.009,3.526,LISTENING
17359.623,-3126.65,-2469.194,-5886.661,6.74,-1.315,-2.947,3.526,SENSING
17359.623,-3126.65,-2469.194,-5886.661,6.74,-1.315,-2.947,3.526,LISTENING
17360.0,-3124.111,-2469.689,-5887.771,6.741,-1.314,-2.944,3.526,SENSING
17360.0,-3124.111,-2469.689,-5887.771,6.741,-1.314,-2.944,3.526,LISTENING
17377.727,-3004.158,-2492.505,-5938.908,6.801,-1.265,-2.828,3.526,SENSING
17377.727,-3004.158,-2492.505,-5938.908,6.801,-1.265,-2.828,3.526,LISTENING
17377.914,-3002.887,-2492.741,-5939.436,6.802,-1.265,-2.827,3.526,SENSING
17377.914,-3002.887,-2492.741,-5939.436,6.802,-1.265,-2.827,3.526,MANEUVERING
17377.914,-3002.887,-2492.741,-5939.436,6.802,-1.265,-2.827,3.526,LISTENING
17380.0,-2988.701,-2495.368,-5945.315,6.809,-1.259,-2.813,1.44,MANEUVERING
17380.0,-2988.701,-2495.368,-5945.315,6.809,-1.259,-2.813,1.44,SENSING
17380.0,-2988.701,-2495.368,-5945.315,6.809,-1.259,-2.813,1.44,MEASURING
17380.0,-2988.701,-2495.368,-5945.315,6.809,-1.259,-2.813,1.44,SENSING
17380.0,-2988.701,-2495.368,-5945.315,6.809,-1.259,-2.813,1.44,LISTENING
17399.789,-2853.414,-2519.689,-5999.656,6.873,-1.204,-2.682,1.44,SENSING
17399.789,-2853.414,-2519.689,-5999.656,6.873,-1.204,-2.682,1.44,MANEUVERING
17399.789,-2853.414,-2519.689,-5999.656,6.873,-1.204,-2.682,1.44,LISTENING
17400.0,-2851.965,-2519.943,-6000.221,6.874,-1.203,-2.68,1.229,MANEUVERING
17400.0,-2851.965,-2519.943,-6000.221,6.874,-1.203,-2.68,1.229,SENSING
17400.0,-2851.965,-2519.943,-6000.221,6.874,-1.203,-2.68,1.229,LISTENING
17448.141,-2517.763,-2574.499,-6121.411,7.017,-1.067,-2.356,1.229,SENSING
17448.141,-2517.763,-2574.499,-6121.411,7.017,-1.067,-2.356,1.229,LISTENING
17450.0,-2504.72,-2576.474,-6125.777,7.023,-1.062,-2.343,1.229,SENSING
17450.0,-2504.72,-2576.474,-6125.777,7.023,-1.062,-2.343,1.229,LISTENING
17489.427,-2225.95,-2616.025,-6212.798,7.126,-0.948,-2.073,1.229,SENSING
17489.427,-2225.95,-2616.025,-6212.798,7.126,-0.948,-2.073,1.229,LISTENING
17490.0,-2221.869,-2616.566,-6213.984,7.128,-0.946,-2.069,1.229,SENSING
17490.0,-2221.869,-2616.566,-6213.984,7.128,-0.946,-2.069,1.229,LISTENING
17500.0,-2150.519,-2625.866,-6234.313,7.152,-0.917,-1.999,1.229,SENSING
17500.0,-2150.519,-2625.866,-6234.313,7.152,-0.917,-1.999,1.229,LISTENING
17508.59,-2089.038,-2633.622,-6251.221,7.173,-0.892,-1.94,1.229,SENSING
17508.59,-2089.038,-2633.622,-6251.221,7.173,-0.892,-1.94,1.229,MANEUVERING
17508.59,-2089.038,-2633.622,-6251.221,7.173,-0.892,-1.94,1.229,LISTENING
17510.0,-2078.93,-2634.874,-6253.948,7.176,-0.888,-1.93,-0.181,MANEUVERING
17510.0,-2078.93,-2634.874,-6253.948,7.176,-0.888,-1.93,-0.181,SENSING
17510.0,-2078.93,-2634.874,-6253.948,7.176,-0.888,-1.93,-0.181,MEASURING
17510.0,-2078.93,-2634.874,-6253.948,7.176,-0.888,-1.93,-0.181,SENSING
17510.0,-2078.93,-2634.874,-6253.948,7.176,-0.888,-1.93,-0.181,LISTENING
17518.452,-2018.243,-2642.26,-6270.0,7.195,-0.863,-1.871,-0.181,SENSING
17518.452,-2018.243,-2642.26,-6270.0,7.195,-0.863,-1.871,-0.181,LISTENING
17520.0,-2007.109,-2643.59,-6272.886,7.199,-0.858,-1.86,-0.181,SENSING
17520.0,-2007.109,-2643.59,-6272.886,7.199,-0.858,-1.86,-0.181,LISTENING
17529.044,-1941.961,-2651.22,-6289.413,7.218,-0.832,-1.797,-0.181,SENSING
17529.044,-1941.961,-2651.22,-6289.413,7.218,-0.832,-1.797,-0.181,LISTENING
17530.0,-1935.064,-2652.012,-6291.126,7.221,-0.829,-1.79,-0.181,SENSING
17530.0,-1935.064,-2652.012,-6291.126,7.221,-0.829,-1.79,-0.181,LISTENING
17548.951,-1797.948,-2667.163,-6323.767,7.26,-0.773,-1.657,-0.181,SENSING
17548.951,-1797.948,-2667.163,-6323.767,7.26,-0.773,-1.657,-0.181,MANEUVERING
17548.951,-1797.948,-2667.163,-6323.767,7.26,-0.773,-1.657,-0.181,LISTENING
17550.0,-1790.337,-2667.971,-6325.5,7.262,-0.77,-1.649,-1.23,MANEUVERING
17550.0,-1790.337,-2667.971,-6325.5,7.262,-0.77,-1.649,-1.23,SENSING
17550.0,-1790.337,-2667.971,-6325.5,7.262,-0.77,-1.649,-1.23,MEASURING
17550.0,-1790.337,-2667.971,-6325.5,7.262,-0.77,-1.649,-1.23,SENSING
17550.0,-1790.337,-2667.971,-6325.5,7.262,-0.77,-1.649,-1.23,LISTENING
17559.812,-1719.037,-2675.366,-6341.334,7.281,-0.74,-1.58,-1.23,SENSING
17559.812,-1719.037,-2675.366,-6341.334,7.281,-0.74,-1.58,-1.23,MANEUVERING
17559.812,-1719.037,-2675.366,-6341.334,7.281,-0.74,-1.58,-1.23,LISTENING
17560.0,-1717.67,-2675.505,-6341.63,7.282,-0.74,-1.579,-1.042,MANEUVERING
17560.0,-1717.67,-2675.505,-6341.63,7.282,-0.74,-1.579,-1.042,SENSING
17560.0,-1717.67,-2675.505,-6341.63,7.282,-0.74,-1.579,-1.042,MEASURING
17560.0,-1717.67,-2675.505,-6341.63,7.282,-0.74,-1.579,-1.042,SENSING
17560.0,-1717.67,-2675.505,-6341.63,7.282,-0.74,-1.579,-1.042,LISTENING
17600.0,-1425.167,-2702.659,-6399.059,7.352,-0.62,-1.294,-1.042,SENSING
17600.0,-1425.167,-2702.659,-6399.059,7.352,-0.62,-1.294,-1.042,LISTENING
17700.0,-683.925,-2749.379,-6492.41,7.47,-0.315,-0.572,-1.042,SENSING
17700.0,-683.925,-2749.379,-6492.41,7.47,-0.315,-0.572,-1.042,LISTENING
17800.0,64.964,-2765.408,-6513.096,7.505,-0.006,0.159,-1.042,SENSING
17800.0,64.964,-2765.408,-6513.096,7.505,-0.006,0.159,-1.042,LISTENING
17819.395,210.387,-2764.934,-6508.641,7.502,0.055,0.301,-1.042,SENSING
17819.395,210.387,-2764.934,-6508.641,7.502,0.055,0.301,-1.042,MANEUVERING
17819.395,210.387,-2764.934,-6508.641,7.502,0.055,0.301,-1.042,LISTENING
17820.0,214.923,-2764.9,-6508.458,7.501,0.057,0.305,-0.436,MANEUVERING
17820.0,214.923,-2764.9,-6508.458,7.501,0.057,0.305,-0.436,SENSING
17820.0,214.923,-2764.9,-6508.458,7.501,0.057,0.305,-0.436,MEASURING
17820.0,214.923,-2764.9,-6508.458,7.501,0.057,0.305,-0.436,SENSING
17820.0,214.923,-2764.9,-6508.458,7.501,0.057,0.305,-0.436,LISTENING
17897.832,796.966,-2751.122,-6462.566,7.457,0.298,0.874,-0.436,SENSING
17897.832,796.966,-2751.122,-6462.566,7.457,0.298,0.874,-0.436,MANEUVERING
17897.832,796.966,-2751.122,-6462.566,7.457,0.298,0.874,-0.436,LISTENING
17900.0,813.119,-2750.469,-6460.655,7.455,0.305,0.89,-2.604,MANEUVERING
17900.0,813.119,-2750.469,-6460.655,7.455,0.305,0.89,-2.604,SENSING
17900.0,813.119,-2750.469,-6460.655,7.455,0.305,0.89,-2.604,LISTENING
18000.0,1552.116,-2704.633,-6335.445,7.321,0.613,1.613,-2.604,SENSING
18000.0,1552.116,-2704.633,-6335.445,7.321,0.613,1.613,-2.604,LISTENING
18009.936,1624.721,-2698.404,-6319.069,7.304,0.643,1.685,-2.604,SENSING
18009.936,1624.721,-2698.404,-6319.069,7.304,0.643,1.685,-2.604,LISTENING
18010.0,1625.188,-2698.363,-6318.961,7.303,0.643,1.685,-2.604,SENSING
18010.0,1625.188,-2698.363,-6318.961,7.303,0.643,1.685,-2.604,LISTENING
18059.249,1982.223,-2663.055,-6227.38,7.203,0.793,2.035,-2.604,SENSING
18059.249,1982.223,-2663.055,-6227.38,7.203,0.793,2.035,-2.604,LISTENING
18060.0,1987.628,-2662.46,-6225.851,7.201,0.795,2.04,-2.604,SENSING
18060.0,1987.628,-2662.46,-6225.851,7.201,0.795,2.04,-2.604,LISTENING
18100.0,2273.578,-2628.318,-6138.655,7.104,0.915,2.321,-2.604,SENSING
18100.0,2273.578,-2628.318,-6138.655,7.104,0.915,2.321,-2.604,LISTENING
18200.0,2969.279,-2522.293,-5872.296,6.806,1.208,3.004,-2.604,SENSING
18200.0,2969.279,-2522.293,-5872.296,6.806,1.208,3.004,-2.604,LISTENING
18300.0,3631.239,-2387.674,-5539.189,6.43,1.487,3.655,-2.604,SENSING
18300.0,3631.239,-2387.674,-5539.189,6.43,1.487,3.655,-2.604,LISTENING
18400.0,4251.821,-2225.909,-5142.945,5.979,1.751,4.266,-2.604,SENSING
18400.0,4251.821,-2225.909,-5142.945,5.979,1.751,4.266,-2.604,LISTENING
18500.0,4823.827,-2038.771,-4687.927,5.458,1.995,4.83,-2.604,SENSING
18500.0,4823.827,-2038.771,-4687.927,5.458,1.995,4.83,-2.604,LISTENING
18600.0,5340.589,-1828.336,-4179.204,4.874,2.217,5.34,-2.604,SENSING
18600.0,5340.589,-1828.336,-4179.204,4.874,2.217,5.34,-2.604,LISTENING
18609.892,5388.47,-1806.34,-4126.173,4.813,2.238,5.387,-2.604,SENSING
18609.892,5388.47,-1806.34,-4126.173,4.813,2.238,5.387,-2.604,LISTENING
18610.0,5388.988,-1806.1,-4125.593,4.812,2.238,5.388,-2.604,SENSING
18610.0,5388.988,-1806.1,-4125.593,4.812,2.238,5.388,-2.604,LISTENING
18628.357,5476.219,-1764.744,-4025.949,4.698,2.276,5.474,-2.604,SENSING
18628.357,5476.219,-1764.744,-4025.949,4.698,2.276,5.474,-2.604,LISTENING
18630.0,5483.923,-1761.009,-4016.954,4.687,2.279,5.481,-2.604,SENSING
18630.0,5483.923,-1761.009,-4016.954,4.687,2.279,5.481,-2.604,LISTENING
18700.0,5796.056,-1596.964,-3622.5,4.233,2.414,5.789,-2.604,SENSING
18700.0,5796.056,-1596.964,-3622.5,4.233,2.414,5.789,-2.604,LISTENING
18800.0,6184.873,-1347.267,-3024.126,3.542,2.584,6.173,-2.604,SENSING
18800.0,6184.873,-1347.267,-3024.126,3.542,2.584,6.173,-2.604,LISTENING
18819.273,6251.751,-1297.272,-2904.576,3.403,2.613,6.239,-2.604,SENSING
18819.273,6251.751,-1297.272,-2904.576,3.403,2.613,6.239,-2.604,LISTENING
18820.0,6254.22,-1295.376,-2900.044,3.398,2.614,6.241,-2.604,SENSING
18820.0,6254.22,-1295.376,-2900.044,3.398,2.614,6.241,-2.604,LISTENING
18859.826,6383.689,-1190.291,-2649.029,3.107,2.672,6.369,-2.604,SENSING
18859.826,6383.689,-1190.291,-2649.029,3.107,2.672,6.369,-2.604,LISTENING
18860.0,6384.229,-1189.827,-2647.921,3.106,2.672,6.369,-2.604,SENSING
18860.0,6384.229,-1189.827,-2647.921,3.106,2.672,6.369,-2.604,LISTENING
18900.0,6502.452,-1082.087,-2390.909,2.808,2.724,6.486,-2.604,SENSING
18900.0,6502.452,-1082.087,-2390.909,2.808,2.724,6.486,-2.604,LISTENING
18928.663,6579.794,-1003.645,-2203.997,2.592,2.759,6.562,-2.604,SENSING
18928.663,6579.794,-1003.645,-2203.997,2.592,2.759,6.562,-2.604,LISTENING
18930.0,6583.251,-999.962,-2195.225,2.582,2.76,6.565,-2.604,SENSING
18930.0,6583.251,-999.962,-2195.225,2.582,2.76,6.565,-2.604,LISTENING
18939.694,6607.901,-973.199,-2131.495,2.508,2.771,6.59,-2.604,SENSING
18939.694,6607.901,-973.199,-2131.495,2.508,2.771,6.59,-2.604,LISTENING
18940.0,6608.667,-972.352,-2129.479,2.505,2.772,6.59,-2.604,SENSING
18940.0,6608.667,-972.352,-2129.479,2.505,2.772,6.59,-2.604,LISTENING
19000.0,6745.037,-804.452,-1730.107,2.042,2.833,6.724,-2.604,SENSING
19000.0,6745.037,-804.452,-1730.107,2.042,2.833,6.724,-2.604,LISTENING
19028.675,6800.336,-722.987,-1536.593,1.817,2.859,6.778,-2.604,SENSING
19028.675,6800.336,-722.987,-1536.593,1.817,2.859,6.778,-2.604,LISTENING
19030.0,6802.735,-719.206,-1527.617,1.807,2.86,6.781,-2.604,SENSING
19030.0,6802.735,-719.206,-1527.617,1.807,2.86,6.781,-2.604,LISTENING
19049.477,6836.409,-663.456,-1395.289,1.653,2.875,6.814,-2.604,SENSING
19049.477,6836.409,-663.456,-1395.289,1.653,2.875,6.814,-2.604,LISTENING
19050.0,6837.272,-661.955,-1391.728,1.649,2.876,6.815,-2.604,SENSING
19050.0,6837.272,-661.955,-1391.728,1.649,2.876,6.815,-2.604,LISTENING
19059.454,6852.498,-634.785,-1327.264,1.574,2.883,6.829,-2.604,SENSING
19059.454,6852.498,-634.785,-1327.264,1.574,2.883,6.829,-2.604,LISTENING
19060.0,6853.356,-633.214,-1323.537,1.57,2.883,6.83,-2.604,SENSING
19060.0,6853.356,-633.214,-1323.537,1.57,2.883,6.83,-2.604,LISTENING
19089.182,6895.755,-548.934,-1123.698,1.338,2.903,6.872,-2.604,SENSING
19089.182,6895.755,-548.934,-1123.698,1.338,2.903,6.872,-2.604,LISTENING
19090.0,6896.846,-546.564,-1118.08,1.331,2.904,6.873,-2.604,SENSING
19090.0,6896.846,-546.564,-1118.08,1.331,2.904,6.873,-2.604,LISTENING
19097.104,6906.095,-525.958,-1069.249,1.275,2.908,6.882,-2.604,SENSING
19097.104,6906.095,-525.958,-1069.249,1.275,2.908,6.882,-2.604,LISTENING
19099.956,6909.695,-517.677,-1049.628,1.252,2.91,6.885,-2.604,SENSING
19099.956,6909.695,-517.677,-1049.628,1.252,2.91,6.885,-2.604,LISTENING
19100.0,6909.75,-517.55,-1049.325,1.251,2.91,6.885,-2.604,SENSING
19100.0,6909.75,-517.55,-1049.325,1.251,2.91,6.885,-2.604,LISTENING
19200.0,6994.636,-224.679,-356.416,0.446,2.953,6.967,-2.604,SENSING
19200.0,6994.636,-224.679,-356.416,0.446,2.953,6.967,-2.604,LISTENING
19300.0,6998.688,70.784,340.614,-0.365,2.962,6.968,-2.604,SENSING
19300.0,6998.688,70.784,340.614,-0.365,2.962,6.968,-2.604,LISTENING
19400.0,6921.858,365.432,1033.706,-1.171,2.936,6.888,-2.604,SENSING
19400.0,6921.858,365.432,1033.706,-1.171,2.936,6.888,-2.604,LISTENING
19449.701,6853.83,510.52,1374.232,-1.567,2.911,6.819,-2.604,SENSING
19449.701,6853.83,510.52,1374.232,-1.567,2.911,6.819,-2.604,LISTENING
19450.0,6853.361,511.389,1376.268,-1.57,2.911,6.818,-2.604,SENSING
19450.0,6853.361,511.389,1376.268,-1.57,2.911,6.818,-2.604,LISTENING
19479.506,6803.634,596.855,1576.618,-1.803,2.892,6.768,-2.604,SENSING
19479.506,6803.634,596.855,1576.618,-1.803,2.892,6.768,-2.604,LISTENING
19480.0,6802.743,598.281,1579.959,-1.807,2.892,6.767,-2.604,SENSING
19480.0,6802.743,598.281,1579.959,-1.807,2.892,6.767,-2.604,LISTENING
19480.0,6802.743,598.281,1579.959,-1.807,2.892,6.767,-2.604,SENSING
19480.0,6802.743,598.281,1579.959,-1.807,2.892,6.767,-2.604,LISTENING
19500.0,6765.063,655.871,1714.852,-1.964,2.877,6.729,-2.604,SENSING
19500.0,6765.063,655.871,1714.852,-1.964,2.877,6.729,-2.604,LISTENING
19600.0,6530.168,938.756,2376.194,-2.733,2.785,6.492,-2.604,SENSING
19600.0,6530.168,938.756,2376.194,-2.733,2.785,6.492,-2.604,LISTENING
19700.0,6219.962,1210.841,3010.123,-3.47,2.661,6.181,-2.604,SENSING
19700.0,6219.962,1210.841,3010.123,-3.47,2.661,6.181,-2.604,LISTENING
19800.0,5838.119,1469.014,3609.371,-4.165,2.507,5.799,-2.604,SENSING
19800.0,5838.119,1469.014,3609.371,-4.165,2.507,5.799,-2.604,LISTENING
19838.15,5674.487,1563.219,3827.398,-4.418,2.44,5.635,-2.604,SENSING
19838.15,5674.487,1563.219,3827.398,-4.418,2.44,5.635,-2.604,LISTENING
19840.0,5666.307,1567.723,3837.812,-4.43,2.437,5.627,-2.604,SENSING
19840.0,5666.307,1567.723,3837.812,-4.43,2.437,5.627,-2.604,LISTENING
19848.306,5629.311,1587.865,3884.378,-4.484,2.422,5.59,-2.604,SENSING
19848.306,5629.311,1587.865,3884.378,-4.484,2.422,5.59,-2.604,LISTENING
19850.0,5621.712,1591.957,3893.834,-4.495,2.419,5.583,-2.604,SENSING
19850.0,5621.712,1591.957,3893.834,-4.495,2.419,5.583,-2.604,LISTENING
19858.75,5582.161,1613.012,3942.487,-4.551,2.403,5.543,-2.604,SENSING
19858.75,5582.161,1613.012,3942.487,-4.551,2.403,5.543,-2.604,LISTENING
19859.521,5578.652,1614.861,3946.757,-4.556,2.401,5.54,-2.604,SENSING
19859.521,5578.652,1614.861,3946.757,-4.556,2.401,5.54,-2.604,LISTENING
19860.0,5576.471,1616.009,3949.409,-4.56,2.4,5.538,-2.604,SENSING
19860.0,5576.471,1616.009,3949.409,-4.56,2.4,5.538,-2.604,LISTENING
19889.523,5439.184,1685.925,4110.808,-4.747,2.344,5.401,-2.604,SENSING
19889.523,5439.184,1685.925,4110.808,-4.747,2.344,5.401,-2.604,LISTENING
19890.0,5436.921,1687.041,4113.382,-4.75,2.343,5.399,-2.604,SENSING
19890.0,5436.921,1687.041,4113.382,-4.75,2.343,5.399,-2.604,LISTENING
19900.0,5389.148,1710.335,4167.103,-4.812,2.324,5.351,-2.604,SENSING
19900.0,5389.148,1710.335,4167.103,-4.812,2.324,5.351,-2.604,LISTENING
19909.285,5344.236,1731.789,4216.555,-4.869,2.305,5.306,-2.604,SENSING
19909.285,5344.236,1731.789,4216.555,-4.869,2.305,5.306,-2.604,LISTENING
19910.0,5340.756,1733.433,4220.345,-4.873,2.304,5.303,-2.604,SENSING
19910.0,5340.756,1733.433,4220.345,-4.873,2.304,5.303,-2.604,LISTENING
19928.421,5250.011,1775.461,4317.147,-4.986,2.267,5.212,-2.604,SENSING
19928.421,5250.011,1775.461,4317.147,-4.986,2.267,5.212,-2.604,LISTENING
19930.0,5242.137,1779.031,4325.367,-4.995,2.264,5.205,-2.604,SENSING
19930.0,5242.137,1779.031,4325.367,-4.995,2.264,5.205,-2.604,LISTENING
19958.968,5095.043,1843.625,4473.946,-5.167,2.204,5.058,-2.604,SENSING
19958.968,5095.043,1843.625,4473.946,-5.167,2.204,5.058,-2.604,LISTENING
19960.0,5089.711,1845.894,4479.161,-5.173,2.201,5.053,-2.604,SENSING
19960.0,5089.711,1845.894,4479.161,-5.173,2.201,5.053,-2.604,LISTENING
19979.159,4989.606,1887.603,4574.968,-5.284,2.16,4.953,-2.604,SENSING
19979.159,4989.606,1887.603,4574.968,-5.284,2.16,4.953,-2.604,LISTENING
19980.0,4985.164,1889.416,4579.129,-5.289,2.159,4.949,-2.604,SENSING
19980.0,4985.164,1889.416,4579.129,-5.289,2.159,4.949,-2.604,LISTENING
20000.0,4878.33,1932.074,4676.997,-5.402,2.115,4.843,-2.604,SENSING
20000.0,4878.33,1932.074,4676.997,-5.402,2.115,4.843,-2.604,LISTENING
20100.0,4311.65,2131.74,5133.316,-5.929,1.882,4.28,-2.604,SENSING
20100.0,4311.65,2131.74,5133.316,-5.929,1.882,4.28,-2.604,LISTENING
20200.0,3695.716,2307.111,5530.975,-6.387,1.628,3.67,-2.604,SENSING
20200.0,3695.716,2307.111,5530.975,-6.387,1.628,3.67,-2.604,LISTENING
20300.0,3037.674,2456.257,5865.598,-6.771,1.357,3.02,-2.604,SENSING
20300.0,3037.674,2456.257,5865.598,-6.771,1.357,3.02,-2.604,LISTENING
20400.0,2345.12,2577.561,6133.556,-7.077,1.071,2.337,-2.604,SENSING
20400.0,2345.12,2577.561,6133.556,-7.077,1.071,2.337,-2.604,LISTENING
20500.0,1625.998,2669.734,6332.011,-7.302,0.774,1.63,-2.604,SENSING
20500.0,1625.998,2669.734,6332.011,-7.302,0.774,1.63,-2.604,LISTENING
20508.652,1562.801,2676.306,6345.841,-7.318,0.748,1.568,-2.604,SENSING
20508.652,1562.801,2676.306,6345.841,-7.318,0.748,1.568,-2.604,LISTENING
20510.0,1552.938,2677.31,6347.948,-7.32,0.744,1.559,-2.604,SENSING
20510.0,1552.938,2677.31,6347.948,-7.32,0.744,1.559,-2.604,LISTENING
20518.501,1490.696,2683.512,6360.932,-7.335,0.718,1.498,-2.604,SENSING
20518.501,1490.696,2683.512,6360.932,-7.335,0.718,1.498,-2.604,MANEUVERING
20518.501,1490.696,2683.512,6360.932,-7.335,0.718,1.498,-2.604,LISTENING
20520.0,1479.704,2684.583,6363.168,-7.337,0.713,1.487,-1.105,MANEUVERING
20520.0,1479.704,2684.583,6363.168,-7.337,0.713,1.487,-1.105,SENSING
20520.0,1479.704,2684.583,6363.168,-7.337,0.713,1.487,-1.105,MEASURING
20520.0,1479.704,2684.583,6363.168,-7.337,0.713,1.487,-1.105,SENSING
20520.0,1479.704,2684.583,6363.168,-7.337,0.713,1.487,-1.105,LISTENING
20588.237,975.946,2726.106,6447.76,-7.432,0.505,0.993,-1.105,SENSING
20588.237,975.946,2726.106,6447.76,-7.432,0.505,0.993,-1.105,LISTENING
20590.0,962.848,2726.99,6449.499,-7.434,0.5,0.98,-1.105,SENSING
20590.0,962.848,2726.99,6449.499,-7.434,0.5,0.98,-1.105,LISTENING
20597.217,909.21,2730.511,6456.379,-7.441,0.477,0.928,-1.105,SENSING
20597.217,909.21,2730.511,6456.379,-7.441,0.477,0.928,-1.105,LISTENING
20597.458,907.417,2730.626,6456.602,-7.442,0.477,0.926,-1.105,SENSING
20597.458,907.417,2730.626,6456.602,-7.442,0.477,0.926,-1.105,LISTENING
20599.294,893.763,2731.495,6458.289,-7.444,0.471,0.912,-1.105,SENSING
20599.294,893.763,2731.495,6458.289,-7.444,0.471,0.912,-1.105,MANEUVERING
20599.294,893.763,2731.495,6458.289,-7.444,0.471,0.912,-1.105,LISTENING
20600.0,888.511,2731.826,6458.931,-7.444,0.469,0.907,-0.399,MANEUVERING
20600.0,888.511,2731.826,6458.931,-7.444,0.469,0.907,-0.399,SENSING
20600.0,888.511,2731.826,6458.931,-7.444,0.469,0.907,-0.399,LISTENING
20619.856,740.619,2740.517,6475.5,-7.462,0.408,0.762,-0.399,SENSING
20619.856,740.619,2740.517,6475.5,-7.462,0.408,0.762,-0.399,LISTENING
20620.0,739.544,2740.575,6475.61,-7.463,0.407,0.761,-0.399,SENSING
20620.0,739.544,2740.575,6475.61,-7.463,0.407,0.761,-0.399,LISTENING
20628.792,673.948,2744.032,6482.019,-7.47,0.38,0.697,-0.399,SENSING
20628.792,673.948,2744.032,6482.019,-7.47,0.38,0.697,-0.399,LISTENING
20630.0,664.931,2744.488,6482.856,-7.47,0.376,0.688,-0.399,SENSING
20630.0,664.931,2744.488,6482.856,-7.47,0.376,0.688,-0.399,LISTENING
20700.0,141.018,2763.233,6513.111,-7.502,0.16,0.176,-0.399,SENSING
20700.0,141.018,2763.233,6513.111,-7.502,0.16,0.176,-0.399,LISTENING
20800.0,-608.059,2763.701,6494.172,-7.476,-0.15,-0.554,-0.399,SENSING
20800.0,-608.059,2763.701,6494.172,-7.476,-0.15,-0.554,-0.399,LISTENING
20900.0,-1350.339,2733.323,6402.557,-7.366,-0.458,-1.277,-0.399,SENSING
20900.0,-1350.339,2733.323,6402.557,-7.366,-0.458,-1.277,-0.399,LISTENING
21000.0,-2077.562,2672.531,6239.516,-7.175,-0.759,-1.982,-0.399,SENSING
21000.0,-2077.562,2672.531,6239.516,-7.175,-0.759,-1.982,-0.399,LISTENING
21100.0,-2781.692,2582.094,6007.079,-6.905,-1.051,-2.664,-0.399,SENSING
21100.0,-2781.692,2582.094,6007.079,-6.905,-1.051,-2.664,-0.399,LISTENING
21129.413,-2983.267,2550.002,5925.891,-6.811,-1.135,-2.859,-0.399,SENSING
21129.413,-2983.267,2550.002,5925.891,-6.811,-1.135,-2.859,-0.399,MANEUVERING
21129.413,-2983.267,2550.002,5925.891,-6.811,-1.135,-2.859,-0.399,LISTENING
21130.0,-2987.262,2549.337,5924.212,-6.809,-1.137,-2.863,-0.986,MANEUVERING
21130.0,-2987.262,2549.337,5924.212,-6.809,-1.137,-2.863,-0.986,SENSING
21130.0,-2987.262,2549.337,5924.212,-6.809,-1.137,-2.863,-0.986,MEASURING
21130.0,-2987.262,2549.337,5924.212,-6.809,-1.137,-2.863,-0.986,SENSING
21130.0,-2987.262,2549.337,5924.212,-6.809,-1.137,-2.863,-0.986,LISTENING
21188.964,-3382.43,2477.593,5744.2,-6.6,-1.301,-3.244,-0.986,SENSING
21188.964,-3382.43,2477.593,5744.2,-6.6,-1.301,-3.244,-0.986,MANEUVERING
21188.964,-3382.43,2477.593,5744.2,-6.6,-1.301,-3.244,-0.986,LISTENING
21190.0,-3389.262,2476.247,5740.837,-6.597,-1.304,-3.251,-2.022,MANEUVERING
21190.0,-3389.262,2476.247,5740.837,-6.597,-1.304,-3.251,-2.022,SENSING
21190.0,-3389.262,2476.247,5740.837,-6.597,-1.304,-3.251,-2.022,MEASURING
21190.0,-3389.262,2476.247,5740.837,-6.597,-1.304,-3.251,-2.022,SENSING
21190.0,-3389.262,2476.247,5740.837,-6.597,-1.304,-3.251,-2.022,LISTENING
21199.931,-3454.539,2463.191,5708.257,-6.559,-1.331,-3.314,-2.022,SENSING
21199.931,-3454.539,2463.191,5708.257,-6.559,-1.331,-3.314,-2.022,MANEUVERING
21199.931,-3454.539,2463.191,5708.257,-6.559,-1.331,-3.314,-2.022,LISTENING
21200.0,-3454.991,2463.1,5708.029,-6.559,-1.331,-3.314,-2.091,MANEUVERING
21200.0,-3454.991,2463.1,5708.029,-6.559,-1.331,-3.314,-2.091,SENSING
21200.0,-3454.991,2463.1,5708.029,-6.559,-1.331,-3.314,-2.091,LISTENING
21300.0,-4090.104,2316.94,5345.86,-6.141,-1.595,-3.926,-2.091,SENSING
21300.0,-4090.104,2316.94,5345.86,-6.141,-1.595,-3.926,-2.091,LISTENING
21400.0,-4680.131,2145.295,4924.735,-5.657,-1.841,-4.493,-2.091,SENSING
21400.0,-4680.131,2145.295,4924.735,-5.657,-1.841,-4.493,-2.091,LISTENING
21500.0,-5218.694,1950.111,4449.431,-5.112,-2.066,-5.009,-2.091,SENSING
21500.0,-5218.694,1950.111,4449.431,-5.112,-2.066,-5.009,-2.091,LISTENING
21600.0,-5699.999,1733.577,3925.287,-4.512,-2.269,-5.469,-2.091,SENSING
21600.0,-5699.999,1733.577,3925.287,-4.512,-2.269,-5.469,-2.091,LISTENING
21700.0,-6118.891,1498.101,3358.143,-3.864,-2.446,-5.869,-2.091,SENSING
21700.0,-6118.891,1498.101,3358.143,-3.864,-2.446,-5.869,-2.091,LISTENING
21800.0,-6470.898,1246.284,2754.274,-3.175,-2.596,-6.204,-2.091,SENSING
21800.0,-6470.898,1246.284,2754.274,-3.175,-2.596,-6.204,-2.091,LISTENING
21878.534,-6697.99,1038.862,2258.602,-2.609,-2.694,-6.419,-2.091,SENSING
21878.534,-6697.99,1038.862,2258.602,-2.609,-2.694,-6.419,-2.091,LISTENING
21880.0,-6701.805,1034.919,2249.194,-2.599,-2.695,-6.422,-2.091,SENSING
21880.0,-6701.805,1034.919,2249.194,-2.599,-2.695,-6.422,-2.091,LISTENING
21886.996,-6719.794,1016.07,2204.226,-2.547,-2.703,-6.44,-2.091,SENSING
21886.996,-6719.794,1016.07,2204.226,-2.547,-2.703,-6.44,-2.091,LISTENING
21890.0,-6727.408,1007.96,2184.881,-2.525,-2.706,-6.447,-2.091,SENSING
21890.0,-6727.408,1007.96,2184.881,-2.525,-2.706,-6.447,-2.091,LISTENING
21900.0,-6752.276,980.892,2120.329,-2.452,-2.717,-6.47,-2.091,SENSING
21900.0,-6752.276,980.892,2120.329,-2.452,-2.717,-6.47,-2.091,LISTENING
22000.0,-6960.038,704.828,1463.256,-1.703,-2.809,-6.666,-2.091,SENSING
22000.0,-6960.038,704.828,1463.256,-1.703,-2.809,-6.666,-2.091,LISTENING
22100.0,-7091.983,421.102,790.237,-0.936,-2.871,-6.789,-2.091,SENSING
22100.0,-7091.983,421.102,790.237,-0.936,-2.871,-6.789,-2.091,LISTENING
22200.0,-7146.715,132.799,108.611,-0.159,-2.901,-6.838,-2.091,SENSING
22200.0,-7146.715,132.799,108.611,-0.159,-2.901,-6.838,-2.091,LISTENING
22300.0,-7123.654,-156.948,-574.199,0.62,-2.9,-6.813,-2.091,SENSING
22300.0,-7123.654,-156.948,-574.199,0.62,-2.9,-6.813,-2.091,LISTENING
22400.0,-7023.04,-444.993,-1250.754,1.392,-2.867,-6.713,-2.091,SENSING
22400.0,-7023.04,-444.993,-1250.754,1.392,-2.867,-6.713,-2.091,LISTENING
22500.0,-6845.936,-728.204,-1913.681,2.149,-2.803,-6.54,-2.091,SENSING
22500.0,-6845.936,-728.204,-1913.681,2.149,-2.803,-6.54,-2.091,LISTENING
22600.0,-6594.214,-1003.497,-2555.74,2.884,-2.708,-6.296,-2.091,SENSING
22600.0,-6594.214,-1003.497,-2555.74,2.884,-2.708,-6.296,-2.091,LISTENING
22638.096,-6479.221,-1105.659,-2793.372,3.156,-2.664,-6.184,-2.091,SENSING
22638.096,-6479.221,-1105.659,-2793.372,3.156,-2.664,-6.184,-2.091,MANEUVERING
22638.096,-6479.221,-1105.659,-2793.372,3.156,-2.664,-6.184,-2.091,LISTENING
22640.0,-6473.202,-1110.721,-2805.136,3.17,-2.662,-6.179,-0.187,MANEUVERING
22640.0,-6473.202,-1110.721,-2805.136,3.17,-2.662,-6.179,-0.187,SENSING
22640.0,-6473.202,-1110.721,-2805.136,3.17,-2.662,-6.179,-0.187,MEASURING
22640.0,-6473.202,-1110.721,-2805.136,3.17,-2.662,-6.179,-0.187,SENSING
22640.0,-6473.202,-1110.721,-2805.136,3.17,-2.662,-6.179,-0.187,LISTENING
22668.898,-6378.725,-1186.991,-2982.286,3.373,-2.626,-6.087,-0.187,SENSING
22668.898,-6378.725,-1186.991,-2982.286,3.373,-2.626,-6.087,-0.187,MANEUVERING
22668.898,-6378.725,-1186.991,-2982.286,3.373,-2.626,-6.087,-0.187,LISTENING
22670.0,-6375.006,-1189.878,-2988.988,3.381,-2.624,-6.084,0.915,MANEUVERING
22670.0,-6375.006,-1189.878,-2988.988,3.381,-2.624,-6.084,0.915,SENSING
22670.0,-6375.006,-1189.878,-2988.988,3.381,-2.624,-6.084,0.915,MEASURING
22670.0,-6375.006,-1189.878,-2988.988,3.381,-2.624,-6.084,0.915,SENSING
22670.0,-6375.006,-1189.878,-2988.988,3.381,-2.624,-6.084,0.915,LISTENING
22700.0,-6270.539,-1267.867,-3169.898,3.588,-2.584,-5.982,0.915,SENSING
22700.0,-6270.539,-1267.867,-3169.898,3.588,-2.584,-5.982,0.915,LISTENING
22769.578,-6004.677,-1443.825,-3577.164,4.056,-2.481,-5.725,0.915,SENSING
22769.578,-6004.677,-1443.825,-3577.164,4.056,-2.481,-5.725,0.915,LISTENING
22770.0,-6002.965,-1444.87,-3579.58,4.059,-2.48,-5.724,0.915,SENSING
22770.0,-6002.965,-1444.87,-3579.58,4.059,-2.48,-5.724,0.915,LISTENING
22788.874,-5925.247,-1491.311,-3686.845,4.182,-2.45,-5.648,0.915,SENSING
22788.874,-5925.247,-1491.311,-3686.845,4.182,-2.45,-5.648,0.915,LISTENING
22790.0,-5920.537,-1494.064,-3693.199,4.189,-2.448,-5.644,0.915,SENSING
22790.0,-5920.537,-1494.064,-3693.199,4.189,-2.448,-5.644,0.915,LISTENING
22800.0,-5878.349,-1518.417,-3749.405,4.254,-2.432,-5.603,0.915,SENSING
22800.0,-5878.349,-1518.417,-3749.405,4.254,-2.432,-5.603,0.915,LISTENING
22900.0,-5421.823,-1752.386,-4287.857,4.875,-2.252,-5.162,0.915,SENSING
22900.0,-5421.823,-1752.386,-4287.857,4.875,-2.252,-5.162,0.915,LISTENING
23000.0,-4905.842,-1967.183,-4779.266,5.443,-2.048,-4.663,0.915,SENSING
23000.0,-4905.842,-1967.183,-4779.266,5.443,-2.048,-4.663,0.915,LISTENING
23100.0,-4335.948,-2160.41,-5218.127,5.953,-1.82,-4.111,0.915,SENSING
23100.0,-4335.948,-2160.41,-5218.127,5.953,-1.82,-4.111,0.915,LISTENING
23200.0,-3718.288,-2329.891,-5599.476,6.398,-1.572,-3.513,0.915,SENSING
23200.0,-3718.288,-2329.891,-5599.476,6.398,-1.572,-3.513,0.915,LISTENING
23300.0,-3059.562,-2473.695,-5918.948,6.774,-1.306,-2.874,0.915,SENSING
23300.0,-3059.562,-2473.695,-5918.948,6.774,-1.306,-2.874,0.915,LISTENING
23339.222,-2791.529,-2522.717,-6026.528,6.901,-1.198,-2.614,0.915,SENSING
23339.222,-2791.529,-2522.717,-6026.528,6.901,-1.198,-2.614,0.915,MANEUVERING
23339.222,-2791.529,-2522.717,-6026.528,6.901,-1.198,-2.614,0.915,LISTENING
23340.0,-2786.166,-2523.645,-6028.557,6.904,-1.195,-2.609,0.138,MANEUVERING
23340.0,-2786.166,-2523.645,-6028.557,6.904,-1.195,-2.609,0.138,SENSING
23340.0,-2786.166,-2523.645,-6028.557,6.904,-1.195,-2.609,0.138,MEASURING
23340.0,-2786.166,-2523.645,-6028.557,6.904,-1.195,-2.609,0.138,SENSING
23340.0,-2786.166,-2523.645,-6028.557,6.904,-1.195,-2.609,0.138,LISTENING
23389.082,-2443.988,-2578.819,-6148.401,7.046,-1.056,-2.276,0.138,SENSING
23389.082,-2443.988,-2578.819,-6148.401,7.046,-1.056,-2.276,0.138,MANEUVERING
23389.082,-2443.988,-2578.819,-6148.401,7.046,-1.056,-2.276,0.138,LISTENING
23390.0,-2437.522,-2579.786,-6150.486,7.049,-1.054,-2.27,1.056,MANEUVERING
23390.0,-2437.522,-2579.786,-6150.486,7.049,-1.054,-2.27,1.056,SENSING
23390.0,-2437.522,-2579.786,-6150.486,7.049,-1.054,-2.27,1.056,MEASURING
23390.0,-2437.522,-2579.786,-6150.486,7.049,-1.054,-2.27,1.056,SENSING
23390.0,-2437.522,-2579.786,-6150.486,7.049,-1.054,-2.27,1.056,LISTENING
23400.0,-2366.95,-2590.161,-6172.832,7.076,-1.025,-2.201,1.056,SENSING
23400.0,-2366.95,-2590.161,-6172.832,7.076,-1.025,-2.201,1.056,LISTENING
23500.0,-1648.048,-2677.919,-6358.112,7.299,-0.731,-1.502,1.056,SENSING
23500.0,-1648.048,-2677.919,-6358.112,7.299,-0.731,-1.502,1.056,LISTENING
23600.0,-910.786,-2735.903,-6472.516,7.443,-0.429,-0.784,1.056,SENSING
23600.0,-910.786,-2735.903,-6472.516,7.443,-0.429,-0.784,1.056,LISTENING
23679.218,-319.113,-2760.203,-6511.813,7.497,-0.185,-0.207,1.056,SENSING
23679.218,-319.113,-2760.203,-6511.813,7.497,-0.185,-0.207,1.056,LISTENING
23680.0,-313.252,-2760.347,-6511.973,7.498,-0.183,-0.202,1.056,SENSING
23680.0,-313.252,-2760.347,-6511.973,7.498,-0.183,-0.202,1.056,LISTENING
23688.462,-249.841,-2761.779,-6513.417,7.5,-0.156,-0.14,1.056,SENSING
23688.462,-249.841,-2761.779,-6513.417,7.5,-0.156,-0.14,1.056,LISTENING
23690.0,-238.314,-2762.016,-6513.623,7.501,-0.152,-0.129,1.056,SENSING
23690.0,-238.314,-2762.016,-6513.623,7.501,-0.152,-0.129,1.056,LISTENING
23700.0,-163.349,-2763.376,-6514.542,7.503,-0.121,-0.055,1.056,SENSING
23700.0,-163.349,-2763.376,-6514.542,7.503,-0.121,-0.055,1.056,LISTENING
23800.0,585.915,-2759.931,-6483.491,7.479,0.19,0.677,1.056,SENSING
23800.0,585.915,-2759.931,-6483.491,7.479,0.19,0.677,1.056,LISTENING
23900.0,1328.583,-2725.51,-6379.48,7.371,0.499,1.403,1.056,SENSING
23900.0,1328.583,-2725.51,-6379.48,7.371,0.499,1.403,1.056,LISTENING
24000.0,2056.255,-2660.402,-6203.453,7.179,0.804,2.116,1.056,SENSING
24000.0,2056.255,-2660.402,-6203.453,7.179,0.804,2.116,1.056,LISTENING
24100.0,2760.648,-2565.248,-5957.183,6.905,1.101,2.807,1.056,SENSING
24100.0,2760.648,-2565.248,-5957.183,6.905,1.101,2.807,1.056,LISTENING
24200.0,3433.696,-2441.035,-5643.256,6.552,1.386,3.469,1.056,SENSING
24200.0,3433.696,-2441.035,-5643.256,6.552,1.386,3.469,1.056,LISTENING
24300.0,4067.646,-2289.092,-5265.056,6.124,1.656,4.092,1.056,SENSING
24300.0,4067.646,-2289.092,-5265.056,6.124,1.656,4.092,1.056,LISTENING
24400.0,4655.158,-2111.073,-4826.73,5.624,1.908,4.671,1.056,SENSING
24400.0,4655.158,-2111.073,-4826.73,5.624,1.908,4.671,1.056,LISTENING
24500.0,5189.392,-1908.948,-4333.145,5.058,2.138,5.197,1.056,SENSING
24500.0,5189.392,-1908.948,-4333.145,5.058,2.138,5.197,1.056,LISTENING
24600.0,5664.102,-1684.975,-3789.841,4.433,2.345,5.665,1.056,SENSING
24600.0,5664.102,-1684.975,-3789.841,4.433,2.345,5.665,1.056,LISTENING
24608.785,5702.77,-1664.337,-3739.936,4.376,2.362,5.703,1.056,SENSING
24608.785,5702.77,-1664.337,-3739.936,4.376,2.362,5.703,1.056,LISTENING
24610.0,5708.078,-1661.471,-3733.008,4.368,2.364,5.708,1.056,SENSING
24610.0,5708.078,-1661.471,-3733.008,4.368,2.364,5.708,1.056,LISTENING
24618.194,5743.623,-1642.069,-3686.118,4.314,2.38,5.743,1.056,SENSING
24618.194,5743.623,-1642.069,-3686.118,4.314,2.38,5.743,1.056,LISTENING
24620.0,5751.398,-1637.776,-3675.745,4.302,2.383,5.75,1.056,SENSING
24620.0,5751.398,-1637.776,-3675.745,4.302,2.383,5.75,1.056,LISTENING
24700.0,6073.713,-1441.677,-3202.965,3.757,2.525,6.068,1.056,SENSING
24700.0,6073.713,-1441.677,-3202.965,3.757,2.525,6.068,1.056,LISTENING
24800.0,6413.396,-1181.817,-2579.202,3.035,2.677,6.402,1.056,SENSING
24800.0,6413.396,-1181.817,-2579.202,3.035,2.677,6.402,1.056,LISTENING
24900.0,6679.137,-908.359,-1925.691,2.278,2.797,6.662,1.056,SENSING
24900.0,6679.137,-908.359,-1925.691,2.278,2.797,6.662,1.056,LISTENING
25000.0,6867.787,-624.439,-1249.947,1.494,2.886,6.846,1.056,SENSING
25000.0,6867.787,-624.439,-1249.947,1.494,2.886,6.846,1.056,LISTENING
25100.0,6977.107,-333.319,-559.759,0.692,2.941,6.951,1.056,SENSING
25100.0,6977.107,-333.319,-559.759,0.692,2.941,6.951,1.056,LISTENING
25109.185,6983.117,-306.336,-495.92,0.618,2.945,6.957,1.056,SENSING
25109.185,6983.117,-306.336,-495.92,0.618,2.945,6.957,1.056,LISTENING
25110.0,6983.618,-303.94,-490.252,0.611,2.945,6.957,1.056,SENSING
25110.0,6983.618,-303.94,-490.252,0.611,2.945,6.957,1.056,LISTENING
25177.877,7006.43,-103.767,-17.369,0.061,2.961,6.977,1.056,SENSING
25177.877,7006.43,-103.767,-17.369,0.061,2.961,6.977,1.056,LISTENING
25180.0,7006.542,-97.492,-2.564,0.044,2.961,6.977,1.056,SENSING
25180.0,7006.542,-97.492,-2.564,0.044,2.961,6.977,1.056,LISTENING
25188.537,7006.622,-72.253,56.969,-0.025,2.962,6.977,1.056,SENSING
25188.537,7006.622,-72.253,56.969,-0.025,2.962,6.977,1.056,LISTENING
25190.0,7006.576,-67.927,67.171,-0.037,2.962,6.977,1.056,SENSING
25190.0,7006.576,-67.927,67.171,-0.037,2.962,6.977,1.056,LISTENING
25200.0,7005.8,-38.354,136.899,-0.118,2.963,6.976,1.056,SENSING
25200.0,7005.8,-38.354,136.899,-0.118,2.963,6.976,1.056,LISTENING
25300.0,6953.526,257.056,831.975,-0.927,2.95,6.92,1.056,SENSING
25300.0,6953.526,257.056,831.975,-0.927,2.95,6.92,1.056,LISTENING
25400.0,6820.911,549.506,1517.434,-1.725,2.904,6.783,1.056,SENSING
25400.0,6820.911,549.506,1517.434,-1.725,2.904,6.783,1.056,LISTENING
25500.0,6609.533,835.626,2185.366,-2.502,2.824,6.569,1.056,SENSING
25500.0,6609.533,835.626,2185.366,-2.502,2.824,6.569,1.056,LISTENING
25600.0,6321.904,1112.131,2828.077,-3.249,2.711,6.279,1.056,SENSING
25600.0,6321.904,1112.131,2828.077,-3.249,2.711,6.279,1.056,LISTENING
25609.235,6291.608,1137.069,2885.898,-3.316,2.699,6.249,1.056,SENSING
25609.235,6291.608,1137.069,2885.898,-3.316,2.699,6.249,1.056,LISTENING
25610.0,6289.071,1139.129,2890.674,-3.322,2.698,6.246,1.056,SENSING
25610.0,6289.071,1139.129,2890.674,-3.322,2.698,6.246,1.056,LISTENING
25699.706,5962.597,1375.099,3436.453,-3.956,2.568,5.919,1.056,SENSING
25699.706,5962.597,1375.099,3436.453,-3.956,2.568,5.919,1.056,LISTENING
25700.0,5961.434,1375.852,3438.192,-3.958,2.568,5.918,1.056,SENSING
25700.0,5961.434,1375.852,3438.192,-3.958,2.568,5.918,1.056,LISTENING
25800.0,5532.384,1623.784,4008.74,-4.62,2.395,5.488,1.056,SENSING
25800.0,5532.384,1623.784,4008.74,-4.62,2.395,5.488,1.056,LISTENING
25900.0,5039.807,1853.114,4533.242,-5.228,2.195,4.997,1.056,SENSING
25900.0,5039.807,1853.114,4533.242,-5.228,2.195,4.997,1.056,LISTENING
26000.0,4489.482,2061.26,5005.782,-5.775,1.971,4.45,1.056,SENSING
26000.0,4489.482,2061.26,5005.782,-5.775,1.971,4.45,1.056,LISTENING
26100.0,3887.835,2245.898,5421.079,-6.255,1.725,3.853,1.056,SENSING
26100.0,3887.835,2245.898,5421.079,-6.255,1.725,3.853,1.056,LISTENING
26148.978,3576.531,2327.125,5602.183,-6.463,1.597,3.545,1.056,SENSING
26148.978,3576.531,2327.125,5602.183,-6.463,1.597,3.545,1.056,MANEUVERING
26148.978,3576.531,2327.125,5602.183,-6.463,1.597,3.545,1.056,LISTENING
26150.0,3569.932,2328.752,5605.799,-6.467,1.594,3.538,0.034,MANEUVERING
26150.0,3569.932,2328.752,5605.799,-6.467,1.594,3.538,0.034,SENSING
26150.0,3569.932,2328.752,5605.799,-6.467,1.594,3.538,0.034,MEASURING
26150.0,3569.932,2328.752,5605.799,-6.467,1.594,3.538,0.034,SENSING
26150.0,3569.932,2328.752,5605.799,-6.467,1.594,3.538,0.034,LISTENING
26178.735,3382.571,2373.388,5704.76,-6.581,1.517,3.353,0.034,SENSING
26178.735,3382.571,2373.388,5704.76,-6.581,1.517,3.353,0.034,MANEUVERING
26178.735,3382.571,2373.388,5704.76,-6.581,1.517,3.353,0.034,LISTENING
26180.0,3374.248,2375.302,5708.994,-6.586,1.514,3.345,1.299,MANEUVERING
26180.0,3374.248,2375.302,5708.994,-6.586,1.514,3.345,1.299,SENSING
26180.0,3374.248,2375.302,5708.994,-6.586,1.514,3.345,1.299,MEASURING
26180.0,3374.248,2375.302,5708.994,-6.586,1.514,3.345,1.299,SENSING
26180.0,3374.248,2375.302,5708.994,-6.586,1.514,3.345,1.299,LISTENING
26200.0,3241.859,2404.988,5774.544,-6.662,1.46,3.214,1.299,SENSING
26200.0,3241.859,2404.988,5774.544,-6.662,1.46,3.214,1.299,LISTENING
26300.0,2559.02,2536.795,6062.328,-6.992,1.179,2.54,1.299,SENSING
26300.0,2559.02,2536.795,6062.328,-6.992,1.179,2.54,1.299,LISTENING
26400.0,1847.166,2639.908,6281.355,-7.242,0.885,1.839,1.299,SENSING
26400.0,1847.166,2639.908,6281.355,-7.242,0.885,1.839,1.299,LISTENING
26500.0,1114.432,2713.25,6429.359,-7.409,0.583,1.12,1.299,SENSING
26500.0,1114.432,2713.25,6429.359,-7.409,0.583,1.12,1.299,LISTENING
26600.0,369.138,2756.089,6504.891,-7.493,0.275,0.39,1.299,SENSING
26600.0,369.138,2756.089,6504.891,-7.493,0.275,0.39,1.299,LISTENING
26618.563,230.08,2760.648,6510.874,-7.499,0.217,0.254,1.299,SENSING
26618.563,230.08,2760.648,6510.874,-7.499,0.217,0.254,1.299,MANEUVERING
26618.563,230.08,2760.648,6510.874,-7.499,0.217,0.254,1.299,LISTENING
26620.0,219.312,2760.956,6511.232,-7.5,0.213,0.244,-0.138,MANEUVERING
26620.0,219.312,2760.956,6511.232,-7.5,0.213,0.244,-0.138,SENSING
26620.0,219.312,2760.956,6511.232,-7.5,0.213,0.244,-0.138,MEASURING
26620.0,219.312,2760.956,6511.232,-7.5,0.213,0.244,-0.138,SENSING
26620.0,219.312,2760.956,6511.232,-7.5,0.213,0.244,-0.138,LISTENING
26677.523,-211.925,2768.053,6513.154,-7.5,0.034,-0.177,-0.138,SENSING
26677.523,-211.925,2768.053,6513.154,-7.5,0.034,-0.177,-0.138,MANEUVERING
26677.523,-211.925,2768.053,6513.154,-7.5,0.034,-0.177,-0.138,LISTENING
26680.0,-230.489,2768.128,6512.693,-7.499,0.026,-0.195,2.339,MANEUVERING
26680.0,-230.489,2768.128,6512.693,-7.499,0.026,-0.195,2.339,SENSING
26680.0,-230.489,2768.128,6512.693,-7.499,0.026,-0.195,2.339,MEASURING
26680.0,-230.489,2768.128,6512.693,-7.499,0.026,-0.195,2.339,SENSING
26680.0,-230.489,2768.128,6512.693,-7.499,0.026,-0.195,2.339,LISTENING
26698.614,-369.927,2768.087,6507.797,-7.493,-0.031,-0.331,2.339,SENSING
26698.614,-369.927,2768.087,6507.797,-7.493,-0.031,-0.331,2.339,MANEUVERING
26698.614,-369.927,2768.087,6507.797,-7.493,-0.031,-0.331,2.339,LISTENING
26700.0,-380.305,2768.041,6507.332,-7.492,-0.036,-0.341,0.953,MANEUVERING
26700.0,-380.305,2768.041,6507.332,-7.492,-0.036,-0.341,0.953,SENSING
26700.0,-380.305,2768.041,6507.332,-7.492,-0.036,-0.341,0.953,LISTENING
26800.0,-1125.493,2749.07,6436.883,-7.408,-0.344,-1.067,0.953,SENSING
26800.0,-1125.493,2749.07,6436.883,-7.408,-0.344,-1.067,0.953,LISTENING
26900.0,-1858.121,2699.484,6294.562,-7.241,-0.648,-1.778,0.953,SENSING
26900.0,-1858.121,2699.484,6294.562,-7.241,-0.648,-1.778,0.953,LISTENING
27000.0,-2570.078,2619.928,6082.173,-6.995,-0.944,-2.468,0.953,SENSING
27000.0,-2570.078,2619.928,6082.173,-6.995,-0.944,-2.468,0.953,LISTENING
27100.0,-3253.525,2511.372,5802.283,-6.671,-1.229,-3.128,0.953,SENSING
27100.0,-3253.525,2511.372,5802.283,-6.671,-1.229,-3.128,0.953,LISTENING
27200.0,-3900.985,2375.097,5458.181,-6.275,-1.499,-3.751,0.953,SENSING
27200.0,-3900.985,2375.097,5458.181,-6.275,-1.499,-3.751,0.953,LISTENING
27300.0,-4505.411,2212.677,5053.841,-5.811,-1.752,-4.332,0.953,SENSING
27300.0,-4505.411,2212.677,5053.841,-5.811,-1.752,-4.332,0.953,LISTENING
27400.0,-5060.262,2025.961,4593.863,-5.284,-1.986,-4.864,0.953,SENSING
27400.0,-5060.262,2025.961,4593.863,-5.284,-1.986,-4.864,0.953,LISTENING
27429.452,-5213.339,1966.639,4448.525,-5.118,-2.05,-5.01,0.953,SENSING
27429.452,-5213.339,1966.639,4448.525,-5.118,-2.05,-5.01,0.953,LISTENING
27430.0,-5216.14,1965.517,4445.781,-5.115,-2.051,-5.013,0.953,SENSING
27430.0,-5216.14,1965.517,4445.781,-5.115,-2.051,-5.013,0.953,LISTENING
27448.042,-5307.413,1928.228,4354.598,-5.01,-2.09,-5.1,0.953,SENSING
27448.042,-5307.413,1928.228,4354.598,-5.01,-2.09,-5.1,0.953,LISTENING
27450.0,-5317.205,1924.14,4344.608,-4.999,-2.094,-5.109,0.953,SENSING
27450.0,-5317.205,1924.14,4344.608,-4.999,-2.094,-5.109,0.953,LISTENING
27497.569,-5548.123,1822.375,4096.392,-4.715,-2.192,-5.33,0.953,SENSING
27497.569,-5548.123,1822.375,4096.392,-4.715,-2.192,-5.33,0.953,LISTENING
27500.0,-5559.559,1817.051,4083.429,-4.7,-2.197,-5.341,0.953,SENSING
27500.0,-5559.559,1817.051,4083.429,-4.7,-2.197,-5.341,0.953,LISTENING
27518.544,-5645.605,1776.054,3983.675,-4.586,-2.233,-5.423,0.953,SENSING
27518.544,-5645.605,1776.054,3983.675,-4.586,-2.233,-5.423,0.953,LISTENING
27520.0,-5652.269,1772.807,3975.78,-4.577,-2.236,-5.429,0.953,SENSING
27520.0,-5652.269,1772.807,3975.78,-4.577,-2.236,-5.429,0.953,LISTENING
27589.69,-5955.708,1612.709,3587.371,-4.134,-2.365,-5.718,0.953,SENSING
27589.69,-5955.708,1612.709,3587.371,-4.134,-2.365,-5.718,0.953,LISTENING
27590.0,-5956.989,1611.977,3585.599,-4.132,-2.366,-5.72,0.953,SENSING
27590.0,-5956.989,1611.977,3585.599,-4.132,-2.366,-5.72,0.953,LISTENING
27600.0,-5997.948,1588.277,3528.238,-4.066,-2.383,-5.759,0.953,SENSING
27600.0,-5997.948,1588.277,3528.238,-4.066,-2.383,-5.759,0.953,LISTENING
27700.0,-6370.743,1342.169,2934.444,-3.389,-2.544,-6.113,0.953,SENSING
27700.0,-6370.743,1342.169,2934.444,-3.389,-2.544,-6.113,0.953,LISTENING
27800.0,-6673.976,1081.437,2308.595,-2.675,-2.676,-6.399,0.953,SENSING
27800.0,-6673.976,1081.437,2308.595,-2.675,-2.676,-6.399,0.953,LISTENING
27900.0,-6904.425,808.935,1657.557,-1.933,-2.779,-6.616,0.953,SENSING
27900.0,-6904.425,808.935,1657.557,-1.933,-2.779,-6.616,0.953,LISTENING
28000.0,-7059.647,527.636,988.452,-1.171,-2.852,-6.761,0.953,SENSING
28000.0,-7059.647,527.636,988.452,-1.171,-2.852,-6.761,0.953,LISTENING
28100.0,-7137.999,240.602,308.578,-0.396,-2.894,-6.831,0.953,SENSING
28100.0,-7137.999,240.602,308.578,-0.396,-2.894,-6.831,0.953,LISTENING
28200.0,-7138.65,-49.048,-374.656,0.383,-2.904,-6.828,0.953,SENSING
28200.0,-7138.65,-49.048,-374.656,0.383,-2.904,-6.828,0.953,LISTENING
28218.587,-7130.193,-102.921,-501.422,0.528,-2.903,-6.819,0.953,SENSING
28218.587,-7130.193,-102.921,-501.422,0.528,-2.903,-6.819,0.953,LISTENING
28220.0,-7129.441,-107.015,-511.051,0.539,-2.903,-6.818,0.953,SENSING
28220.0,-7129.441,-107.015,-511.051,0.539,-2.903,-6.818,0.953,LISTENING
28238.789,-7117.959,-161.43,-638.985,0.684,-2.9,-6.806,0.953,SENSING
28238.789,-7117.959,-161.43,-638.985,0.684,-2.9,-6.806,0.953,LISTENING
28239.395,-7117.543,-163.184,-643.107,0.689,-2.9,-6.806,0.953,SENSING
28239.395,-7117.543,-163.184,-643.107,0.689,-2.9,-6.806,0.953,LISTENING
28240.0,-7117.125,-164.936,-647.223,0.694,-2.9,-6.806,0.953,SENSING
28240.0,-7117.125,-164.936,-647.223,0.694,-2.9,-6.806,0.953,LISTENING
28300.0,-7061.591,-338.168,-1053.809,1.158,-2.883,-6.75,0.953,SENSING
28300.0,-7061.591,-338.168,-1053.809,1.158,-2.883,-6.75,0.953,LISTENING
28400.0,-6907.635,-623.616,-1721.482,1.921,-2.831,-6.598,0.953,SENSING
28400.0,-6907.635,-623.616,-1721.482,1.921,-2.831,-6.598,0.953,LISTENING
28500.0,-6678.406,-902.286,-2370.387,2.663,-2.748,-6.375,0.953,SENSING
28500.0,-6678.406,-902.286,-2370.387,2.663,-2.748,-6.375,0.953,LISTENING
28600.0,-6376.33,-1171.139,-2993.425,3.377,-2.634,-6.081,0.953,SENSING
28600.0,-6376.33,-1171.139,-2993.425,3.377,-2.634,-6.081,0.953,LISTENING
28608.802,-6346.355,-1194.234,-3046.795,3.439,-2.623,-6.052,0.953,SENSING
28608.802,-6346.355,-1194.234,-3046.795,3.439,-2.623,-6.052,0.953,LISTENING
28610.0,-6342.233,-1197.37,-3054.039,3.447,-2.621,-6.048,0.953,SENSING
28610.0,-6342.233,-1197.37,-3054.039,3.447,-2.621,-6.048,0.953,LISTENING
28678.189,-6091.437,-1372.608,-3458.121,3.911,-2.526,-5.805,0.953,SENSING
28678.189,-6091.437,-1372.608,-3458.121,3.911,-2.526,-5.805,0.953,LISTENING
28680.0,-6084.349,-1377.171,-3468.622,3.923,-2.523,-5.798,0.953,SENSING
28680.0,-6084.349,-1377.171,-3468.622,3.923,-2.523,-5.798,0.953,LISTENING
28700.0,-6004.613,-1427.231,-3583.753,4.056,-2.492,-5.721,0.953,SENSING
28700.0,-6004.613,-1427.231,-3583.753,4.056,-2.492,-5.721,0.953,LISTENING
28800.0,-5567.211,-1667.748,-4134.859,4.691,-2.323,-5.297,0.953,SENSING
28800.0,-5567.211,-1667.748,-4134.859,4.691,-2.323,-5.297,0.953,LISTENING
28900.0,-5068.795,-1890.029,-4640.628,5.276,-2.127,-4.814,0.953,SENSING
28900.0,-5068.795,-1890.029,-4640.628,5.276,-2.127,-4.814,0.953,LISTENING
28919.836,-4963.129,-1931.735,-4735.064,5.385,-2.085,-4.712,0.953,SENSING
28919.836,-4963.129,-1931.735,-4735.064,5.385,-2.085,-4.712,0.953,LISTENING
28920.0,-4962.249,-1932.075,-4735.835,5.386,-2.085,-4.711,0.953,SENSING
28920.0,-4962.249,-1932.075,-4735.835,5.386,-2.085,-4.711,0.953,LISTENING
28989.829,-4573.441,-2072.111,-5051.632,5.753,-1.931,-4.334,0.953,SENSING
28989.829,-4573.441,-2072.111,-5051.632,5.753,-1.931,-4.334,0.953,LISTENING
28990.0,-4572.458,-2072.441,-5052.373,5.754,-1.931,-4.333,0.953,SENSING
28990.0,-4572.458,-2072.441,-5052.373,5.754,-1.931,-4.333,0.953,LISTENING
29000.0,-4514.71,-2091.6,-5095.405,5.804,-1.908,-4.277,0.953,SENSING
29000.0,-4514.71,-2091.6,-5095.405,5.804,-1.908,-4.277,0.953,LISTENING
29018.747,-4405.112,-2126.896,-5174.563,5.896,-1.864,-4.171,0.953,SENSING
29018.747,-4405.112,-2126.896,-5174.563,5.896,-1.864,-4.171,0.953,MANEUVERING
29018.747,-4405.112,-2126.896,-5174.563,5.896,-1.864,-4.171,0.953,LISTENING
29020.0,-4397.728,-2129.225,-5179.781,5.902,-1.861,-4.164,2.206,MANEUVERING
29020.0,-4397.728,-2129.225,-5179.781,5.902,-1.861,-4.164,2.206,SENSING
29020.0,-4397.728,-2129.225,-5179.781,5.902,-1.861,-4.164,2.206,MEASURING
29020.0,-4397.728,-2129.225,-5179.781,5.902,-1.861,-4.164,2.206,SENSING
29020.0,-4397.728,-2129.225,-5179.781,5.902,-1.861,-4.164,2.206,LISTENING
29078.464,-4044.836,-2233.781,-5413.188,6.175,-1.721,-3.822,2.206,SENSING
29078.464,-4044.836,-2233.781,-5413.188,6.175,-1.721,-3.822,2.206,MANEUVERING
29078.464,-4044.836,-2233.781,-5413.188,6.175,-1.721,-3.822,2.206,LISTENING
29080.0,-4035.353,-2236.416,-5419.048,6.182,-1.717,-3.813,0.67,MANEUVERING
29080.0,-4035.353,-2236.416,-5419.048,6.182,-1.717,-3.813,0.67,SENSING
29080.0,-4035.353,-2236.416,-5419.048,6.182,-1.717,-3.813,0.67,MEASURING
29080.0,-4035.353,-2236.416,-5419.048,6.182,-1.717,-3.813,0.67,SENSING
29080.0,-4035.353,-2236.416,-5419.048,6.182,-1.717,-3.813,0.67,LISTENING
29098.39,-3921.007,-2267.515,-5488.114,6.262,-1.671,-3.702,0.67,SENSING
29098.39,-3921.007,-2267.515,-5488.114,6.262,-1.671,-3.702,0.67,MANEUVERING
29098.39,-3921.007,-2267.515,-5488.114,6.262,-1.671,-3.702,0.67,LISTENING
29100.0,-3910.926,-2270.197,-5494.063,6.269,-1.667,-3.692,2.28,MANEUVERING
29100.0,-3910.926,-2270.197,-5494.063,6.269,-1.667,-3.692,2.28,SENSING
29100.0,-3910.926,-2270.197,-5494.063,6.269,-1.667,-3.692,2.28,LISTENING
29138.309,-3667.815,-2332.095,-5630.941,6.43,-1.57,-3.456,2.28,SENSING
29138.309,-3667.815,-2332.095,-5630.941,6.43,-1.57,-3.456,2.28,LISTENING
29140.0,-3656.943,-2334.741,-5636.774,6.437,-1.565,-3.446,2.28,SENSING
29140.0,-3656.943,-2334.741,-5636.774,6.437,-1.565,-3.446,2.28,LISTENING
29159.855,-3528.442,-2365.256,-5703.922,6.516,-1.514,-3.321,2.28,SENSING
29159.855,-3528.442,-2365.256,-5703.922,6.516,-1.514,-3.321,2.28,LISTENING
29160.0,-3527.498,-2365.475,-5704.403,6.516,-1.513,-3.32,2.28,SENSING
29160.0,-3527.498,-2365.475,-5704.403,6.516,-1.513,-3.32,2.28,LISTENING
29200.0,-3263.98,-2423.796,-5832.055,6.667,-1.407,-3.065,2.28,SENSING
29200.0,-3263.98,-2423.796,-5832.055,6.667,-1.407,-3.065,2.28,LISTENING
29300.0,-2580.913,-2550.63,-6105.473,6.992,-1.131,-2.401,2.28,SENSING
29300.0,-2580.913,-2550.63,-6105.473,6.992,-1.131,-2.401,2.28,LISTENING
29400.0,-1869.204,-2649.217,-6311.094,7.24,-0.842,-1.709,2.28,SENSING
29400.0,-1869.204,-2649.217,-6311.094,7.24,-0.842,-1.709,2.28,LISTENING
29500.0,-1136.689,-2718.376,-6446.423,7.408,-0.542,-0.996,2.28,SENSING
29500.0,-1136.689,-2718.376,-6446.423,7.408,-0.542,-0.996,2.28,LISTENING
29600.0,-391.485,-2757.246,-6509.731,7.493,-0.236,-0.269,2.28,SENSING
29600.0,-391.485,-2757.246,-6509.731,7.493,-0.236,-0.269,2.28,LISTENING
29700.0,358.1,-2765.295,-6500.08,7.495,0.075,0.463,2.28,SENSING
29700.0,358.1,-2765.295,-6500.08,7.495,0.075,0.463,2.28,LISTENING
29708.409,421.069,-2764.559,-6495.933,7.491,0.101,0.524,2.28,SENSING
29708.409,421.069,-2764.559,-6495.933,7.491,0.101,0.524,2.28,LISTENING
29708.455,421.412,-2764.554,-6495.909,7.491,0.101,0.524,2.28,SENSING
29708.455,421.412,-2764.554,-6495.909,7.491,0.101,0.524,2.28,LISTENING
29710.0,432.976,-2764.395,-6495.091,7.491,0.106,0.536,2.28,SENSING
29710.0,432.976,-2764.395,-6495.091,7.491,0.106,0.536,2.28,LISTENING
29736.696,632.603,-2760.471,-6478.19,7.475,0.189,0.731,2.28,SENSING
29736.696,632.603,-2760.471,-6478.19,7.475,0.189,0.731,2.28,LISTENING
29740.0,657.278,-2759.832,-6475.737,7.472,0.199,0.755,2.28,SENSING
29740.0,657.278,-2759.832,-6475.737,7.472,0.199,0.755,2.28,LISTENING
29777.989,940.326,-2750.048,-6441.808,7.438,0.317,1.032,2.28,SENSING
29777.989,940.326,-2750.048,-6441.808,7.438,0.317,1.032,2.28,LISTENING
29780.0,955.271,-2749.406,-6439.72,7.436,0.323,1.046,2.28,SENSING
29780.0,955.271,-2749.406,-6439.72,7.436,0.323,1.046,2.28,LISTENING
29800.0,1103.655,-2742.336,-6417.349,7.413,0.385,1.192,2.28,SENSING
29800.0,1103.655,-2742.336,-6417.349,7.413,0.385,1.192,2.28,LISTENING
29848.725,1462.936,-2719.948,-6350.737,7.342,0.535,1.543,2.28,SENSING
29848.725,1462.936,-2719.948,-6350.737,7.342,0.535,1.543,2.28,MANEUVERING
29848.725,1462.936,-2719.948,-6350.737,7.342,0.535,1.543,2.28,LISTENING
29850.0,1472.289,-2719.264,-6348.764,7.34,0.539,1.553,1.005,MANEUVERING
29850.0,1472.289,-2719.264,-6348.764,7.34,0.539,1.553,1.005,SENSING
29850.0,1472.289,-2719.264,-6348.764,7.34,0.539,1.553,1.005,MEASURING
29850.0,1472.289,-2719.264,-6348.764,7.34,0.539,1.553,1.005,SENSING
29850.0,1472.289,-2719.264,-6348.764,7.34,0.539,1.553,1.005,LISTENING
29867.515,1600.491,-2709.366,-6320.486,7.309,0.593,1.678,1.005,SENSING
29867.515,1600.491,-2709.366,-6320.486,7.309,0.593,1.678,1.005,MANEUVERING
29867.515,1600.491,-2709.366,-6320.486,7.309,0.593,1.678,1.005,LISTENING
29870.0,1618.636,-2707.885,-6316.296,7.305,0.601,1.696,3.49,MANEUVERING
29870.0,1618.636,-2707.885,-6316.296,7.305,0.601,1.696,3.49,SENSING
29870.0,1618.636,-2707.885,-6316.296,7.305,0.601,1.696,3.49,MEASURING
29870.0,1618.636,-2707.885,-6316.296,7.305,0.601,1.696,3.49,SENSING
29870.0,1618.636,-2707.885,-6316.296,7.305,0.601,1.696,3.49,LISTENING
29900.0,1836.763,-2688.527,-6262.238,7.246,0.692,1.91,3.49,SENSING
29900.0,1836.763,-2688.527,-6262.238,7.246,0.692,1.91,3.49,LISTENING
30000.0,2549.093,-2604.381,-6036.279,6.997,0.992,2.608,3.49,SENSING
30000.0,2549.093,-2604.381,-6036.279,6.997,0.992,2.608,3.49,LISTENING
30028.464,2746.909,-2574.994,-5959.318,6.911,1.076,2.802,3.49,SENSING
30028.464,2746.909,-2574.994,-5959.318,6.911,1.076,2.802,3.49,LISTENING
30030.0,2757.517,-2573.34,-5955.006,6.907,1.081,2.813,3.49,SENSING
30030.0,2757.517,-2573.34,-5955.006,6.907,1.081,2.813,3.49,LISTENING
30039.77,2824.795,-2562.663,-5927.219,6.876,1.109,2.879,3.49,SENSING
30039.77,2824.795,-2562.663,-5927.219,6.876,1.109,2.879,3.49,LISTENING
30040.0,2826.376,-2562.409,-5926.558,6.875,1.11,2.88,3.49,SENSING
30040.0,2826.376,-2562.409,-5926.558,6.875,1.11,2.88,3.49,LISTENING
30100.0,3232.504,-2490.757,-5741.823,6.668,1.282,3.279,3.49,SENSING
30100.0,3232.504,-2490.757,-5741.823,6.668,1.282,3.279,3.49,LISTENING
30200.0,3879.137,-2348.859,-5382.022,6.262,1.558,3.914,3.49,SENSING
30200.0,3879.137,-2348.859,-5382.022,6.262,1.558,3.914,3.49,LISTENING
30219.167,3998.245,-2318.556,-5305.912,6.175,1.609,4.031,3.49,SENSING
30219.167,3998.245,-2318.556,-5305.912,6.175,1.609,4.031,3.49,LISTENING
30220.0,4003.385,-2317.217,-5302.553,6.172,1.612,4.036,3.49,SENSING
30220.0,4003.385,-2317.217,-5302.553,6.172,1.612,4.036,3.49,LISTENING
30258.64,4238.2,-2253.103,-5142.185,5.989,1.713,4.267,3.49,SENSING
30258.64,4238.2,-2253.103,-5142.185,5.989,1.713,4.267,3.49,LISTENING
30260.0,4246.335,-2250.776,-5136.379,5.983,1.716,4.275,3.49,SENSING
30260.0,4246.335,-2250.776,-5136.379,5.983,1.716,4.275,3.49,LISTENING
30300.0,4481.516,-2180.226,-4960.804,5.783,1.817,4.507,3.49,SENSING
30300.0,4481.516,-2180.226,-4960.804,5.783,1.817,4.507,3.49,LISTENING
30308.023,4527.714,-2165.592,-4924.483,5.741,1.837,4.552,3.49,SENSING
30308.023,4527.714,-2165.592,-4924.483,5.741,1.837,4.552,3.49,MANEUVERING
30308.023,4527.714,-2165.592,-4924.483,5.741,1.837,4.552,3.49,LISTENING
30310.0,4539.046,-2161.961,-4915.478,5.731,1.842,4.563,1.513,MANEUVERING
30310.0,4539.046,-2161.961,-4915.478,5.731,1.842,4.563,1.513,SENSING
30310.0,4539.046,-2161.961,-4915.478,5.731,1.842,4.563,1.513,MEASURING
30310.0,4539.046,-2161.961,-4915.478,5.731,1.842,4.563,1.513,SENSING
30310.0,4539.046,-2161.961,-4915.478,5.731,1.842,4.563,1.513,LISTENING
30376.982,4910.67,-2033.352,-4597.611,5.368,2.003,4.929,1.513,SENSING
30376.982,4910.67,-2033.352,-4597.611,5.368,2.003,4.929,1.513,MANEUVERING
30376.982,4910.67,-2033.352,-4597.611,5.368,2.003,4.929,1.513,LISTENING
30380.0,4926.834,-2027.307,-4582.719,5.351,2.01,4.945,4.531,MANEUVERING
30380.0,4926.834,-2027.307,-4582.719,5.351,2.01,4.945,4.531,SENSING
30380.0,4926.834,-2027.307,-4582.719,5.351,2.01,4.945,4.531,MEASURING
30380.0,4926.834,-2027.307,-4582.719,5.351,2.01,4.945,4.531,SENSING
30380.0,4926.834,-2027.307,-4582.719,5.351,2.01,4.945,4.531,LISTENING
30398.107,5022.724,-1990.595,-4492.375,5.248,2.052,5.039,4.531,SENSING
30398.107,5022.724,-1990.595,-4492.375,5.248,2.052,5.039,4.531,MANEUVERING
30398.107,5022.724,-1990.595,-4492.375,5.248,2.052,5.039,4.531,LISTENING
30400.0,5032.64,-1986.713,-4482.832,5.237,2.056,5.049,2.638,MANEUVERING
30400.0,5032.64,-1986.713,-4482.832,5.237,2.056,5.049,2.638,SENSING
30400.0,5032.64,-1986.713,-4482.832,5.237,2.056,5.049,2.638,LISTENING
30429.116,5182.53,-1925.996,-4333.75,5.066,2.122,5.196,2.638,SENSING
30429.116,5182.53,-1925.996,-4333.75,5.066,2.122,5.196,2.638,LISTENING
30430.0,5187.004,-1924.122,-4329.156,5.061,2.124,5.201,2.638,SENSING
30430.0,5187.004,-1924.122,-4329.156,5.061,2.124,5.201,2.638,LISTENING
30489.279,5476.113,-1794.674,-4012.494,4.697,2.25,5.485,2.638,SENSING
30489.279,5476.113,-1794.674,-4012.494,4.697,2.25,5.485,2.638,LISTENING
30490.0,5479.495,-1793.054,-4008.54,4.693,2.252,5.488,2.638,SENSING
30490.0,5479.495,-1793.054,-4008.54,4.693,2.252,5.488,2.638,LISTENING
30500.0,5526.072,-1770.475,-3953.454,4.629,2.272,5.534,2.638,SENSING
30500.0,5526.072,-1770.475,-3953.454,4.629,2.272,5.534,2.638,LISTENING
30600.0,5956.025,-1533.943,-3378.649,3.967,2.463,5.957,2.638,SENSING
30600.0,5956.025,-1533.943,-3378.649,3.967,2.463,5.957,2.638,LISTENING
30700.0,6317.437,-1279.797,-2764.949,3.259,2.625,6.312,2.638,SENSING
30700.0,6317.437,-1279.797,-2764.949,3.259,2.625,6.312,2.638,LISTENING
30800.0,6606.04,-1010.931,-2119.373,2.512,2.757,6.594,2.638,SENSING
30800.0,6606.04,-1010.931,-2119.373,2.512,2.757,6.594,2.638,LISTENING
30900.0,6818.417,-730.423,-1449.333,1.735,2.858,6.801,2.638,SENSING
30900.0,6818.417,-730.423,-1449.333,1.735,2.858,6.801,2.638,LISTENING
30919.493,6850.708,-674.659,-1316.524,1.581,2.874,6.832,2.638,SENSING
30919.493,6850.708,-674.659,-1316.524,1.581,2.874,6.832,2.638,LISTENING
30920.0,6851.507,-673.206,-1313.065,1.577,2.874,6.833,2.638,SENSING
30920.0,6851.507,-673.206,-1313.065,1.577,2.874,6.833,2.638,LISTENING
30949.442,6894.449,-588.419,-1111.376,1.342,2.896,6.874,2.638,SENSING
30949.442,6894.449,-588.419,-1111.376,1.342,2.896,6.874,2.638,LISTENING
30950.0,6895.197,-586.806,-1107.542,1.338,2.896,6.875,2.638,SENSING
30950.0,6895.197,-586.806,-1107.542,1.338,2.896,6.875,2.638,LISTENING
31000.0,6952.048,-441.496,-762.549,0.937,2.926,6.929,2.638,SENSING
31000.0,6952.048,-441.496,-762.549,0.937,2.926,6.929,2.638,LISTENING
31100.0,7005.349,-147.475,-66.951,0.129,2.96,6.977,2.638,SENSING
31100.0,7005.349,-147.475,-66.951,0.129,2.96,6.977,2.638,LISTENING
31200.0,6977.688,148.249,629.421,-0.682,2.96,6.944,2.638,SENSING
31200.0,6977.688,148.249,629.421,-0.682,2.96,6.944,2.638,LISTENING
31209.742,6970.67,177.022,697.001,-0.76,2.958,6.937,2.638,SENSING
31209.742,6970.67,177.022,697.001,-0.76,2.958,6.937,2.638,LISTENING
31210.0,6970.473,177.784,698.79,-0.762,2.958,6.937,2.638,SENSING
31210.0,6970.473,177.784,698.79,-0.762,2.958,6.937,2.638,LISTENING
31277.611,6900.596,376.762,1165.279,-1.305,2.936,6.864,2.638,SENSING
31277.611,6900.596,376.762,1165.279,-1.305,2.936,6.864,2.638,LISTENING
31280.0,6897.457,383.763,1181.664,-1.324,2.935,6.86,2.638,SENSING
31280.0,6897.457,383.763,1181.664,-1.324,2.935,6.86,2.638,LISTENING
31300.0,6869.397,442.267,1318.517,-1.484,2.926,6.831,2.638,SENSING
31300.0,6869.397,442.267,1318.517,-1.484,2.926,6.831,2.638,LISTENING
31318.257,6841.008,495.495,1442.913,-1.628,2.916,6.802,2.638,SENSING
31318.257,6841.008,495.495,1442.913,-1.628,2.916,6.802,2.638,LISTENING
31320.0,6838.16,500.567,1454.76,-1.642,2.915,6.799,2.638,SENSING
31320.0,6838.16,500.567,1454.76,-1.642,2.915,6.799,2.638,LISTENING
31329.513,6822.192,528.218,1519.332,-1.717,2.909,6.783,2.638,SENSING
31329.513,6822.192,528.218,1519.332,-1.717,2.909,6.783,2.638,LISTENING
31330.0,6821.355,529.632,1522.633,-1.721,2.909,6.782,2.638,SENSING
31330.0,6821.355,529.632,1522.633,-1.721,2.909,6.782,2.638,LISTENING
31400.0,6681.768,731.191,1992.38,-2.268,2.858,6.64,2.638,SENSING
31400.0,6681.768,731.191,1992.38,-2.268,2.858,6.64,2.638,LISTENING
31409.944,6658.85,759.516,2058.257,-2.345,2.849,6.616,2.638,SENSING
31409.944,6658.85,759.516,2058.257,-2.345,2.849,6.616,2.638,LISTENING
31410.0,6658.719,759.675,2058.627,-2.345,2.849,6.616,2.638,SENSING
31410.0,6658.719,759.675,2058.627,-2.345,2.849,6.616,2.638,LISTENING
31489.614,6448.03,983.053,2576.937,-2.948,2.769,6.403,2.638,SENSING
31489.614,6448.03,983.053,2576.937,-2.948,2.769,6.403,2.638,LISTENING
31490.0,6446.893,984.12,2579.407,-2.951,2.769,6.402,2.638,SENSING
31490.0,6446.893,984.12,2579.407,-2.951,2.769,6.402,2.638,LISTENING
31500.0,6417.032,1011.7,2643.243,-3.025,2.757,6.372,2.638,SENSING
31500.0,6417.032,1011.7,2643.243,-3.025,2.757,6.372,2.638,LISTENING
31528.738,6327.109,1090.299,2824.971,-3.237,2.722,6.281,2.638,SENSING
31528.738,6327.109,1090.299,2824.971,-3.237,2.722,6.281,2.638,LISTENING
31530.0,6323.022,1093.727,2832.89,-3.246,2.721,6.277,2.638,SENSING
31530.0,6323.022,1093.727,2832.89,-3.246,2.721,6.277,2.638,LISTENING
31539.794,6290.904,1120.265,2894.176,-3.317,2.708,6.244,2.638,SENSING
31539.794,6290.904,1120.265,2894.176,-3.317,2.708,6.244,2.638,LISTENING
31540.0,6290.221,1120.821,2895.461,-3.319,2.708,6.244,2.638,SENSING
31540.0,6290.221,1120.821,2895.461,-3.319,2.708,6.244,2.638,LISTENING
31557.759,6230.186,1168.619,3005.754,-3.447,2.684,6.183,2.638,SENSING
31557.759,6230.186,1168.619,3005.754,-3.447,2.684,6.183,2.638,LISTENING
31560.0,6222.449,1174.621,3019.595,-3.463,2.681,6.175,2.638,SENSING
31560.0,6222.449,1174.621,3019.595,-3.463,2.681,6.175,2.638,LISTENING
31600.0,6078.33,1280.576,3263.628,-3.747,2.625,6.031,2.638,SENSING
31600.0,6078.33,1280.576,3263.628,-3.747,2.625,6.031,2.638,LISTENING
31700.0,5669.67,1534.749,3846.438,-4.424,2.463,5.621,2.638,SENSING
31700.0,5669.67,1534.749,3846.438,-4.424,2.463,5.621,2.638,LISTENING
31719.788,5580.92,1583.047,3956.725,-4.552,2.427,5.532,2.638,SENSING
31719.788,5580.92,1583.047,3956.725,-4.552,2.427,5.532,2.638,LISTENING
31720.0,5579.954,1583.561,3957.898,-4.554,2.427,5.531,2.638,SENSING
31720.0,5579.954,1583.561,3957.898,-4.554,2.427,5.531,2.638,LISTENING
31799.147,5200.173,1769.396,4380.651,-5.044,2.275,5.151,2.638,SENSING
31799.147,5200.173,1769.396,4380.651,-5.044,2.275,5.151,2.638,LISTENING
31800.0,5195.871,1771.332,4385.041,-5.049,2.273,5.147,2.638,SENSING
31800.0,5195.871,1771.332,4385.041,-5.049,2.273,5.147,2.638,LISTENING
31900.0,4662.499,1987.653,4873.349,-5.615,2.057,4.615,2.638,SENSING
31900.0,4662.499,1987.653,4873.349,-5.615,2.057,4.615,2.638,LISTENING
32000.0,4075.79,2181.291,5305.891,-6.116,1.819,4.032,2.638,SENSING
32000.0,4075.79,2181.291,5305.891,-6.116,1.819,4.032,2.638,LISTENING
32100.0,3442.574,2350.097,5677.869,-6.545,1.56,3.405,2.638,SENSING
32100.0,3442.574,2350.097,5677.869,-6.545,1.56,3.405,2.638,LISTENING
32200.0,2770.183,2492.222,5985.213,-6.899,1.285,2.74,2.638,SENSING
32200.0,2770.183,2492.222,5985.213,-6.899,1.285,2.74,2.638,LISTENING
32300.0,2066.356,2606.134,6224.619,-7.174,0.995,2.046,2.638,SENSING
32300.0,2066.356,2606.134,6224.619,-7.174,0.995,2.046,2.638,LISTENING
32308.748,2003.554,2614.715,6242.242,-7.194,0.97,1.985,2.638,SENSING
32308.748,2003.554,2614.715,6242.242,-7.194,0.97,1.985,2.638,MANEUVERING
32308.748,2003.554,2614.715,6242.242,-7.194,0.97,1.985,2.638,LISTENING
32310.0,1994.553,2615.924,6244.72,-7.197,0.966,1.976,1.386,MANEUVERING
32310.0,1994.553,2615.924,6244.72,-7.197,0.966,1.976,1.386,SENSING
32310.0,1994.553,2615.924,6244.72,-7.197,0.966,1.976,1.386,MEASURING
32310.0,1994.553,2615.924,6244.72,-7.197,0.966,1.976,1.386,SENSING
32310.0,1994.553,2615.924,6244.72,-7.197,0.966,1.976,1.386,LISTENING
32348.113,1718.889,2650.52,6314.829,-7.277,0.852,1.705,1.386,SENSING
32348.113,1718.889,2650.52,6314.829,-7.277,0.852,1.705,1.386,MANEUVERING
32348.113,1718.889,2650.52,6314.829,-7.277,0.852,1.705,1.386,LISTENING
32350.0,1705.164,2652.121,6318.031,-7.281,0.847,1.691,3.273,MANEUVERING
32350.0,1705.164,2652.121,6318.031,-7.281,0.847,1.691,3.273,SENSING
32350.0,1705.164,2652.121,6318.031,-7.281,0.847,1.691,3.273,MEASURING
32350.0,1705.164,2652.121,6318.031,-7.281,0.847,1.691,3.273,SENSING
32350.0,1705.164,2652.121,6318.031,-7.281,0.847,1.691,3.273,LISTENING
32400.0,1339.152,2690.63,6393.582,-7.367,0.696,1.332,3.273,SENSING
32400.0,1339.152,2690.63,6393.582,-7.367,0.696,1.332,3.273,LISTENING
32500.0,596.843,2744.852,6490.413,-7.476,0.389,0.604,3.273,SENSING
32500.0,596.843,2744.852,6490.413,-7.476,0.389,0.604,3.273,LISTENING
32600.0,-152.179,2768.284,6514.249,-7.501,0.079,-0.127,3.273,SENSING
32600.0,-152.179,2768.284,6514.249,-7.501,0.079,-0.127,3.273,LISTENING
32700.0,-899.498,2760.763,6465.053,-7.442,-0.23,-0.856,3.273,SENSING
32700.0,-899.498,2760.763,6465.053,-7.442,-0.23,-0.856,3.273,LISTENING
32719.748,-1046.15,2755.628,6446.757,-7.421,-0.291,-0.998,3.273,SENSING
32719.748,-1046.15,2755.628,6446.757,-7.421,-0.291,-0.998,3.273,MANEUVERING
32719.748,-1046.15,2755.628,6446.757,-7.421,-0.291,-0.998,3.273,LISTENING
32720.0,-1048.021,2755.555,6446.505,-7.42,-0.292,-1.0,3.021,MANEUVERING
32720.0,-1048.021,2755.555,6446.505,-7.42,-0.292,-1.0,3.021,SENSING
32720.0,-1048.021,2755.555,6446.505,-7.42,-0.292,-1.0,3.021,MEASURING
32720.0,-1048.021,2755.555,6446.505,-7.42,-0.292,-1.0,3.021,SENSING
32720.0,-1048.021,2755.555,6446.505,-7.42,-0.292,-1.0,3.021,LISTENING
32778.584,-1480.137,2733.239,6375.627,-7.338,-0.471,-1.42,3.021,SENSING
32778.584,-1480.137,2733.239,6375.627,-7.338,-0.471,-1.42,3.021,LISTENING
32780.0,-1490.516,2732.57,6373.611,-7.335,-0.476,-1.43,3.021,SENSING
32780.0,-1490.516,2732.57,6373.611,-7.335,-0.476,-1.43,3.021,LISTENING
32788.214,-1550.667,2728.569,6361.631,-7.321,-0.501,-1.488,3.021,SENSING
32788.214,-1550.667,2728.569,6361.631,-7.321,-0.501,-1.488,3.021,MANEUVERING
32788.214,-1550.667,2728.569,6361.631,-7.321,-0.501,-1.488,3.021,LISTENING
32790.0,-1563.731,2727.672,6358.963,-7.318,-0.506,-1.501,1.235,MANEUVERING
32790.0,-1563.731,2727.672,6358.963,-7.318,-0.506,-1.501,1.235,SENSING
32790.0,-1563.731,2727.672,6358.963,-7.318,-0.506,-1.501,1.235,MEASURING
32790.0,-1563.731,2727.672,6358.963,-7.318,-0.506,-1.501,1.235,SENSING
32790.0,-1563.731,2727.672,6358.963,-7.318,-0.506,-1.501,1.235,LISTENING
32796.922,-1614.308,2724.104,6348.408,-7.306,-0.527,-1.55,1.235,SENSING
32796.922,-1614.308,2724.104,6348.408,-7.306,-0.527,-1.55,1.235,LISTENING
32800.0,-1636.771,2722.47,6343.606,-7.3,-0.537,-1.572,1.235,SENSING
32800.0,-1636.771,2722.47,6343.606,-7.3,-0.537,-1.572,1.235,LISTENING
32828.535,-1844.163,2705.964,6295.901,-7.245,-0.623,-1.773,1.235,SENSING
32828.535,-1844.163,2705.964,6295.901,-7.245,-0.623,-1.773,1.235,LISTENING
32830.0,-1854.765,2705.051,6293.298,-7.242,-0.627,-1.783,1.235,SENSING
32830.0,-1854.765,2705.051,6293.298,-7.242,-0.627,-1.783,1.235,LISTENING
32869.098,-2136.047,2678.292,6218.273,-7.155,-0.744,-2.056,1.235,SENSING
32869.098,-2136.047,2678.292,6218.273,-7.155,-0.744,-2.056,1.235,LISTENING
32870.0,-2142.495,2677.621,6216.416,-7.153,-0.747,-2.062,1.235,SENSING
32870.0,-2142.495,2677.621,6216.416,-7.153,-0.747,-2.062,1.235,LISTENING
32879.187,-2208.06,2670.648,6197.19,-7.131,-0.774,-2.126,1.235,SENSING
32879.187,-2208.06,2670.648,6197.19,-7.131,-0.774,-2.126,1.235,LISTENING
32880.0,-2213.852,2670.018,6195.461,-7.129,-0.777,-2.131,1.235,SENSING
32880.0,-2213.852,2670.018,6195.461,-7.129,-0.777,-2.131,1.235,LISTENING
32900.0,-2355.819,2653.926,6151.484,-7.078,-0.836,-2.269,1.235,SENSING
32900.0,-2355.819,2653.926,6151.484,-7.078,-0.836,-2.269,1.235,LISTENING
33000.0,-3048.713,2555.98,5891.035,-6.777,-1.125,-2.938,1.235,SENSING
33000.0,-3048.713,2555.98,5891.035,-6.777,-1.125,-2.938,1.235,LISTENING
33058.128,-3436.435,2485.983,5709.43,-6.569,-1.287,-3.312,1.235,SENSING
33058.128,-3436.435,2485.983,5709.43,-6.569,-1.287,-3.312,1.235,MANEUVERING
33058.128,-3436.435,2485.983,5709.43,-6.569,-1.287,-3.312,1.235,LISTENING
33060.0,-3448.719,2483.572,5703.221,-6.561,-1.292,-3.324,-0.638,MANEUVERING
33060.0,-3448.719,2483.572,5703.221,-6.561,-1.292,-3.324,-0.638,SENSING
33060.0,-3448.719,2483.572,5703.221,-6.561,-1.292,-3.324,-0.638,MEASURING
33060.0,-3448.719,2483.572,5703.221,-6.561,-1.292,-3.324,-0.638,SENSING
33060.0,-3448.719,2483.572,5703.221,-6.561,-1.292,-3.324,-0.638,LISTENING
33067.233,-3496.043,2474.171,5679.029,-6.534,-1.312,-3.369,-0.638,SENSING
33067.233,-3496.043,2474.171,5679.029,-6.534,-1.312,-3.369,-0.638,MANEUVERING
33067.233,-3496.043,2474.171,5679.029,-6.534,-1.312,-3.369,-0.638,LISTENING
33068.682,-3505.498,2472.27,5674.144,-6.528,-1.316,-3.378,0.811,MANEUVERING
33068.682,-3505.498,2472.27,5674.144,-6.528,-1.316,-3.378,0.811,SENSING
33068.682,-3505.498,2472.27,5674.144,-6.528,-1.316,-3.378,0.811,MANEUVERING
33068.682,-3505.498,2472.27,5674.144,-6.528,-1.316,-3.378,0.811,LISTENING
33070.0,-3514.093,2470.536,5669.688,-6.523,-1.32,-3.386,2.129,MANEUVERING
33070.0,-3514.093,2470.536,5669.688,-6.523,-1.32,-3.386,2.129,SENSING
33070.0,-3514.093,2470.536,5669.688,-6.523,-1.32,-3.386,2.129,MEASURING
33070.0,-3514.093,2470.536,5669.688,-6.523,-1.32,-3.386,2.129,SENSING
33070.0,-3514.093,2470.536,5669.688,-6.523,-1.32,-3.386,2.129,LISTENING
33078.627,-3570.18,2459.071,5640.254,-6.489,-1.343,-3.44,2.129,SENSING
33078.627,-3570.18,2459.071,5640.254,-6.489,-1.343,-3.44,2.129,MANEUVERING
33078.627,-3570.18,2459.071,5640.254,-6.489,-1.343,-3.44,2.129,LISTENING
33079.716,-3577.239,2457.61,5636.506,-6.485,-1.346,-3.447,1.04,MANEUVERING
33079.716,-3577.239,2457.61,5636.506,-6.485,-1.346,-3.447,1.04,SENSING
33079.716,-3577.239,2457.61,5636.506,-6.485,-1.346,-3.447,1.04,MANEUVERING
33079.716,-3577.239,2457.61,5636.506,-6.485,-1.346,-3.447,1.04,LISTENING
33080.0,-3579.08,2457.228,5635.527,-6.484,-1.347,-3.449,0.756,MANEUVERING
33080.0,-3579.08,2457.228,5635.527,-6.484,-1.347,-3.449,0.756,SENSING
33080.0,-3579.08,2457.228,5635.527,-6.484,-1.347,-3.449,0.756,MEASURING
33080.0,-3579.08,2457.228,5635.527,-6.484,-1.347,-3.449,0.756,SENSING
33080.0,-3579.08,2457.228,5635.527,-6.484,-1.347,-3.449,0.756,LISTENING
33100.0,-3707.857,2429.799,5565.34,-6.403,-1.401,-3.573,0.756,SENSING
33100.0,-3707.857,2429.799,5565.34,-6.403,-1.401,-3.573,0.756,LISTENING
33118.576,-3825.999,2403.363,5497.946,-6.326,-1.451,-3.687,0.756,SENSING
33118.576,-3825.999,2403.363,5497.946,-6.326,-1.451,-3.687,0.756,LISTENING
33120.0,-3834.996,2401.299,5492.693,-6.32,-1.454,-3.695,0.756,SENSING
33120.0,-3834.996,2401.299,5492.693,-6.32,-1.454,-3.695,0.756,LISTENING
33198.961,-4319.879,2278.573,5182.502,-5.964,-1.658,-4.161,0.756,SENSING
33198.961,-4319.879,2278.573,5182.502,-5.964,-1.658,-4.161,0.756,LISTENING
33200.0,-4326.068,2276.852,5178.178,-5.959,-1.661,-4.167,0.756,SENSING
33200.0,-4326.068,2276.852,5178.178,-5.959,-1.661,-4.167,0.756,LISTENING
33300.0,-4896.644,2098.887,4733.97,-5.451,-1.902,-4.713,0.756,SENSING
33300.0,-4896.644,2098.887,4733.97,-5.451,-1.902,-4.713,0.756,LISTENING
33309.245,-4946.767,2081.24,4690.194,-5.4,-1.923,-4.761,0.756,SENSING
33309.245,-4946.767,2081.24,4690.194,-5.4,-1.923,-4.761,0.756,LISTENING
33310.0,-4950.839,2079.79,4686.6,-5.396,-1.925,-4.765,0.756,SENSING
33310.0,-4950.839,2079.79,4686.6,-5.396,-1.925,-4.765,0.756,LISTENING
33328.437,-5049.329,2043.984,4597.917,-5.295,-1.967,-4.859,0.756,SENSING
33328.437,-5049.329,2043.984,4597.917,-5.295,-1.967,-4.859,0.756,LISTENING
33330.0,-5057.592,2040.913,4590.319,-5.286,-1.97,-4.867,0.756,SENSING
33330.0,-5057.592,2040.913,4590.319,-5.286,-1.97,-4.867,0.756,LISTENING
33400.0,-5413.428,1897.914,4237.734,-4.883,-2.122,-5.207,0.756,SENSING
33400.0,-5413.428,1897.914,4237.734,-4.883,-2.122,-5.207,0.756,LISTENING
33500.0,-5870.871,1676.18,3695.023,-4.264,-2.318,-5.643,0.756,SENSING
33500.0,-5870.871,1676.18,3695.023,-4.264,-2.318,-5.643,0.756,LISTENING
33600.0,-6264.08,1436.145,3111.866,-3.599,-2.488,-6.016,0.756,SENSING
33600.0,-6264.08,1436.145,3111.866,-3.599,-2.488,-6.016,0.756,LISTENING
33629.872,-6368.437,1361.282,2930.769,-3.393,-2.534,-6.115,0.756,SENSING
33629.872,-6368.437,1361.282,2930.769,-3.393,-2.534,-6.115,0.756,LISTENING
33630.0,-6368.872,1360.957,2929.985,-3.392,-2.534,-6.115,0.756,SENSING
33630.0,-6368.872,1360.957,2929.985,-3.392,-2.534,-6.115,0.756,LISTENING
33658.998,-6464.21,1287.01,2751.437,-3.188,-2.576,-6.205,0.756,SENSING
33658.998,-6464.21,1287.01,2751.437,-3.188,-2.576,-6.205,0.756,LISTENING
33660.0,-6467.399,1284.433,2745.221,-3.181,-2.577,-6.208,0.756,SENSING
33660.0,-6467.399,1284.433,2745.221,-3.181,-2.577,-6.208,0.756,LISTENING
33700.0,-6588.863,1180.455,2494.701,-2.896,-2.631,-6.323,0.756,SENSING
33700.0,-6588.863,1180.455,2494.701,-2.896,-2.631,-6.323,0.756,LISTENING
33800.0,-6841.767,911.912,1850.309,-2.162,-2.745,-6.56,0.756,SENSING
33800.0,-6841.767,911.912,1850.309,-2.162,-2.745,-6.56,0.756,LISTENING
33900.0,-7020.109,633.451,1185.743,-1.405,-2.829,-6.726,0.756,SENSING
33900.0,-7020.109,633.451,1185.743,-1.405,-2.829,-6.726,0.756,LISTENING
33929.361,-7058.017,550.247,987.84,-1.179,-2.848,-6.761,0.756,SENSING
33929.361,-7058.017,550.247,987.84,-1.179,-2.848,-6.761,0.756,MANEUVERING
33929.361,-7058.017,550.247,987.84,-1.179,-2.848,-6.761,0.756,LISTENING
33930.0,-7058.769,548.429,983.52,-1.174,-2.849,-6.761,1.396,MANEUVERING
33930.0,-7058.769,548.429,983.52,-1.174,-2.849,-6.761,1.396,SENSING
33930.0,-7058.769,548.429,983.52,-1.174,-2.849,-6.761,1.396,MEASURING
33930.0,-7058.769,548.429,983.52,-1.174,-2.849,-6.761,1.396,SENSING
33930.0,-7058.769,548.429,983.52,-1.174,-2.849,-6.761,1.396,LISTENING
33989.467,-7114.91,378.391,580.007,-0.715,-2.879,-6.812,1.396,SENSING
33989.467,-7114.91,378.391,580.007,-0.715,-2.879,-6.812,1.396,MANEUVERING
33989.467,-7114.91,378.391,580.007,-0.715,-2.879,-6.812,1.396,LISTENING
33990.0,-7115.29,376.86,576.378,-0.711,-2.879,-6.813,1.929,MANEUVERING
33990.0,-7115.29,376.86,576.378,-0.711,-2.879,-6.813,1.929,SENSING
33990.0,-7115.29,376.86,576.378,-0.711,-2.879,-6.813,1.929,MEASURING
33990.0,-7115.29,376.86,576.378,-0.711,-2.879,-6.813,1.929,SENSING
33990.0,-7115.29,376.86,576.378,-0.711,-2.879,-6.813,1.929,LISTENING
34000.0,-7122.001,348.103,508.258,-0.633,-2.883,-6.818,1.929,SENSING
34000.0,-7122.001,348.103,508.258,-0.633,-2.883,-6.818,1.929,LISTENING
34100.0,-7146.363,58.971,-174.763,0.146,-2.905,-6.837,1.929,SENSING
34100.0,-7146.363,58.971,-174.763,0.146,-2.905,-6.837,1.929,LISTENING
34200.0,-7092.934,-230.805,-855.88,0.923,-2.896,-6.78,1.929,SENSING
34200.0,-7092.934,-230.805,-855.88,0.923,-2.896,-6.78,1.929,LISTENING
34300.0,-6962.275,-518.076,-1527.674,1.69,-2.855,-6.65,1.929,SENSING
34300.0,-6962.275,-518.076,-1527.674,1.69,-2.855,-6.65,1.929,LISTENING
34329.546,-6909.071,-602.016,-1723.304,1.914,-2.837,-6.598,1.929,SENSING
34329.546,-6909.071,-602.016,-1723.304,1.914,-2.837,-6.598,1.929,LISTENING
34330.0,-6908.203,-603.301,-1726.295,1.917,-2.837,-6.597,1.929,SENSING
34330.0,-6908.203,-603.301,-1726.295,1.917,-2.837,-6.597,1.929,LISTENING
34339.34,-6889.981,-629.718,-1787.797,1.987,-2.83,-6.579,1.929,SENSING
34339.34,-6889.981,-629.718,-1787.797,1.987,-2.83,-6.579,1.929,LISTENING
34340.0,-6888.669,-631.582,-1792.135,1.992,-2.83,-6.578,1.929,SENSING
34340.0,-6888.669,-631.582,-1792.135,1.992,-2.83,-6.578,1.929,LISTENING
34349.38,-6869.664,-658.047,-1853.715,2.063,-2.823,-6.559,1.929,SENSING
34349.38,-6869.664,-658.047,-1853.715,2.063,-2.823,-6.559,1.929,LISTENING
34350.0,-6868.384,-659.795,-1857.779,2.067,-2.823,-6.558,1.929,SENSING
34350.0,-6868.384,-659.795,-1857.779,2.067,-2.823,-6.558,1.929,LISTENING
34368.834,-6828.147,-712.732,-1980.857,2.208,-2.809,-6.518,1.929,SENSING
34368.834,-6828.147,-712.732,-1980.857,2.208,-2.809,-6.518,1.929,LISTENING
34370.0,-6825.569,-716.001,-1988.453,2.217,-2.808,-6.516,1.929,SENSING
34370.0,-6825.569,-716.001,-1988.453,2.217,-2.808,-6.516,1.929,LISTENING
34379.401,-6804.413,-742.315,-2049.579,2.287,-2.8,-6.495,1.929,SENSING
34379.401,-6804.413,-742.315,-2049.579,2.287,-2.8,-6.495,1.929,LISTENING
34380.0,-6803.043,-743.989,-2053.467,2.291,-2.8,-6.494,1.929,SENSING
34380.0,-6803.043,-743.989,-2053.467,2.291,-2.8,-6.494,1.929,LISTENING
34400.0,-6755.766,-799.719,-2182.817,2.439,-2.783,-6.447,1.929,SENSING
34400.0,-6755.766,-799.719,-2182.817,2.439,-2.783,-6.447,1.929,LISTENING
34500.0,-6475.59,-1072.664,-2814.146,3.163,-2.681,-6.174,1.929,SENSING
34500.0,-6475.59,-1072.664,-2814.146,3.163,-2.681,-6.174,1.929,LISTENING
34559.665,-6274.525,-1230.139,-3176.621,3.579,-2.606,-5.978,1.929,SENSING
34559.665,-6274.525,-1230.139,-3176.621,3.579,-2.606,-5.978,1.929,LISTENING
34560.0,-6273.327,-1231.01,-3178.621,3.582,-2.605,-5.977,1.929,SENSING
34560.0,-6273.327,-1231.01,-3178.621,3.582,-2.605,-5.977,1.929,LISTENING
34599.387,-6127.075,-1332.367,-3411.164,3.849,-2.55,-5.835,1.929,SENSING
34599.387,-6127.075,-1332.367,-3411.164,3.849,-2.55,-5.835,1.929,LISTENING
34600.0,-6124.716,-1333.927,-3414.738,3.853,-2.549,-5.833,1.929,SENSING
34600.0,-6124.716,-1333.927,-3414.738,3.853,-2.549,-5.833,1.929,LISTENING
34700.0,-5706.875,-1580.64,-3977.975,4.502,-2.39,-5.427,1.929,SENSING
34700.0,-5706.875,-1580.64,-3977.975,4.502,-2.39,-5.427,1.929,LISTENING
34709.235,-5665.059,-1602.593,-4027.885,4.56,-2.373,-5.387,1.929,SENSING
34709.235,-5665.059,-1602.593,-4027.885,4.56,-2.373,-5.387,1.929,LISTENING
34710.0,-5661.573,-1604.404,-4032.001,4.565,-2.372,-5.383,1.929,SENSING
34710.0,-5661.573,-1604.404,-4032.001,4.565,-2.372,-5.383,1.929,LISTENING
34747.464,-5486.375,-1691.855,-4230.421,4.794,-2.304,-5.213,1.929,SENSING
34747.464,-5486.375,-1691.855,-4230.421,4.794,-2.304,-5.213,1.929,LISTENING
34750.0,-5474.207,-1697.683,-4243.62,4.809,-2.3,-5.202,1.929,SENSING
34750.0,-5474.207,-1697.683,-4243.62,4.809,-2.3,-5.202,1.929,LISTENING
34800.0,-5226.524,-1810.08,-4497.62,5.103,-2.203,-4.961,1.929,SENSING
34800.0,-5226.524,-1810.08,-4497.62,5.103,-2.203,-4.961,1.929,LISTENING
34900.0,-4688.808,-2019.699,-4967.875,5.649,-1.993,-4.44,1.929,SENSING
34900.0,-4688.808,-2019.699,-4967.875,5.649,-1.993,-4.44,1.929,LISTENING
35000.0,-4099.512,-2207.15,-5383.452,6.134,-1.76,-3.868,1.929,SENSING
35000.0,-4099.512,-2207.15,-5383.452,6.134,-1.76,-3.868,1.929,LISTENING
35029.055,-3919.519,-2257.149,-5493.256,6.263,-1.688,-3.693,1.929,SENSING
35029.055,-3919.519,-2257.149,-5493.256,6.263,-1.688,-3.693,1.929,MANEUVERING
35029.055,-3919.519,-2257.149,-5493.256,6.263,-1.688,-3.693,1.929,LISTENING
35030.0,-3913.603,-2258.74,-5496.741,6.267,-1.686,-3.688,0.984,MANEUVERING
35030.0,-3913.603,-2258.74,-5496.741,6.267,-1.686,-3.688,0.984,SENSING
35030.0,-3913.603,-2258.74,-5496.741,6.267,-1.686,-3.688,0.984,MEASURING
35030.0,-3913.603,-2258.74,-5496.741,6.267,-1.686,-3.688,0.984,SENSING
35030.0,-3913.603,-2258.74,-5496.741,6.267,-1.686,-3.688,0.984,LISTENING
35079.502,-3598.422,-2338.943,-5671.67,6.473,-1.56,-3.382,0.984,SENSING
35079.502,-3598.422,-2338.943,-5671.67,6.473,-1.56,-3.382,0.984,MANEUVERING
35079.502,-3598.422,-2338.943,-5671.67,6.473,-1.56,-3.382,0.984,LISTENING
35080.0,-3595.2,-2339.718,-5673.352,6.475,-1.559,-3.379,0.486,MANEUVERING
35080.0,-3595.2,-2339.718,-5673.352,6.475,-1.559,-3.379,0.486,SENSING
35080.0,-3595.2,-2339.718,-5673.352,6.475,-1.559,-3.379,0.486,MEASURING
35080.0,-3595.2,-2339.718,-5673.352,6.475,-1.559,-3.379,0.486,SENSING
35080.0,-3595.2,-2339.718,-5673.352,6.475,-1.559,-3.379,0.486,LISTENING
35100.0,-3465.006,-2370.315,-5739.63,6.553,-1.506,-3.252,0.486,SENSING
35100.0,-3465.006,-2370.315,-5739.63,6.553,-1.506,-3.252,0.486,LISTENING
35109.721,-3401.165,-2384.81,-5770.929,6.59,-1.481,-3.19,0.486,SENSING
35109.721,-3401.165,-2384.81,-5770.929,6.59,-1.481,-3.19,0.486,MANEUVERING
35109.721,-3401.165,-2384.81,-5770.929,6.59,-1.481,-3.19,0.486,LISTENING
35110.0,-3399.33,-2385.222,-5771.817,6.591,-1.48,-3.188,0.207,MANEUVERING
35110.0,-3399.33,-2385.222,-5771.817,6.591,-1.48,-3.188,0.207,SENSING
35110.0,-3399.33,-2385.222,-5771.817,6.591,-1.48,-3.188,0.207,MEASURING
35110.0,-3399.33,-2385.222,-5771.817,6.591,-1.48,-3.188,0.207,SENSING
35110.0,-3399.33,-2385.222,-5771.817,6.591,-1.48,-3.188,0.207,LISTENING
35168.89,-3005.17,-2467.607,-5948.28,6.8,-1.322,-2.806,0.207,SENSING
35168.89,-3005.17,-2467.607,-5948.28,6.8,-1.322,-2.806,0.207,MANEUVERING
35168.89,-3005.17,-2467.607,-5948.28,6.8,-1.322,-2.806,0.207,LISTENING
35170.0,-2997.625,-2469.07,-5951.388,6.804,-1.319,-2.798,1.317,MANEUVERING
35170.0,-2997.625,-2469.07,-5951.388,6.804,-1.319,-2.798,1.317,SENSING
35170.0,-2997.625,-2469.07,-5951.388,6.804,-1.319,-2.798,1.317,MEASURING
35170.0,-2997.625,-2469.07,-5951.388,6.804,-1.319,-2.798,1.317,SENSING
35170.0,-2997.625,-2469.07,-5951.388,6.804,-1.319,-2.798,1.317,LISTENING
35200.0,-2792.186,-2507.327,-6032.307,6.901,-1.236,-2.599,1.317,SENSING
35200.0,-2792.186,-2507.327,-6032.307,6.901,-1.236,-2.599,1.317,LISTENING
35300.0,-2088.403,-2616.595,-6258.055,7.172,-0.951,-1.914,1.317,SENSING
35300.0,-2088.403,-2616.595,-6258.055,7.172,-0.951,-1.914,1.317,LISTENING
35400.0,-1361.395,-2696.824,-6414.162,7.365,-0.655,-1.206,1.317,SENSING
35400.0,-1361.395,-2696.824,-6414.162,7.365,-0.655,-1.206,1.317,LISTENING
35500.0,-619.201,-2747.029,-6498.671,7.476,-0.35,-0.483,1.317,SENSING
35500.0,-619.201,-2747.029,-6498.671,7.476,-0.35,-0.483,1.317,LISTENING
35600.0,129.918,-2766.556,-6510.412,7.503,-0.04,0.248,1.317,SENSING
35600.0,129.918,-2766.556,-6510.412,7.503,-0.04,0.248,1.317,LISTENING
35700.0,877.573,-2755.088,-6449.02,7.446,0.27,0.979,1.317,SENSING
35700.0,877.573,-2755.088,-6449.02,7.446,0.27,0.979,1.317,LISTENING
35800.0,1615.338,-2712.655,-6314.957,7.305,0.579,1.701,1.317,SENSING
35800.0,1615.338,-2712.655,-6314.957,7.305,0.579,1.701,1.317,LISTENING
35838.794,1897.088,-2687.927,-6243.633,7.228,0.698,1.977,1.317,SENSING
35838.794,1897.088,-2687.927,-6243.633,7.228,0.698,1.977,1.317,MANEUVERING
35838.794,1897.088,-2687.927,-6243.633,7.228,0.698,1.977,1.317,LISTENING
35840.0,1905.796,-2687.085,-6241.245,7.226,0.702,1.986,0.111,MANEUVERING
35840.0,1905.796,-2687.085,-6241.245,7.226,0.702,1.986,0.111,SENSING
35840.0,1905.796,-2687.085,-6241.245,7.226,0.702,1.986,0.111,MEASURING
35840.0,1905.796,-2687.085,-6241.245,7.226,0.702,1.986,0.111,SENSING
35840.0,1905.796,-2687.085,-6241.245,7.226,0.702,1.986,0.111,LISTENING
35849.327,1973.046,-2680.423,-6222.426,7.205,0.73,2.052,0.111,SENSING
35849.327,1973.046,-2680.423,-6222.426,7.205,0.73,2.052,0.111,MANEUVERING
35849.327,1973.046,-2680.423,-6222.426,7.205,0.73,2.052,0.111,LISTENING
35850.0,1977.891,-2679.932,-6221.045,7.204,0.732,2.056,-0.562,MANEUVERING
35850.0,1977.891,-2679.932,-6221.045,7.204,0.732,2.056,-0.562,SENSING
35850.0,1977.891,-2679.932,-6221.045,7.204,0.732,2.056,-0.562,MEASURING
35850.0,1977.891,-2679.932,-6221.045,7.204,0.732,2.056,-0.562,SENSING
35850.0,1977.891,-2679.932,-6221.045,7.204,0.732,2.056,-0.562,LISTENING
35879.048,2186.011,-2657.438,-6158.377,7.135,0.82,2.26,-0.562,SENSING
35879.048,2186.011,-2657.438,-6158.377,7.135,0.82,2.26,-0.562,LISTENING
35880.0,2192.801,-2656.658,-6156.222,7.133,0.823,2.267,-0.562,SENSING
35880.0,2192.801,-2656.658,-6156.222,7.133,0.823,2.267,-0.562,LISTENING
35889.418,2259.818,-2648.793,-6134.573,7.109,0.851,2.333,-0.562,SENSING
35889.418,2259.818,-2648.793,-6134.573,7.109,0.851,2.333,-0.562,LISTENING
35890.0,2263.952,-2648.298,-6133.215,7.107,0.853,2.337,-0.562,SENSING
35890.0,2263.952,-2648.298,-6133.215,7.107,0.853,2.337,-0.562,LISTENING
35897.972,2320.489,-2641.418,-6114.375,7.087,0.877,2.392,-0.562,SENSING
35897.972,2320.489,-2641.418,-6114.375,7.087,0.877,2.392,-0.562,LISTENING
35900.0,2334.845,-2639.638,-6109.512,7.081,0.883,2.406,-0.562,SENSING
35900.0,2334.845,-2639.638,-6109.512,7.081,0.883,2.406,-0.562,LISTENING
36000.0,3027.885,-2536.77,-5834.796,6.776,1.177,3.086,-0.562,SENSING
36000.0,3027.885,-2536.77,-5834.796,6.776,1.177,3.086,-0.562,LISTENING
36100.0,3686.502,-2405.129,-5493.731,6.393,1.459,3.733,-0.562,SENSING
36100.0,3686.502,-2405.129,-5493.731,6.393,1.459,3.733,-0.562,LISTENING
36149.82,3999.4,-2329.235,-5300.172,6.174,1.593,4.04,-0.562,SENSING
36149.82,3999.4,-2329.235,-5300.172,6.174,1.593,4.04,-0.562,LISTENING
36150.0,4000.511,-2328.949,-5299.446,6.173,1.594,4.041,-0.562,SENSING
36150.0,4000.511,-2328.949,-5299.446,6.173,1.594,4.041,-0.562,LISTENING
36150.0,4000.511,-2328.949,-5299.446,6.173,1.594,4.041,-0.562,SENSING
36150.0,4000.511,-2328.949,-5299.446,6.173,1.594,4.041,-0.562,LISTENING
36169.134,4117.701,-2298.028,-5221.061,6.085,1.644,4.156,-0.562,SENSING
36169.134,4117.701,-2298.028,-5221.061,6.085,1.644,4.156,-0.562,LISTENING
36170.0,4122.965,-2296.606,-5217.461,6.08,1.647,4.161,-0.562,SENSING
36170.0,4122.965,-2296.606,-5217.461,6.08,1.647,4.161,-0.562,LISTENING
36200.0,4303.095,-2246.132,-5090.022,5.936,1.724,4.338,-0.562,SENSING
36200.0,4303.095,-2246.132,-5090.022,5.936,1.724,4.338,-0.562,LISTENING
36300.0,4870.506,-2061.521,-4628.12,5.41,1.971,4.896,-0.562,SENSING
36300.0,4870.506,-2061.521,-4628.12,5.41,1.971,4.896,-0.562,LISTENING
36400.0,5382.119,-1853.344,-4113.181,4.82,2.196,5.399,-0.562,SENSING
36400.0,5382.119,-1853.344,-4113.181,4.82,2.196,5.399,-0.562,LISTENING
36408.887,5424.68,-1833.78,-4065.042,4.765,2.215,5.44,-0.562,SENSING
36408.887,5424.68,-1833.78,-4065.042,4.765,2.215,5.44,-0.562,LISTENING
36410.0,5429.975,-1831.318,-4058.988,4.758,2.217,5.446,-0.562,SENSING
36410.0,5429.975,-1831.318,-4058.988,4.758,2.217,5.446,-0.562,LISTENING
36438.71,5563.882,-1766.922,-3900.828,4.576,2.277,5.577,-0.562,SENSING
36438.71,5563.882,-1766.922,-3900.828,4.576,2.277,5.577,-0.562,LISTENING
36440.0,5569.776,-1763.989,-3893.634,4.568,2.279,5.583,-0.562,SENSING
36440.0,5569.776,-1763.989,-3893.634,4.568,2.279,5.583,-0.562,LISTENING
36458.652,5653.797,-1721.206,-3788.785,4.448,2.317,5.665,-0.562,SENSING
36458.652,5653.797,-1721.206,-3788.785,4.448,2.317,5.665,-0.562,MANEUVERING
36458.652,5653.797,-1721.206,-3788.785,4.448,2.317,5.665,-0.562,LISTENING
36460.0,5659.783,-1718.086,-3781.148,4.439,2.319,5.671,0.787,MANEUVERING
36460.0,5659.783,-1718.086,-3781.148,4.439,2.319,5.671,0.787,SENSING
36460.0,5659.783,-1718.086,-3781.148,4.439,2.319,5.671,0.787,MEASURING
36460.0,5659.783,-1718.086,-3781.148,4.439,2.319,5.671,0.787,SENSING
36460.0,5659.783,-1718.086,-3781.148,4.439,2.319,5.671,0.787,LISTENING
36488.04,5781.577,-1652.407,-3620.522,4.254,2.374,5.791,0.787,SENSING
36488.04,5781.577,-1652.407,-3620.522,4.254,2.374,5.791,0.787,MANEUVERING
36488.04,5781.577,-1652.407,-3620.522,4.254,2.374,5.791,0.787,LISTENING
36490.0,5789.896,-1647.76,-3609.17,4.241,2.377,5.799,-1.173,MANEUVERING
36490.0,5789.896,-1647.76,-3609.17,4.241,2.377,5.799,-1.173,SENSING
36490.0,5789.896,-1647.76,-3609.17,4.241,2.377,5.799,-1.173,MEASURING
36490.0,5789.896,-1647.76,-3609.17,4.241,2.377,5.799,-1.173,SENSING
36490.0,5789.896,-1647.76,-3609.17,4.241,2.377,5.799,-1.173,LISTENING
36500.0,5831.942,-1623.935,-3551.004,4.174,2.396,5.84,-1.173,SENSING
36500.0,5831.942,-1623.935,-3551.004,4.174,2.396,5.84,-1.173,LISTENING
36600.0,6214.683,-1375.887,-2947.97,3.479,2.569,6.215,-1.173,SENSING
36600.0,6214.683,-1375.887,-2947.97,3.479,2.569,6.215,-1.173,LISTENING
36700.0,6525.827,-1112.02,-2310.962,2.742,2.713,6.519,-1.173,SENSING
36700.0,6525.827,-1112.02,-2310.962,2.742,2.713,6.519,-1.173,LISTENING
36800.0,6761.694,-835.351,-1647.287,1.974,2.825,6.748,-1.173,SENSING
36800.0,6761.694,-835.351,-1647.287,1.974,2.825,6.748,-1.173,LISTENING
36900.0,6919.488,-549.054,-964.585,1.181,2.905,6.9,-1.173,SENSING
36900.0,6919.488,-549.054,-964.585,1.181,2.905,6.9,-1.173,LISTENING
37000.0,6997.336,-256.425,-270.736,0.375,2.952,6.971,-1.173,SENSING
37000.0,6997.336,-256.425,-270.736,0.375,2.952,6.971,-1.173,LISTENING
37100.0,6994.316,39.165,426.244,-0.435,2.965,6.962,-1.173,SENSING
37100.0,6994.316,39.165,426.244,-0.435,2.965,6.962,-1.173,LISTENING
37200.0,6910.468,334.307,1118.297,-1.241,2.943,6.873,-1.173,SENSING
37200.0,6910.468,334.307,1118.297,-1.241,2.943,6.873,-1.173,LISTENING
37300.0,6746.793,625.599,1797.427,-2.032,2.888,6.704,-1.173,SENSING
37300.0,6746.793,625.599,1797.427,-2.032,2.888,6.704,-1.173,LISTENING
37400.0,6505.239,909.69,2455.801,-2.798,2.799,6.458,-1.173,SENSING
37400.0,6505.239,909.69,2455.801,-2.798,2.799,6.458,-1.173,LISTENING
37409.396,6478.637,935.895,2516.32,-2.868,2.789,6.431,-1.173,SENSING
37409.396,6478.637,935.895,2516.32,-2.868,2.789,6.431,-1.173,LISTENING
37410.0,6476.904,937.576,2520.203,-2.873,2.788,6.429,-1.173,SENSING
37410.0,6476.904,937.576,2520.203,-2.873,2.788,6.429,-1.173,LISTENING
37449.691,6357.098,1047.165,2772.879,-3.167,2.743,6.308,-1.173,SENSING
37449.691,6357.098,1047.165,2772.879,-3.167,2.743,6.308,-1.173,LISTENING
37450.0,6356.12,1048.011,2774.827,-3.169,2.742,6.307,-1.173,SENSING
37450.0,6356.12,1048.011,2774.827,-3.169,2.742,6.307,-1.173,LISTENING
37500.0,6188.677,1183.319,3085.85,-3.531,2.678,6.138,-1.173,SENSING
37500.0,6188.677,1183.319,3085.85,-3.531,2.678,6.138,-1.173,LISTENING
37600.0,5800.854,1443.356,3680.353,-4.223,2.527,5.747,-1.173,SENSING
37600.0,5800.854,1443.356,3680.353,-4.223,2.527,5.747,-1.173,LISTENING
37700.0,5346.35,1686.841,4232.536,-4.865,2.347,5.292,-1.173,SENSING
37700.0,5346.35,1686.841,4232.536,-4.865,2.347,5.292,-1.173,LISTENING
37800.0,4830.51,1911.021,4736.144,-5.449,2.14,4.776,-1.173,SENSING
37800.0,4830.51,1911.021,4736.144,-5.449,2.14,4.776,-1.173,LISTENING
37819.027,4725.907,1951.276,4825.985,-5.554,2.098,4.672,-1.173,SENSING
37819.027,4725.907,1951.276,4825.985,-5.554,2.098,4.672,-1.173,LISTENING
37820.0,4720.502,1953.314,4830.528,-5.559,2.096,4.667,-1.173,SENSING
37820.0,4720.502,1953.314,4830.528,-5.559,2.096,4.667,-1.173,LISTENING
37897.657,4273.34,2108.904,5175.65,-5.959,1.916,4.221,-1.173,SENSING
37897.657,4273.34,2108.904,5175.65,-5.959,1.916,4.221,-1.173,LISTENING
37900.0,4259.375,2113.378,5185.519,-5.97,1.91,4.207,-1.173,SENSING
37900.0,4259.375,2113.378,5185.519,-5.97,1.91,4.207,-1.173,LISTENING
38000.0,3639.602,2291.659,5575.661,-6.422,1.658,3.592,-1.173,SENSING
38000.0,3639.602,2291.659,5575.661,-6.422,1.658,3.592,-1.173,LISTENING
38100.0,2978.379,2443.902,5902.283,-6.799,1.389,2.938,-1.173,SENSING
38100.0,2978.379,2443.902,5902.283,-6.799,1.389,2.938,-1.173,LISTENING
38108.489,2920.578,2455.572,5926.967,-6.828,1.365,2.881,-1.173,SENSING
38108.489,2920.578,2455.572,5926.967,-6.828,1.365,2.881,-1.173,LISTENING
38110.0,2910.267,2457.628,5931.309,-6.833,1.361,2.87,-1.173,SENSING
38110.0,2910.267,2457.628,5931.309,-6.833,1.361,2.87,-1.173,LISTENING
38138.096,2717.156,2494.696,6009.241,-6.923,1.282,2.68,-1.173,SENSING
38138.096,2717.156,2494.696,6009.241,-6.923,1.282,2.68,-1.173,LISTENING
38140.0,2703.979,2497.128,6014.329,-6.928,1.277,2.667,-1.173,SENSING
38140.0,2703.979,2497.128,6014.329,-6.928,1.277,2.667,-1.173,LISTENING
38200.0,2283.332,2568.456,6161.853,-7.098,1.104,2.252,-1.173,SENSING
38200.0,2283.332,2568.456,6161.853,-7.098,1.104,2.252,-1.173,LISTENING
38300.0,1562.43,2663.996,6351.629,-7.316,0.808,1.542,-1.173,SENSING
38300.0,1562.43,2663.996,6351.629,-7.316,0.808,1.542,-1.173,LISTENING
38400.0,823.889,2729.533,6469.684,-7.451,0.504,0.818,-1.173,SENSING
38400.0,823.889,2729.533,6469.684,-7.451,0.504,0.818,-1.173,LISTENING
38500.0,76.076,2764.427,6514.911,-7.502,0.195,0.087,-1.173,SENSING
38500.0,76.076,2764.427,6514.911,-7.502,0.195,0.087,-1.173,LISTENING
38600.0,-672.593,2768.383,6487.034,-7.468,-0.116,-0.643,-1.173,SENSING
38600.0,-672.593,2768.383,6487.034,-7.468,-0.116,-0.643,-1.173,LISTENING
38668.344,-1180.44,2753.302,6426.174,-7.397,-0.327,-1.137,-1.173,SENSING
38668.344,-1180.44,2753.302,6426.174,-7.397,-0.327,-1.137,-1.173,MANEUVERING
38668.344,-1180.44,2753.302,6426.174,-7.397,-0.327,-1.137,-1.173,LISTENING
38670.0,-1192.682,2752.758,6424.282,-7.395,-0.332,-1.149,0.483,MANEUVERING
38670.0,-1192.682,2752.758,6424.282,-7.395,-0.332,-1.149,0.483,SENSING
38670.0,-1192.682,2752.758,6424.282,-7.395,-0.332,-1.149,0.483,MEASURING
38670.0,-1192.682,2752.758,6424.282,-7.395,-0.332,-1.149,0.483,SENSING
38670.0,-1192.682,2752.758,6424.282,-7.395,-0.332,-1.149,0.483,LISTENING
38687.172,-1319.379,2746.625,6403.498,-7.371,-0.384,-1.272,0.483,SENSING
38687.172,-1319.379,2746.625,6403.498,-7.371,-0.384,-1.272,0.483,MANEUVERING
38687.172,-1319.379,2746.625,6403.498,-7.371,-0.384,-1.272,0.483,LISTENING
38690.0,-1340.204,2745.528,6399.873,-7.367,-0.393,-1.293,-2.345,MANEUVERING
38690.0,-1340.204,2745.528,6399.873,-7.367,-0.393,-1.293,-2.345,SENSING
38690.0,-1340.204,2745.528,6399.873,-7.367,-0.393,-1.293,-2.345,MEASURING
38690.0,-1340.204,2745.528,6399.873,-7.367,-0.393,-1.293,-2.345,SENSING
38690.0,-1340.204,2745.528,6399.873,-7.367,-0.393,-1.293,-2.345,LISTENING
38700.0,-1413.744,2741.454,6386.596,-7.352,-0.424,-1.364,-2.345,SENSING
38700.0,-1413.744,2741.454,6386.596,-7.352,-0.424,-1.364,-2.345,LISTENING
38800.0,-2139.14,2684.036,6214.942,-7.153,-0.726,-2.067,-2.345,SENSING
38800.0,-2139.14,2684.036,6214.942,-7.153,-0.726,-2.067,-2.345,LISTENING
38900.0,-2840.767,2596.858,5974.197,-6.876,-1.019,-2.745,-2.345,SENSING
38900.0,-2840.767,2596.858,5974.197,-6.876,-1.019,-2.745,-2.345,LISTENING
38908.559,-2899.464,2588.045,5950.469,-6.849,-1.044,-2.802,-2.345,SENSING
38908.559,-2899.464,2588.045,5950.469,-6.849,-1.044,-2.802,-2.345,LISTENING
38909.18,-2903.71,2587.398,5948.73,-6.847,-1.046,-2.806,-2.345,SENSING
38909.18,-2903.71,2587.398,5948.73,-6.847,-1.046,-2.806,-2.345,LISTENING
38910.0,-2909.323,2586.541,5946.426,-6.845,-1.048,-2.812,-2.345,SENSING
38910.0,-2909.323,2586.541,5946.426,-6.845,-1.048,-2.812,-2.345,LISTENING
38968.388,-3302.927,2520.631,5771.224,-6.643,-1.213,-3.191,-2.345,SENSING
38968.388,-3302.927,2520.631,5771.224,-6.643,-1.213,-3.191,-2.345,LISTENING
38970.0,-3313.624,2518.676,5766.075,-6.637,-1.218,-3.201,-2.345,SENSING
38970.0,-3313.624,2518.676,5766.075,-6.637,-1.218,-3.201,-2.345,LISTENING
38978.997,-3373.148,2507.629,5737.03,-6.604,-1.243,-3.259,-2.345,SENSING
38978.997,-3373.148,2507.629,5737.03,-6.604,-1.243,-3.259,-2.345,LISTENING
38980.0,-3379.766,2506.383,5733.761,-6.6,-1.246,-3.265,-2.345,SENSING
38980.0,-3379.766,2506.383,5733.761,-6.6,-1.246,-3.265,-2.345,LISTENING
38980.0,-3379.766,2506.383,5733.761,-6.6,-1.246,-3.265,-2.345,SENSING
38980.0,-3379.766,2506.383,5733.761,-6.6,-1.246,-3.265,-2.345,LISTENING
39000.0,-3510.922,2480.97,5667.232,-6.524,-1.301,-3.391,-2.345,SENSING
39000.0,-3510.922,2480.97,5667.232,-6.524,-1.301,-3.391,-2.345,LISTENING
39100.0,-4142.287,2337.731,5297.626,-6.101,-1.567,-3.998,-2.345,SENSING
39100.0,-4142.287,2337.731,5297.626,-6.101,-1.567,-3.998,-2.345,LISTENING
39200.0,-4728.008,2168.787,4869.617,-5.611,-1.815,-4.559,-2.345,SENSING
39200.0,-4728.008,2168.787,4869.617,-5.611,-1.815,-4.559,-2.345,LISTENING
39249.606,-4999.645,2076.024,4637.105,-5.346,-1.931,-4.818,-2.345,SENSING
39249.606,-4999.645,2076.024,4637.105,-5.346,-1.931,-4.818,-2.345,MANEUVERING
39249.606,-4999.645,2076.024,4637.105,-5.346,-1.931,-4.818,-2.345,LISTENING
39250.0,-5001.752,2075.264,4635.205,-5.344,-1.932,-4.82,-2.74,MANEUVERING
39250.0,-5001.752,2075.264,4635.205,-5.344,-1.932,-4.82,-2.74,SENSING
39250.0,-5001.752,2075.264,4635.205,-5.344,-1.932,-4.82,-2.74,MEASURING
39250.0,-5001.752,2075.264,4635.205,-5.344,-1.932,-4.82,-2.74,SENSING
39250.0,-5001.752,2075.264,4635.205,-5.344,-1.932,-4.82,-2.74,LISTENING
39258.62,-5047.576,2058.558,4593.487,-5.296,-1.952,-4.864,-2.74,SENSING
39258.62,-5047.576,2058.558,4593.487,-5.296,-1.952,-4.864,-2.74,LISTENING
39260.0,-5054.875,2055.868,4586.773,-5.288,-1.955,-4.871,-2.74,SENSING
39260.0,-5054.875,2055.868,4586.773,-5.288,-1.955,-4.871,-2.74,LISTENING
39297.507,-5249.129,1981.13,4400.669,-5.076,-2.038,-5.056,-2.74,SENSING
39297.507,-5249.129,1981.13,4400.669,-5.076,-2.038,-5.056,-2.74,LISTENING
39297.728,-5250.25,1980.68,4399.552,-5.075,-2.038,-5.057,-2.74,SENSING
39297.728,-5250.25,1980.68,4399.552,-5.075,-2.038,-5.057,-2.74,MANEUVERING
39297.728,-5250.25,1980.68,4399.552,-5.075,-2.038,-5.057,-2.74,LISTENING
39300.0,-5261.756,1976.053,4388.055,-5.062,-2.043,-5.068,-0.468,MANEUVERING
39300.0,-5261.756,1976.053,4388.055,-5.062,-2.043,-5.068,-0.468,SENSING
39300.0,-5261.756,1976.053,4388.055,-5.062,-2.043,-5.068,-0.468,LISTENING
39348.702,-5501.138,1874.212,4135.733,-4.774,-2.146,-5.296,-0.468,SENSING
39348.702,-5501.138,1874.212,4135.733,-4.774,-2.146,-5.296,-0.468,LISTENING
39350.0,-5507.323,1871.431,4128.86,-4.766,-2.149,-5.302,-0.468,SENSING
39350.0,-5507.323,1871.431,4128.86,-4.766,-2.149,-5.302,-0.468,LISTENING
39369.549,-5599.266,1829.116,4024.398,-4.647,-2.188,-5.39,-0.468,SENSING
39369.549,-5599.266,1829.116,4024.398,-4.647,-2.188,-5.39,-0.468,LISTENING
39370.0,-5601.358,1828.132,4021.97,-4.644,-2.189,-5.392,-0.468,SENSING
39370.0,-5601.358,1828.132,4021.97,-4.644,-2.189,-5.392,-0.468,LISTENING
39388.377,-5685.598,1787.641,3922.198,-4.53,-2.226,-5.472,-0.468,SENSING
39388.377,-5685.598,1787.641,3922.198,-4.53,-2.226,-5.472,-0.468,LISTENING
39390.0,-5692.937,1784.033,3913.316,-4.52,-2.229,-5.479,-0.468,SENSING
39390.0,-5692.937,1784.033,3913.316,-4.52,-2.229,-5.479,-0.468,LISTENING
39398.118,-5729.399,1765.91,3868.721,-4.469,-2.245,-5.513,-0.468,SENSING
39398.118,-5729.399,1765.91,3868.721,-4.469,-2.245,-5.513,-0.468,LISTENING
39400.0,-5737.793,1761.69,3858.342,-4.458,-2.248,-5.521,-0.468,SENSING
39400.0,-5737.793,1761.69,3858.342,-4.458,-2.248,-5.521,-0.468,LISTENING
39408.954,-5777.422,1741.521,3808.761,-4.401,-2.265,-5.559,-0.468,SENSING
39408.954,-5777.422,1741.521,3808.761,-4.401,-2.265,-5.559,-0.468,MANEUVERING
39408.954,-5777.422,1741.521,3808.761,-4.401,-2.265,-5.559,-0.468,LISTENING
39410.0,-5782.02,1739.154,3802.945,-4.394,-2.267,-5.563,-1.514,MANEUVERING
39410.0,-5782.02,1739.154,3802.945,-4.394,-2.267,-5.563,-1.514,SENSING
39410.0,-5782.02,1739.154,3802.945,-4.394,-2.267,-5.563,-1.514,MEASURING
39410.0,-5782.02,1739.154,3802.945,-4.394,-2.267,-5.563,-1.514,SENSING
39410.0,-5782.02,1739.154,3802.945,-4.394,-2.267,-5.563,-1.514,LISTENING
39459.729,-5992.461,1624.312,3521.397,-4.073,-2.359,-5.763,-1.514,SENSING
39459.729,-5992.461,1624.312,3521.397,-4.073,-2.359,-5.763,-1.514,MANEUVERING
39459.729,-5992.461,1624.312,3521.397,-4.073,-2.359,-5.763,-1.514,LISTENING
39460.0,-5993.564,1623.674,3519.835,-4.072,-2.36,-5.764,-1.785,MANEUVERING
39460.0,-5993.564,1623.674,3519.835,-4.072,-2.36,-5.764,-1.785,SENSING
39460.0,-5993.564,1623.674,3519.835,-4.072,-2.36,-5.764,-1.785,MEASURING
39460.0,-5993.564,1623.674,3519.835,-4.072,-2.36,-5.764,-1.785,SENSING
39460.0,-5993.564,1623.674,3519.835,-4.072,-2.36,-5.764,-1.785,LISTENING
39500.0,-6151.019,1528.083,3286.373,-3.806,-2.428,-5.913,-1.785,SENSING
39500.0,-6151.019,1528.083,3286.373,-3.806,-2.428,-5.913,-1.785,LISTENING
39600.0,-6497.025,1277.81,2678.474,-3.113,-2.582,-6.24,-1.785,SENSING
39600.0,-6497.025,1277.81,2678.474,-3.113,-2.582,-6.24,-1.785,LISTENING
39700.0,-6772.129,1013.62,2041.331,-2.388,-2.707,-6.498,-1.785,SENSING
39700.0,-6772.129,1013.62,2041.331,-2.388,-2.707,-6.498,-1.785,LISTENING
39729.259,-6838.772,934.104,1850.383,-2.171,-2.738,-6.56,-1.785,SENSING
39729.259,-6838.772,934.104,1850.383,-2.171,-2.738,-6.56,-1.785,LISTENING
39730.0,-6840.378,932.078,1845.523,-2.165,-2.739,-6.562,-1.785,SENSING
39730.0,-6840.378,932.078,1845.523,-2.165,-2.739,-6.562,-1.785,LISTENING
39789.929,-6956.551,766.533,1449.138,-1.714,-2.794,-6.669,-1.785,SENSING
39789.929,-6956.551,766.533,1449.138,-1.714,-2.794,-6.669,-1.785,LISTENING
39790.0,-6956.673,766.336,1448.665,-1.713,-2.794,-6.67,-1.785,SENSING
39790.0,-6956.673,766.336,1448.665,-1.713,-2.794,-6.67,-1.785,LISTENING
39798.949,-6971.689,741.342,1388.948,-1.645,-2.802,-6.683,-1.785,SENSING
39798.949,-6971.689,741.342,1388.948,-1.645,-2.802,-6.683,-1.785,LISTENING
39800.0,-6973.412,738.402,1381.926,-1.637,-2.803,-6.685,-1.785,SENSING
39800.0,-6973.412,738.402,1381.926,-1.637,-2.803,-6.685,-1.785,LISTENING
39869.676,-7068.854,541.714,913.144,-1.103,-2.851,-6.772,-1.785,SENSING
39869.676,-7068.854,541.714,913.144,-1.103,-2.851,-6.772,-1.785,MANEUVERING
39869.676,-7068.854,541.714,913.144,-1.103,-2.851,-6.772,-1.785,LISTENING
39870.0,-7069.212,540.791,910.947,-1.101,-2.851,-6.773,-1.46,MANEUVERING
39870.0,-7069.212,540.791,910.947,-1.101,-2.851,-6.773,-1.46,SENSING
39870.0,-7069.212,540.791,910.947,-1.101,-2.851,-6.773,-1.46,MEASURING
39870.0,-7069.212,540.791,910.947,-1.101,-2.851,-6.773,-1.46,SENSING
39870.0,-7069.212,540.791,910.947,-1.101,-2.851,-6.773,-1.46,LISTENING
39898.38,-7097.323,459.792,718.47,-0.882,-2.867,-6.798,-1.46,SENSING
39898.38,-7097.323,459.792,718.47,-0.882,-2.867,-6.798,-1.46,MANEUVERING
39898.38,-7097.323,459.792,718.47,-0.882,-2.867,-6.798,-1.46,LISTENING
39900.0,-7098.74,455.156,707.463,-0.869,-2.868,-6.799,-3.08,MANEUVERING
39900.0,-7098.74,455.156,707.463,-0.869,-2.868,-6.799,-3.08,SENSING
39900.0,-7098.74,455.156,707.463,-0.869,-2.868,-6.799,-3.08,LISTENING
40000.0,-7146.785,166.962,25.293,-0.092,-2.902,-6.839,-3.08,SENSING
40000.0,-7146.785,166.962,25.293,-0.092,-2.902,-6.839,-3.08,LISTENING
40100.0,-7117.036,-123.05,-657.151,0.687,-2.904,-6.805,-3.08,SENSING
40100.0,-7117.036,-123.05,-657.151,0.687,-2.904,-6.805,-3.08,LISTENING
40200.0,-7009.803,-411.728,-1332.438,1.458,-2.875,-6.696,-3.08,SENSING
40200.0,-7009.803,-411.728,-1332.438,1.458,-2.875,-6.696,-3.08,LISTENING
40300.0,-6826.217,-695.936,-1993.205,2.213,-2.815,-6.514,-3.08,SENSING
40300.0,-6826.217,-695.936,-1993.205,2.213,-2.815,-6.514,-3.08,LISTENING
40400.0,-6568.217,-972.577,-2632.233,2.946,-2.723,-6.261,-3.08,SENSING
40400.0,-6568.217,-972.577,-2632.233,2.946,-2.723,-6.261,-3.08,LISTENING
40419.768,-6508.631,-1026.103,-2755.369,3.087,-2.702,-6.203,-3.08,SENSING
40419.768,-6508.631,-1026.103,-2755.369,3.087,-2.702,-6.203,-3.08,LISTENING
40420.0,-6507.914,-1026.73,-2756.81,3.089,-2.702,-6.202,-3.08,SENSING
40420.0,-6507.914,-1026.73,-2756.81,3.089,-2.702,-6.202,-3.08,LISTENING
40420.0,-6507.914,-1026.73,-2756.81,3.089,-2.702,-6.202,-3.08,SENSING
40420.0,-6507.914,-1026.73,-2756.81,3.089,-2.702,-6.202,-3.08,LISTENING
40478.689,-6314.641,-1182.968,-3115.213,3.5,-2.631,-6.014,-3.08,SENSING
40478.689,-6314.641,-1182.968,-3115.213,3.5,-2.631,-6.014,-3.08,LISTENING
40480.0,-6310.049,-1186.409,-3123.09,3.509,-2.629,-6.009,-3.08,SENSING
40480.0,-6310.049,-1186.409,-3123.09,3.509,-2.629,-6.009,-3.08,LISTENING
40500.0,-6238.535,-1238.631,-3242.521,3.647,-2.603,-5.94,-3.08,SENSING
40500.0,-6238.535,-1238.631,-3242.521,3.647,-2.603,-5.94,-3.08,LISTENING
40600.0,-5840.673,-1491.182,-3817.355,4.309,-2.453,-5.552,-3.08,SENSING
40600.0,-5840.673,-1491.182,-3817.355,4.309,-2.453,-5.552,-3.08,LISTENING
40700.0,-5378.869,-1727.447,-4350.378,4.925,-2.276,-5.104,-3.08,SENSING
40700.0,-5378.869,-1727.447,-4350.378,4.925,-2.276,-5.104,-3.08,LISTENING
40800.0,-4858.064,-1944.807,-4835.658,5.489,-2.075,-4.598,-3.08,SENSING
40800.0,-4858.064,-1944.807,-4835.658,5.489,-2.075,-4.598,-3.08,LISTENING
40829.909,-4691.65,-2005.778,-4970.701,5.646,-2.01,-4.436,-3.08,SENSING
40829.909,-4691.65,-2005.778,-4970.701,5.646,-2.01,-4.436,-3.08,MANEUVERING
40829.909,-4691.65,-2005.778,-4970.701,5.646,-2.01,-4.436,-3.08,LISTENING
40830.0,-4691.137,-2005.961,-4971.104,5.647,-2.009,-4.436,-3.171,MANEUVERING
40830.0,-4691.137,-2005.961,-4971.104,5.647,-2.009,-4.436,-3.171,SENSING
40830.0,-4691.137,-2005.961,-4971.104,5.647,-2.009,-4.436,-3.171,MEASURING
40830.0,-4691.137,-2005.961,-4971.104,5.647,-2.009,-4.436,-3.171,SENSING
40830.0,-4691.137,-2005.961,-4971.104,5.647,-2.009,-4.436,-3.171,LISTENING
40898.105,-4295.193,-2137.334,-5260.088,5.984,-1.854,-4.051,-3.171,SENSING
40898.105,-4295.193,-2137.334,-5260.088,5.984,-1.854,-4.051,-3.171,MANEUVERING
40898.105,-4295.193,-2137.334,-5260.088,5.984,-1.854,-4.051,-3.171,LISTENING
40900.0,-4283.852,-2140.837,-5267.751,5.993,-1.849,-4.04,-1.276,MANEUVERING
40900.0,-4283.852,-2140.837,-5267.751,5.993,-1.849,-4.04,-1.276,SENSING
40900.0,-4283.852,-2140.837,-5267.751,5.993,-1.849,-4.04,-1.276,LISTENING
41000.0,-3662.432,-2313.327,-5641.763,6.433,-1.603,-3.437,-1.276,SENSING
41000.0,-3662.432,-2313.327,-5641.763,6.433,-1.603,-3.437,-1.276,LISTENING
41019.752,-3534.683,-2344.439,-5708.385,6.511,-1.552,-3.313,-1.276,SENSING
41019.752,-3534.683,-2344.439,-5708.385,6.511,-1.552,-3.313,-1.276,MANEUVERING
41019.752,-3534.683,-2344.439,-5708.385,6.511,-1.552,-3.313,-1.276,LISTENING
41020.0,-3533.067,-2344.823,-5709.207,6.512,-1.552,-3.311,-1.525,MANEUVERING
41020.0,-3533.067,-2344.823,-5709.207,6.512,-1.552,-3.311,-1.525,SENSING
41020.0,-3533.067,-2344.823,-5709.207,6.512,-1.552,-3.311,-1.525,MEASURING
41020.0,-3533.067,-2344.823,-5709.207,6.512,-1.552,-3.311,-1.525,SENSING
41020.0,-3533.067,-2344.823,-5709.207,6.512,-1.552,-3.311,-1.525,LISTENING
41098.88,-3008.156,-2458.816,-5950.275,6.799,-1.342,-2.801,-1.525,SENSING
41098.88,-3008.156,-2458.816,-5950.275,6.799,-1.342,-2.801,-1.525,MANEUVERING
41098.88,-3008.156,-2458.816,-5950.275,6.799,-1.342,-2.801,-1.525,LISTENING
41100.0,-3000.545,-2460.314,-5953.406,6.802,-1.339,-2.793,-2.645,MANEUVERING
41100.0,-3000.545,-2460.314,-5953.406,6.802,-1.339,-2.793,-2.645,SENSING
41100.0,-3000.545,-2460.314,-5953.406,6.802,-1.339,-2.793,-2.645,LISTENING
41119.29,-2868.813,-2485.586,-6006.028,6.865,-1.286,-2.665,-2.645,SENSING
41119.29,-2868.813,-2485.586,-6006.028,6.865,-1.286,-2.665,-2.645,LISTENING
41120.0,-2863.94,-2486.497,-6007.918,6.867,-1.284,-2.661,-2.645,SENSING
41120.0,-2863.94,-2486.497,-6007.918,6.867,-1.284,-2.661,-2.645,LISTENING
41169.061,-2523.58,-2546.037,-6130.291,7.014,-1.147,-2.329,-2.645,SENSING
41169.061,-2523.58,-2546.037,-6130.291,7.014,-1.147,-2.329,-2.645,LISTENING
41170.0,-2516.997,-2547.11,-6132.474,7.017,-1.144,-2.323,-2.645,SENSING
41170.0,-2516.997,-2547.11,-6132.474,7.017,-1.144,-2.323,-2.645,LISTENING
41200.0,-2305.414,-2580.1,-6199.049,7.097,-1.059,-2.117,-2.645,SENSING
41200.0,-2305.414,-2580.1,-6199.049,7.097,-1.059,-2.117,-2.645,LISTENING
41249.763,-1949.456,-2629.125,-6295.76,7.215,-0.914,-1.771,-2.645,SENSING
41249.763,-1949.456,-2629.125,-6295.76,7.215,-0.914,-1.771,-2.645,MANEUVERING
41249.763,-1949.456,-2629.125,-6295.76,7.215,-0.914,-1.771,-2.645,LISTENING
41250.0,-1947.751,-2629.341,-6296.178,7.216,-0.914,-1.769,-2.881,MANEUVERING
41250.0,-1947.751,-2629.341,-6296.178,7.216,-0.914,-1.769,-2.881,SENSING
41250.0,-1947.751,-2629.341,-6296.178,7.216,-0.914,-1.769,-2.881,MEASURING
41250.0,-1947.751,-2629.341,-6296.178,7.216,-0.914,-1.769,-2.881,SENSING
41250.0,-1947.751,-2629.341,-6296.178,7.216,-0.914,-1.769,-2.881,LISTENING
41279.59,-1733.467,-2655.049,-6345.415,7.277,-0.827,-1.56,-2.881,SENSING
41279.59,-1733.467,-2655.049,-6345.415,7.277,-0.827,-1.56,-2.881,MANEUVERING
41279.59,-1733.467,-2655.049,-6345.415,7.277,-0.827,-1.56,-2.881,LISTENING
41280.0,-1730.486,-2655.387,-6346.054,7.278,-0.825,-1.557,-2.471,MANEUVERING
41280.0,-1730.486,-2655.387,-6346.054,7.278,-0.825,-1.557,-2.471,SENSING
41280.0,-1730.486,-2655.387,-6346.054,7.278,-0.825,-1.557,-2.471,MEASURING
41280.0,-1730.486,-2655.387,-6346.054,7.278,-0.825,-1.557,-2.471,SENSING
41280.0,-1730.486,-2655.387,-6346.054,7.278,-0.825,-1.557,-2.471,LISTENING
41300.0,-1584.664,-2671.276,-6375.768,7.315,-0.766,-1.415,-2.471,SENSING
41300.0,-1584.664,-2671.276,-6375.768,7.315,-0.766,-1.415,-2.471,LISTENING
41400.0,-846.255,-2732.74,-6481.379,7.451,-0.464,-0.696,-2.471,SENSING
41400.0,-846.255,-2732.74,-6481.379,7.451,-0.464,-0.696,-2.471,LISTENING
41500.0,-98.386,-2763.713,-6514.48,7.504,-0.156,0.034,-2.471,SENSING
41500.0,-98.386,-2763.713,-6514.48,7.504,-0.156,0.034,-2.471,LISTENING
41600.0,650.58,-2763.749,-6474.469,7.472,0.155,0.766,-2.471,SENSING
41600.0,650.58,-2763.749,-6474.469,7.472,0.155,0.766,-2.471,LISTENING
41668.448,1159.52,-2745.875,-6405.013,7.402,0.368,1.264,-2.471,SENSING
41668.448,1159.52,-2745.875,-6405.013,7.402,0.368,1.264,-2.471,LISTENING
41670.0,1170.998,-2745.302,-6403.044,7.4,0.373,1.275,-2.471,SENSING
41670.0,1170.998,-2745.302,-6403.044,7.4,0.373,1.275,-2.471,LISTENING
41687.953,1303.542,-2738.125,-6379.002,7.375,0.428,1.405,-2.471,SENSING
41687.953,1303.542,-2738.125,-6379.002,7.375,0.428,1.405,-2.471,LISTENING
41690.0,1318.625,-2737.244,-6376.113,7.372,0.435,1.419,-2.471,SENSING
41690.0,1318.625,-2737.244,-6376.113,7.372,0.435,1.419,-2.471,LISTENING
41700.0,1392.219,-2732.752,-6361.565,7.357,0.466,1.491,-2.471,SENSING
41700.0,1392.219,-2732.752,-6361.565,7.357,0.466,1.491,-2.471,LISTENING
41800.0,2118.136,-2670.971,-6176.815,7.158,0.772,2.202,-2.471,SENSING
41800.0,2118.136,-2670.971,-6176.815,7.158,0.772,2.202,-2.471,LISTENING
41900.0,2820.061,-2579.01,-5922.09,6.877,1.07,2.89,-2.471,SENSING
41900.0,2820.061,-2579.01,-5922.09,6.877,1.07,2.89,-2.471,LISTENING
42000.0,3489.952,-2457.822,-5600.079,6.517,1.357,3.547,-2.471,SENSING
42000.0,3489.952,-2457.822,-5600.079,6.517,1.357,3.547,-2.471,LISTENING
42100.0,4120.089,-2308.699,-5214.259,6.082,1.629,4.166,-2.471,SENSING
42100.0,4120.089,-2308.699,-5214.259,6.082,1.629,4.166,-2.471,LISTENING
42200.0,4703.17,-2133.267,-4768.87,5.576,1.883,4.738,-2.471,SENSING
42200.0,4703.17,-2133.267,-4768.87,5.576,1.883,4.738,-2.471,LISTENING
42300.0,5232.404,-1933.465,-4268.866,5.006,2.117,5.258,-2.471,SENSING
42300.0,5232.404,-1933.465,-4268.866,5.006,2.117,5.258,-2.471,LISTENING
42400.0,5701.601,-1711.525,-3719.865,4.376,2.326,5.718,-2.471,SENSING
42400.0,5701.601,-1711.525,-3719.865,4.376,2.326,5.718,-2.471,LISTENING
42409.609,5743.313,-1689.125,-3664.758,4.313,2.345,5.759,-2.471,SENSING
42409.609,5743.313,-1689.125,-3664.758,4.313,2.345,5.759,-2.471,LISTENING
42410.0,5745.0,-1688.208,-3662.504,4.31,2.346,5.76,-2.471,SENSING
42410.0,5745.0,-1688.208,-3662.504,4.31,2.346,5.76,-2.471,LISTENING
42448.696,5906.664,-1596.175,-3436.626,4.05,2.419,5.918,-2.471,SENSING
42448.696,5906.664,-1596.175,-3436.626,4.05,2.419,5.918,-2.471,LISTENING
42450.0,5911.934,-1593.026,-3428.912,4.041,2.421,5.924,-2.471,SENSING
42450.0,5911.934,-1593.026,-3428.912,4.041,2.421,5.924,-2.471,LISTENING
42479.468,6027.963,-1521.022,-3252.756,3.839,2.474,6.037,-2.471,SENSING
42479.468,6027.963,-1521.022,-3252.756,3.839,2.474,6.037,-2.471,LISTENING
42480.0,6030.003,-1519.708,-3249.546,3.835,2.475,6.039,-2.471,SENSING
42480.0,6030.003,-1519.708,-3249.546,3.835,2.475,6.039,-2.471,LISTENING
42498.263,6098.825,-1474.299,-3138.691,3.707,2.507,6.106,-2.471,SENSING
42498.263,6098.825,-1474.299,-3138.691,3.707,2.507,6.106,-2.471,LISTENING
42500.0,6105.249,-1469.951,-3128.084,3.695,2.51,6.113,-2.471,SENSING
42500.0,6105.249,-1469.951,-3128.084,3.695,2.51,6.113,-2.471,LISTENING
42600.0,6438.59,-1211.483,-2500.27,2.97,2.664,6.438,-2.471,SENSING
42600.0,6438.59,-1211.483,-2500.27,2.97,2.664,6.438,-2.471,LISTENING
42639.253,6549.335,-1106.046,-2245.539,2.676,2.717,6.546,-2.471,SENSING
42639.253,6549.335,-1106.046,-2245.539,2.676,2.717,6.546,-2.471,LISTENING
42640.0,6551.33,-1104.02,-2240.652,2.67,2.718,6.548,-2.471,SENSING
42640.0,6551.33,-1104.02,-2240.652,2.67,2.718,6.548,-2.471,LISTENING
42658.777,6600.09,-1052.86,-2117.324,2.527,2.741,6.595,-2.471,SENSING
42658.777,6600.09,-1052.86,-2117.324,2.527,2.741,6.595,-2.471,LISTENING
42660.0,6603.173,-1049.513,-2109.261,2.518,2.743,6.598,-2.471,SENSING
42660.0,6603.173,-1049.513,-2109.261,2.518,2.743,6.598,-2.471,LISTENING
42700.0,6697.685,-939.072,-1843.613,2.21,2.789,6.689,-2.471,SENSING
42700.0,6697.685,-939.072,-1843.613,2.21,2.789,6.689,-2.471,LISTENING
42800.0,6879.463,-655.842,-1165.668,1.424,2.881,6.864,-2.471,SENSING
42800.0,6879.463,-655.842,-1165.668,1.424,2.881,6.864,-2.471,LISTENING
42900.0,6981.77,-365.048,-474.252,0.621,2.94,6.959,-2.471,SENSING
42900.0,6981.77,-365.048,-474.252,0.621,2.94,6.959,-2.471,LISTENING
43000.0,7003.392,-70.04,222.646,-0.189,2.965,6.973,-2.471,SENSING
43000.0,7003.392,-70.04,222.646,-0.189,2.965,6.973,-2.471,LISTENING
43100.0,6944.077,225.779,916.971,-0.997,2.956,6.907,-2.471,SENSING
43100.0,6944.077,225.779,916.971,-0.997,2.956,6.907,-2.471,LISTENING
43200.0,6804.535,519.0,1600.698,-1.793,2.913,6.761,-2.471,SENSING
43200.0,6804.535,519.0,1600.698,-1.793,2.913,6.761,-2.471,LISTENING
43300.0,6586.429,806.246,2265.937,-2.568,2.837,6.538,-2.471,SENSING
43300.0,6586.429,806.246,2265.937,-2.568,2.837,6.538,-2.471,LISTENING
43329.404,6507.703,889.09,2456.908,-2.79,2.808,6.457,-2.471,SENSING
43329.404,6507.703,889.09,2456.908,-2.79,2.808,6.457,-2.471,LISTENING
43330.0,6506.041,890.759,2460.751,-2.795,2.807,6.456,-2.471,SENSING
43330.0,6506.041,890.759,2460.751,-2.795,2.807,6.456,-2.471,LISTENING
43379.028,6360.162,1026.85,2773.534,-3.159,2.753,6.307,-2.471,SENSING
43379.028,6360.162,1026.85,2773.534,-3.159,2.753,6.307,-2.471,LISTENING
43380.0,6357.09,1029.52,2779.66,-3.166,2.752,6.304,-2.471,SENSING
43380.0,6357.09,1029.52,2779.66,-3.166,2.752,6.304,-2.471,LISTENING
43400.0,6292.352,1084.218,2905.03,-3.312,2.727,6.239,-2.471,SENSING
43400.0,6292.352,1084.218,2905.03,-3.312,2.727,6.239,-2.471,LISTENING
43500.0,5925.791,1349.731,3510.648,-4.017,2.587,5.868,-2.471,SENSING
43500.0,5925.791,1349.731,3510.648,-4.017,2.587,5.868,-2.471,LISTENING
43600.0,5491.077,1599.76,4075.875,-4.675,2.417,5.431,-2.471,SENSING
43600.0,5491.077,1599.76,4075.875,-4.675,2.417,5.431,-2.471,LISTENING
43609.216,5447.757,1621.923,4125.705,-4.733,2.4,5.388,-2.471,SENSING
43609.216,5447.757,1621.923,4125.705,-4.733,2.4,5.388,-2.471,LISTENING
43610.0,5444.048,1623.801,4129.925,-4.738,2.399,5.384,-2.471,SENSING
43610.0,5444.048,1623.801,4129.925,-4.738,2.399,5.384,-2.471,LISTENING
43648.587,5256.764,1714.796,4333.983,-4.975,2.325,5.196,-2.471,SENSING
43648.587,5256.764,1714.796,4333.983,-4.975,2.325,5.196,-2.471,LISTENING
43650.0,5249.734,1718.074,4341.317,-4.983,2.322,5.189,-2.471,SENSING
43650.0,5249.734,1718.074,4341.317,-4.983,2.322,5.189,-2.471,LISTENING
43700.0,4993.33,1831.47,4594.299,-5.277,2.22,4.933,-2.471,SENSING
43700.0,4993.33,1831.47,4594.299,-5.277,2.22,4.933,-2.471,LISTENING
43800.0,4438.387,2042.252,5060.079,-5.818,1.999,4.379,-2.471,SENSING
43800.0,4438.387,2042.252,5060.079,-5.818,1.999,4.379,-2.471,LISTENING
43900.0,3832.727,2229.752,5468.017,-6.292,1.754,3.776,-2.471,SENSING
43900.0,3832.727,2229.752,5468.017,-6.292,1.754,3.776,-2.471,LISTENING
44000.0,3183.383,2391.899,5813.614,-6.692,1.491,3.133,-2.471,SENSING
44000.0,3183.383,2391.899,5813.614,-6.692,1.491,3.133,-2.471,LISTENING
44100.0,2497.857,2526.924,6093.111,-7.015,1.212,2.455,-2.471,SENSING
44100.0,2497.857,2526.924,6093.111,-7.015,1.212,2.455,-2.471,LISTENING
44200.0,1784.024,2633.379,6303.536,-7.258,0.919,1.752,-2.471,SENSING
44200.0,1784.024,2633.379,6303.536,-7.258,0.919,1.752,-2.471,LISTENING
44209.212,1717.125,2641.707,6319.363,-7.276,0.892,1.686,-2.471,SENSING
44209.212,1717.125,2641.707,6319.363,-7.276,0.892,1.686,-2.471,LISTENING
44210.0,1711.396,2642.408,6320.689,-7.278,0.889,1.68,-2.471,SENSING
44210.0,1711.396,2642.408,6320.689,-7.278,0.889,1.68,-2.471,LISTENING
44247.785,1435.293,2673.824,6379.034,-7.345,0.776,1.409,-2.471,SENSING
44247.785,1435.293,2673.824,6379.034,-7.345,0.776,1.409,-2.471,LISTENING
44250.0,1419.031,2675.532,6382.136,-7.349,0.769,1.393,-2.471,SENSING
44250.0,1419.031,2675.532,6382.136,-7.349,0.769,1.393,-2.471,LISTENING
44300.0,1050.034,2710.152,6442.719,-7.418,0.617,1.031,-2.471,SENSING
44300.0,1050.034,2710.152,6442.719,-7.418,0.617,1.031,-2.471,LISTENING
44400.0,304.216,2756.471,6509.313,-7.495,0.31,0.301,-2.471,SENSING
44400.0,304.216,2756.471,6509.313,-7.495,0.31,0.301,-2.471,LISTENING
44500.0,-445.02,2771.914,6502.801,-7.487,-0.001,-0.431,-2.471,SENSING
44500.0,-445.02,2771.914,6502.801,-7.487,-0.001,-0.431,-2.471,LISTENING
44518.962,-586.782,2771.348,6493.332,-7.476,-0.06,-0.569,-2.471,SENSING
44518.962,-586.782,2771.348,6493.332,-7.476,-0.06,-0.569,-2.471,MANEUVERING
44518.962,-586.782,2771.348,6493.332,-7.476,-0.06,-0.569,-2.471,LISTENING
44520.0,-594.537,2771.285,6492.738,-7.475,-0.063,-0.576,-1.433,MANEUVERING
44520.0,-594.537,2771.285,6492.738,-7.475,-0.063,-0.576,-1.433,SENSING
44520.0,-594.537,2771.285,6492.738,-7.475,-0.063,-0.576,-1.433,MEASURING
44520.0,-594.537,2771.285,6492.738,-7.475,-0.063,-0.576,-1.433,SENSING
44520.0,-594.537,2771.285,6492.738,-7.475,-0.063,-0.576,-1.433,LISTENING
44557.761,-876.053,2766.722,6465.815,-7.444,-0.18,-0.85,-1.433,SENSING
44557.761,-876.053,2766.722,6465.815,-7.444,-0.18,-0.85,-1.433,MANEUVERING
44557.761,-876.053,2766.722,6465.815,-7.444,-0.18,-0.85,-1.433,LISTENING
44560.0,-892.705,2766.313,6463.895,-7.442,-0.187,-0.866,-3.672,MANEUVERING
44560.0,-892.705,2766.313,6463.895,-7.442,-0.187,-0.866,-3.672,SENSING
44560.0,-892.705,2766.313,6463.895,-7.442,-0.187,-0.866,-3.672,MEASURING
44560.0,-892.705,2766.313,6463.895,-7.442,-0.187,-0.866,-3.672,SENSING
44560.0,-892.705,2766.313,6463.895,-7.442,-0.187,-0.866,-3.672,LISTENING
44600.0,-1189.277,2756.405,6423.485,-7.395,-0.31,-1.155,-3.672,SENSING
44600.0,-1189.277,2756.405,6423.485,-7.395,-0.31,-1.155,-3.672,LISTENING
44700.0,-1920.269,2710.214,6272.48,-7.222,-0.615,-1.864,-3.672,SENSING
44700.0,-1920.269,2710.214,6272.48,-7.222,-0.615,-1.864,-3.672,LISTENING
44800.0,-2629.906,2633.946,6051.685,-6.968,-0.912,-2.55,-3.672,SENSING
44800.0,-2629.906,2633.946,6051.685,-6.968,-0.912,-2.55,-3.672,LISTENING
44838.928,-2898.69,2596.314,5947.409,-6.849,-1.025,-2.809,-3.672,SENSING
44838.928,-2898.69,2596.314,5947.409,-6.849,-1.025,-2.809,-3.672,LISTENING
44840.0,-2906.022,2595.216,5944.396,-6.845,-1.028,-2.816,-3.672,SENSING
44840.0,-2906.022,2595.216,5944.396,-6.845,-1.028,-2.816,-3.672,LISTENING
44867.038,-3089.772,2566.431,5865.887,-6.756,-1.105,-2.994,-3.672,SENSING
44867.038,-3089.772,2566.431,5865.887,-6.756,-1.105,-2.994,-3.672,LISTENING
44870.0,-3109.752,2563.151,5856.996,-6.745,-1.114,-3.013,-3.672,SENSING
44870.0,-3109.752,2563.151,5856.996,-6.745,-1.114,-3.013,-3.672,LISTENING
44900.0,-3310.383,2528.536,5763.756,-6.639,-1.198,-3.206,-3.672,SENSING
44900.0,-3310.383,2528.536,5763.756,-6.639,-1.198,-3.206,-3.672,LISTENING
44989.251,-3887.018,2410.851,5452.814,-6.283,-1.442,-3.76,-3.672,SENSING
44989.251,-3887.018,2410.851,5452.814,-6.283,-1.442,-3.76,-3.672,MANEUVERING
44989.251,-3887.018,2410.851,5452.814,-6.283,-1.442,-3.76,-3.672,LISTENING
44990.0,-3891.721,2409.772,5449.997,-6.28,-1.444,-3.765,-2.923,MANEUVERING
44990.0,-3891.721,2409.772,5449.997,-6.28,-1.444,-3.765,-2.923,SENSING
44990.0,-3891.721,2409.772,5449.997,-6.28,-1.444,-3.765,-2.923,MEASURING
44990.0,-3891.721,2409.772,5449.997,-6.28,-1.444,-3.765,-2.923,SENSING
44990.0,-3891.721,2409.772,5449.997,-6.28,-1.444,-3.765,-2.923,LISTENING
44998.95,-3947.712,2396.767,5416.08,-6.241,-1.468,-3.818,-2.923,SENSING
44998.95,-3947.712,2396.767,5416.08,-6.241,-1.468,-3.818,-2.923,MANEUVERING
44998.95,-3947.712,2396.767,5416.08,-6.241,-1.468,-3.818,-2.923,LISTENING
45000.0,-3954.258,2395.227,5412.069,-6.237,-1.471,-3.825,-3.973,MANEUVERING
45000.0,-3954.258,2395.227,5412.069,-6.237,-1.471,-3.825,-3.973,SENSING
45000.0,-3954.258,2395.227,5412.069,-6.237,-1.471,-3.825,-3.973,LISTENING
45019.488,-4074.872,2366.126,5336.442,-6.15,-1.522,-3.94,-3.973,SENSING
45019.488,-4074.872,2366.126,5336.442,-6.15,-1.522,-3.94,-3.973,LISTENING
45020.0,-4078.016,2365.348,5334.426,-6.148,-1.523,-3.943,-3.973,SENSING
45020.0,-4078.016,2365.348,5334.426,-6.148,-1.523,-3.943,-3.973,LISTENING
45088.905,-4490.285,2254.523,5049.124,-5.822,-1.699,-4.338,-3.973,SENSING
45088.905,-4490.285,2254.523,5049.124,-5.822,-1.699,-4.338,-3.973,LISTENING
45090.0,-4496.653,2252.665,5044.373,-5.817,-1.701,-4.344,-3.973,SENSING
45090.0,-4496.653,2252.665,5044.373,-5.817,-1.701,-4.344,-3.973,LISTENING
45100.0,-4554.528,2235.562,5000.675,-5.767,-1.726,-4.4,-3.973,SENSING
45100.0,-4554.528,2235.562,5000.675,-5.767,-1.726,-4.4,-3.973,LISTENING
45200.0,-5104.7,2051.358,4534.25,-5.235,-1.962,-4.925,-3.973,SENSING
45200.0,-5104.7,2051.358,4534.25,-5.235,-1.962,-4.925,-3.973,LISTENING
45239.218,-5305.48,1972.861,4337.428,-5.01,-2.048,-5.116,-3.973,SENSING
45239.218,-5305.48,1972.861,4337.428,-5.01,-2.048,-5.116,-3.973,LISTENING
45240.0,-5309.393,1971.262,4333.428,-5.006,-2.05,-5.12,-3.973,SENSING
45240.0,-5309.393,1971.262,4333.428,-5.006,-2.05,-5.12,-3.973,LISTENING
45259.557,-5406.101,1930.834,4232.448,-4.891,-2.092,-5.212,-3.973,SENSING
45259.557,-5406.101,1930.834,4232.448,-4.891,-2.092,-5.212,-3.973,LISTENING
45260.0,-5408.266,1929.909,4230.14,-4.888,-2.093,-5.214,-3.973,SENSING
45260.0,-5408.266,1929.909,4230.14,-4.888,-2.093,-5.214,-3.973,LISTENING
45300.0,-5598.848,1844.687,4018.039,-4.647,-2.176,-5.395,-3.973,SENSING
45300.0,-5598.848,1844.687,4018.039,-4.647,-2.176,-5.395,-3.973,LISTENING
45400.0,-6031.675,1617.854,3457.8,-4.009,-2.365,-5.805,-3.973,SENSING
45400.0,-6031.675,1617.854,3457.8,-4.009,-2.365,-5.805,-3.973,LISTENING
45500.0,-6398.555,1373.369,2859.739,-3.328,-2.529,-6.151,-3.973,SENSING
45500.0,-6398.555,1373.369,2859.739,-3.328,-2.529,-6.151,-3.973,LISTENING
45509.042,-6428.338,1350.483,2804.021,-3.264,-2.543,-6.179,-3.973,SENSING
45509.042,-6428.338,1350.483,2804.021,-3.264,-2.543,-6.179,-3.973,LISTENING
45510.0,-6431.459,1348.051,2798.104,-3.258,-2.544,-6.182,-3.973,SENSING
45510.0,-6431.459,1348.051,2798.104,-3.258,-2.544,-6.182,-3.973,LISTENING
45518.932,-6460.255,1325.314,2742.792,-3.195,-2.557,-6.209,-3.973,SENSING
45518.932,-6460.255,1325.314,2742.792,-3.195,-2.557,-6.209,-3.973,LISTENING
45520.0,-6463.661,1322.587,2736.162,-3.187,-2.559,-6.212,-3.973,SENSING
45520.0,-6463.661,1322.587,2736.162,-3.187,-2.559,-6.212,-3.973,LISTENING
45539.985,-6525.897,1271.267,2611.483,-3.045,-2.587,-6.271,-3.973,SENSING
45539.985,-6525.897,1271.267,2611.483,-3.045,-2.587,-6.271,-3.973,LISTENING
45540.0,-6525.942,1271.229,2611.389,-3.045,-2.587,-6.271,-3.973,SENSING
45540.0,-6525.942,1271.229,2611.389,-3.045,-2.587,-6.271,-3.973,LISTENING
45600.0,-6695.583,1113.92,2230.445,-2.612,-2.665,-6.43,-3.973,SENSING
45600.0,-6695.583,1113.92,2230.445,-2.612,-2.665,-6.43,-3.973,LISTENING
45700.0,-6919.603,842.348,1576.819,-1.868,-2.772,-6.638,-3.973,SENSING
45700.0,-6919.603,842.348,1576.819,-1.868,-2.772,-6.638,-3.973,LISTENING
45800.0,-7068.24,561.615,906.007,-1.104,-2.848,-6.773,-3.973,SENSING
45800.0,-7068.24,561.615,906.007,-1.104,-2.848,-6.773,-3.973,LISTENING
45900.0,-7139.917,274.778,225.326,-0.329,-2.894,-6.835,-3.973,SENSING
45900.0,-7139.917,274.778,225.326,-0.329,-2.894,-6.835,-3.973,LISTENING
46000.0,-7133.874,-15.049,-457.809,0.45,-2.908,-6.822,-3.973,SENSING
46000.0,-7133.874,-15.049,-457.809,0.45,-2.908,-6.822,-3.973,LISTENING
46100.0,-7050.171,-304.716,-1135.958,1.224,-2.891,-6.735,-3.973,SENSING
46100.0,-7050.171,-304.716,-1135.958,1.224,-2.891,-6.735,-3.973,LISTENING
46200.0,-6889.688,-591.077,-1801.729,1.985,-2.842,-6.575,-3.973,SENSING
46200.0,-6889.688,-591.077,-1801.729,1.985,-2.842,-6.575,-3.973,LISTENING
46228.613,-6829.858,-671.968,-1988.929,2.199,-2.822,-6.516,-3.973,SENSING
46228.613,-6829.858,-671.968,-1988.929,2.199,-2.822,-6.516,-3.973,LISTENING
46230.0,-6826.803,-675.873,-1997.956,2.21,-2.821,-6.513,-3.973,SENSING
46230.0,-6826.803,-675.873,-1997.956,2.21,-2.821,-6.513,-3.973,LISTENING
46257.062,-6764.324,-751.799,-2173.288,2.411,-2.8,-6.451,-3.973,SENSING
46257.062,-6764.324,-751.799,-2173.288,2.411,-2.8,-6.451,-3.973,LISTENING
46260.0,-6757.215,-760.007,-2192.221,2.432,-2.798,-6.444,-3.973,SENSING
46260.0,-6757.215,-760.007,-2192.221,2.432,-2.798,-6.444,-3.973,LISTENING
46300.0,-6654.119,-871.014,-2447.856,2.725,-2.762,-6.343,-3.973,SENSING
46300.0,-6654.119,-871.014,-2447.856,2.725,-2.762,-6.343,-3.973,LISTENING
46400.0,-6345.956,-1141.474,-3067.265,3.437,-2.652,-6.041,-3.973,SENSING
46400.0,-6345.956,-1141.474,-3067.265,3.437,-2.652,-6.041,-3.973,LISTENING
46500.0,-5968.468,-1399.496,-3653.151,4.112,-2.513,-5.672,-3.973,SENSING
46500.0,-5968.468,-1399.496,-3653.151,4.112,-2.513,-5.672,-3.973,LISTENING
46600.0,-5525.673,-1642.242,-4199.044,4.743,-2.346,-5.241,-3.973,SENSING
46600.0,-5525.673,-1642.242,-4199.044,4.743,-2.346,-5.241,-3.973,LISTENING
46700.0,-5022.302,-1867.027,-4698.883,5.323,-2.153,-4.751,-3.973,SENSING
46700.0,-5022.302,-1867.027,-4698.883,5.323,-2.153,-4.751,-3.973,LISTENING
46800.0,-4463.755,-2071.349,-5147.072,5.846,-1.936,-4.208,-3.973,SENSING
46800.0,-4463.755,-2071.349,-5147.072,5.846,-1.936,-4.208,-3.973,LISTENING
46900.0,-3856.052,-2252.912,-5538.552,6.306,-1.698,-3.618,-3.973,SENSING
46900.0,-3856.052,-2252.912,-5538.552,6.306,-1.698,-3.618,-3.973,LISTENING
47000.0,-3205.776,-2409.657,-5868.85,6.697,-1.44,-2.985,-3.973,SENSING
47000.0,-3205.776,-2409.657,-5868.85,6.697,-1.44,-2.985,-3.973,LISTENING
47100.0,-2520.009,-2539.783,-6134.139,7.015,-1.165,-2.318,-3.973,SENSING
47100.0,-2520.009,-2539.783,-6134.139,7.015,-1.165,-2.318,-3.973,LISTENING
47200.0,-1806.264,-2641.771,-6331.283,7.257,-0.876,-1.623,-3.973,SENSING
47200.0,-1806.264,-2641.771,-6331.283,7.257,-0.876,-1.623,-3.973,LISTENING
47300.0,-1072.405,-2714.4,-6457.877,7.418,-0.577,-0.908,-3.973,SENSING
47300.0,-1072.405,-2714.4,-6457.877,7.418,-0.577,-0.908,-3.973,LISTENING
47338.681,-784.874,-2734.417,-6487.548,7.458,-0.459,-0.627,-3.973,SENSING
47338.681,-784.874,-2734.417,-6487.548,7.458,-0.459,-0.627,-3.973,MANEUVERING
47338.681,-784.874,-2734.417,-6487.548,7.458,-0.459,-0.627,-3.973,LISTENING
47340.0,-775.045,-2735.019,-6488.368,7.459,-0.455,-0.618,-5.292,MANEUVERING
47340.0,-775.045,-2735.019,-6488.368,7.459,-0.455,-0.618,-5.292,SENSING
47340.0,-775.045,-2735.019,-6488.368,7.459,-0.455,-0.618,-5.292,MEASURING
47340.0,-775.045,-2735.019,-6488.368,7.459,-0.455,-0.618,-5.292,SENSING
47340.0,-775.045,-2735.019,-6488.368,7.459,-0.455,-0.618,-5.292,LISTENING
47388.575,-412.124,-2753.481,-6509.757,7.491,-0.306,-0.263,-5.292,SENSING
47388.575,-412.124,-2753.481,-6509.757,7.491,-0.306,-0.263,-5.292,MANEUVERING
47388.575,-412.124,-2753.481,-6509.757,7.491,-0.306,-0.263,-5.292,LISTENING
47390.0,-401.456,-2753.913,-6510.125,7.492,-0.301,-0.253,-3.867,MANEUVERING
47390.0,-401.456,-2753.913,-6510.125,7.492,-0.301,-0.253,-3.867,SENSING
47390.0,-401.456,-2753.913,-6510.125,7.492,-0.301,-0.253,-3.867,MEASURING
47390.0,-401.456,-2753.913,-6510.125,7.492,-0.301,-0.253,-3.867,SENSING
47390.0,-401.456,-2753.913,-6510.125,7.492,-0.301,-0.253,-3.867,LISTENING
47400.0,-326.57,-2756.77,-6512.288,7.496,-0.271,-0.18,-3.867,SENSING
47400.0,-326.57,-2756.77,-6512.288,7.496,-0.271,-0.18,-3.867,LISTENING
47500.0,422.92,-2768.31,-6493.677,7.491,0.04,0.552,-3.867,SENSING
47500.0,422.92,-2768.31,-6493.677,7.491,0.04,0.552,-3.867,LISTENING
47600.0,1167.648,-2748.792,-6402.022,7.401,0.351,1.28,-3.867,SENSING
47600.0,1167.648,-2748.792,-6402.022,7.401,0.351,1.28,-3.867,LISTENING
47700.0,1899.201,-2698.338,-6238.128,7.227,0.659,1.996,-3.867,SENSING
47700.0,1899.201,-2698.338,-6238.128,7.227,0.659,1.996,-3.867,LISTENING
47800.0,2609.26,-2617.42,-6003.625,6.971,0.961,2.692,-3.867,SENSING
47800.0,2609.26,-2617.42,-6003.625,6.971,0.961,2.692,-3.867,LISTENING
47819.329,2743.336,-2598.33,-5950.349,6.912,1.018,2.823,-3.867,SENSING
47819.329,2743.336,-2598.33,-5950.349,6.912,1.018,2.823,-3.867,LISTENING
47820.0,2747.974,-2597.647,-5948.453,6.91,1.02,2.828,-3.867,SENSING
47820.0,2747.974,-2597.647,-5948.453,6.91,1.02,2.828,-3.867,LISTENING
47858.834,3013.688,-2555.897,-5833.621,6.783,1.134,3.088,-3.867,SENSING
47858.834,3013.688,-2555.897,-5833.621,6.783,1.134,3.088,-3.867,LISTENING
47860.0,3021.589,-2554.576,-5830.018,6.779,1.137,3.096,-3.867,SENSING
47860.0,3021.589,-2554.576,-5830.018,6.779,1.137,3.096,-3.867,LISTENING
47900.0,3289.703,-2506.864,-5700.965,6.635,1.253,3.359,-3.867,SENSING
47900.0,3289.703,-2506.864,-5700.965,6.635,1.253,3.359,-3.867,LISTENING
47909.632,3353.386,-2494.691,-5668.329,6.598,1.28,3.421,-3.867,SENSING
47909.632,3353.386,-2494.691,-5668.329,6.598,1.28,3.421,-3.867,LISTENING
47910.0,3355.814,-2494.22,-5667.069,6.597,1.281,3.424,-3.867,SENSING
47910.0,3355.814,-2494.22,-5667.069,6.597,1.281,3.424,-3.867,LISTENING
47968.632,3735.495,-2414.428,-5455.456,6.36,1.445,3.796,-3.867,SENSING
47968.632,3735.495,-2414.428,-5455.456,6.36,1.445,3.796,-3.867,LISTENING
47970.0,3744.185,-2412.452,-5450.259,6.354,1.449,3.805,-3.867,SENSING
47970.0,3744.185,-2412.452,-5450.259,6.354,1.449,3.805,-3.867,LISTENING
48000.0,3932.702,-2367.838,-5333.399,6.222,1.531,3.989,-3.867,SENSING
48000.0,3932.702,-2367.838,-5333.399,6.222,1.531,3.989,-3.867,LISTENING
48100.0,4530.817,-2201.849,-4904.946,5.737,1.792,4.576,-3.867,SENSING
48100.0,4530.817,-2201.849,-4904.946,5.737,1.792,4.576,-3.867,LISTENING
48158.639,4857.857,-2092.694,-4627.263,5.421,1.937,4.897,-3.867,SENSING
48158.639,4857.857,-2092.694,-4627.263,5.421,1.937,4.897,-3.867,LISTENING
48160.0,4865.226,-2090.06,-4620.597,5.414,1.94,4.904,-3.867,SENSING
48160.0,4865.226,-2090.06,-4620.597,5.414,1.94,4.904,-3.867,LISTENING
48169.073,4914.079,-2072.395,-4575.909,5.363,1.961,4.952,-3.867,SENSING
48169.073,4914.079,-2072.395,-4575.909,5.363,1.961,4.952,-3.867,LISTENING
48170.0,4919.045,-2070.58,-4571.318,5.358,1.964,4.957,-3.867,SENSING
48170.0,4919.045,-2070.58,-4571.318,5.358,1.964,4.957,-3.867,LISTENING
48200.0,5077.093,-2010.723,-4420.358,5.186,2.034,5.112,-3.867,SENSING
48200.0,5077.093,-2010.723,-4420.358,5.186,2.034,5.112,-3.867,LISTENING
48300.0,5565.149,-1796.589,-3885.065,4.573,2.253,5.59,-3.867,SENSING
48300.0,5565.149,-1796.589,-3885.065,4.573,2.253,5.59,-3.867,LISTENING
48400.0,5989.258,-1561.854,-3305.116,3.907,2.446,6.004,-3.867,SENSING
48400.0,5989.258,-1561.854,-3305.116,3.907,2.446,6.004,-3.867,LISTENING
48500.0,6344.426,-1309.178,-2687.11,3.195,2.612,6.35,-3.867,SENSING
48500.0,6344.426,-1309.178,-2687.11,3.195,2.612,6.35,-3.867,LISTENING
48559.077,6520.117,-1152.635,-2306.983,2.756,2.696,6.521,-3.867,SENSING
48559.077,6520.117,-1152.635,-2306.983,2.756,2.696,6.521,-3.867,LISTENING
48560.0,6522.656,-1150.15,-2300.964,2.749,2.697,6.523,-3.867,SENSING
48560.0,6522.656,-1150.15,-2300.964,2.749,2.697,6.523,-3.867,LISTENING
48569.93,6549.558,-1123.353,-2236.091,2.674,2.71,6.549,-3.867,SENSING
48569.93,6549.558,-1123.353,-2236.091,2.674,2.71,6.549,-3.867,LISTENING
48570.0,6549.745,-1123.164,-2235.632,2.673,2.71,6.55,-3.867,SENSING
48570.0,6549.745,-1123.164,-2235.632,2.673,2.71,6.55,-3.867,LISTENING
48600.0,6626.46,-1041.44,-2038.119,2.445,2.748,6.624,-3.867,SENSING
48600.0,6626.46,-1041.44,-2038.119,2.445,2.748,6.624,-3.867,LISTENING
48700.0,6832.019,-761.705,-1365.598,1.666,2.852,6.821,-3.867,SENSING
48700.0,6832.019,-761.705,-1365.598,1.666,2.852,6.821,-3.867,LISTENING
48778.553,6938.244,-535.64,-825.849,1.039,2.911,6.92,-3.867,SENSING
48778.553,6938.244,-535.64,-825.849,1.039,2.911,6.92,-3.867,LISTENING
48780.0,6939.738,-531.436,-815.842,1.028,2.912,6.922,-3.867,SENSING
48780.0,6939.738,-531.436,-815.842,1.028,2.912,6.922,-3.867,LISTENING
48799.746,6958.449,-473.929,-679.061,0.869,2.923,6.939,-3.867,SENSING
48799.746,6958.449,-473.929,-679.061,0.869,2.923,6.939,-3.867,LISTENING
48800.0,6958.669,-473.188,-677.3,0.867,2.923,6.939,-3.867,SENSING
48800.0,6958.669,-473.188,-677.3,0.867,2.923,6.939,-3.867,LISTENING
48900.0,7004.907,-179.211,18.828,0.058,2.961,6.977,-3.867,SENSING
48900.0,7004.907,-179.211,18.828,0.058,2.961,6.977,-3.867,LISTENING
49000.0,6970.188,116.838,714.739,-0.752,2.965,6.935,-3.867,SENSING
49000.0,6970.188,116.838,714.739,-0.752,2.965,6.935,-3.867,LISTENING
49100.0,6854.931,411.545,1402.387,-1.552,2.934,6.812,-3.867,SENSING
49100.0,6854.931,411.545,1402.387,-1.552,2.934,6.812,-3.867,LISTENING
49148.227,6770.929,552.189,1728.715,-1.933,2.907,6.725,-3.867,SENSING
49148.227,6770.929,552.189,1728.715,-1.933,2.907,6.725,-3.867,LISTENING
49150.0,6767.493,557.332,1740.626,-1.946,2.906,6.721,-3.867,SENSING
49150.0,6767.493,557.332,1740.626,-1.946,2.906,6.721,-3.867,LISTENING
49167.663,6731.918,608.471,1858.96,-2.084,2.894,6.684,-3.867,SENSING
49167.663,6731.918,608.471,1858.96,-2.084,2.894,6.684,-3.867,LISTENING
49170.0,6727.029,615.221,1874.567,-2.103,2.893,6.679,-3.867,SENSING
49170.0,6727.029,615.221,1874.567,-2.103,2.893,6.679,-3.867,LISTENING
49200.0,6660.511,701.515,2073.835,-2.335,2.87,6.611,-3.867,SENSING
49200.0,6660.511,701.515,2073.835,-2.335,2.87,6.611,-3.867,LISTENING
49300.0,6389.241,983.413,2721.347,-3.089,2.773,6.334,-3.867,SENSING
49300.0,6389.241,983.413,2721.347,-3.089,2.773,6.334,-3.867,LISTENING
49349.016,6229.151,1117.656,3027.723,-3.446,2.713,6.171,-3.867,SENSING
49349.016,6229.151,1117.656,3027.723,-3.446,2.713,6.171,-3.867,LISTENING
49350.0,6225.759,1120.32,3033.789,-3.453,2.712,6.167,-3.867,SENSING
49350.0,6225.759,1120.32,3033.789,-3.453,2.712,6.167,-3.867,LISTENING
49378.875,6123.147,1197.942,3210.295,-3.659,2.673,6.063,-3.867,SENSING
49378.875,6123.147,1197.942,3210.295,-3.659,2.673,6.063,-3.867,MANEUVERING
49378.875,6123.147,1197.942,3210.295,-3.659,2.673,6.063,-3.867,LISTENING
49379.451,6121.038,1199.479,3213.787,-3.663,2.673,6.061,-4.443,MANEUVERING
49379.451,6121.038,1199.479,3213.787,-3.663,2.673,6.061,-4.443,SENSING
49379.451,6121.038,1199.479,3213.787,-3.663,2.673,6.061,-4.443,MANEUVERING
49379.451,6121.038,1199.479,3213.787,-3.663,2.673,6.061,-4.443,LISTENING
49380.0,6119.028,1200.944,3217.113,-3.667,2.672,6.059,-4.992,MANEUVERING
49380.0,6119.028,1200.944,3217.113,-3.667,2.672,6.059,-4.992,SENSING
49380.0,6119.028,1200.944,3217.113,-3.667,2.672,6.059,-4.992,MEASURING
49380.0,6119.028,1200.944,3217.113,-3.667,2.672,6.059,-4.992,SENSING
49380.0,6119.028,1200.944,3217.113,-3.667,2.672,6.059,-4.992,LISTENING
49389.221,6084.942,1225.479,3272.799,-3.732,2.659,6.025,-4.992,SENSING
49389.221,6084.942,1225.479,3272.799,-3.732,2.659,6.025,-4.992,MANEUVERING
49389.221,6084.942,1225.479,3272.799,-3.732,2.659,6.025,-4.992,LISTENING
49390.0,6082.035,1227.547,3277.489,-3.737,2.658,6.022,-5.771,MANEUVERING
49390.0,6082.035,1227.547,3277.489,-3.737,2.658,6.022,-5.771,SENSING
49390.0,6082.035,1227.547,3277.489,-3.737,2.658,6.022,-5.771,MEASURING
49390.0,6082.035,1227.547,3277.489,-3.737,2.658,6.022,-5.771,SENSING
49390.0,6082.035,1227.547,3277.489,-3.737,2.658,6.022,-5.771,LISTENING
49400.0,6044.341,1254.008,3337.487,-3.807,2.644,5.984,-5.771,SENSING
49400.0,6044.341,1254.008,3337.487,-3.807,2.644,5.984,-5.771,LISTENING
49500.0,5629.892,1510.21,3915.21,-4.48,2.485,5.566,-5.771,SENSING
49500.0,5629.892,1510.21,3915.21,-4.48,2.485,5.566,-5.771,LISTENING
49559.114,5354.139,1653.703,4235.968,-4.853,2.377,5.288,-5.771,SENSING
49559.114,5354.139,1653.703,4235.968,-4.853,2.377,5.288,-5.771,LISTENING
49560.0,5349.84,1655.804,4240.649,-4.859,2.375,5.284,-5.771,SENSING
49560.0,5349.84,1655.804,4240.649,-4.859,2.375,5.284,-5.771,LISTENING
49589.717,5202.872,1725.423,4395.422,-5.039,2.318,5.137,-5.771,SENSING
49589.717,5202.872,1725.423,4395.422,-5.039,2.318,5.137,-5.771,LISTENING
49590.0,5201.446,1726.077,4396.875,-5.04,2.317,5.135,-5.771,SENSING
49590.0,5201.446,1726.077,4396.875,-5.04,2.317,5.135,-5.771,LISTENING
49600.0,5150.78,1749.11,4447.949,-5.1,2.297,5.085,-5.771,SENSING
49600.0,5150.78,1749.11,4447.949,-5.1,2.297,5.085,-5.771,LISTENING
49700.0,4612.631,1968.01,4929.689,-5.66,2.084,4.546,-5.771,SENSING
49700.0,4612.631,1968.01,4929.689,-5.66,2.084,4.546,-5.771,LISTENING
49728.608,4448.681,2026.605,5057.353,-5.809,2.019,4.383,-5.771,SENSING
49728.608,4448.681,2026.605,5057.353,-5.809,2.019,4.383,-5.771,LISTENING
49730.0,4440.599,2029.407,5063.442,-5.816,2.016,4.375,-5.771,SENSING
49730.0,4440.599,2029.407,5063.442,-5.816,2.016,4.375,-5.771,LISTENING
49788.859,4089.969,2143.756,5310.594,-6.103,1.875,4.025,-5.771,SENSING
49788.859,4089.969,2143.756,5310.594,-6.103,1.875,4.025,-5.771,LISTENING
49789.973,4083.175,2145.839,5315.07,-6.108,1.873,4.018,-5.771,SENSING
49789.973,4083.175,2145.839,5315.07,-6.108,1.873,4.018,-5.771,LISTENING
49790.0,4083.008,2145.89,5315.18,-6.108,1.872,4.018,-5.771,SENSING
49790.0,4083.008,2145.89,5315.18,-6.108,1.872,4.018,-5.771,LISTENING
49800.0,4021.737,2164.461,5355.038,-6.155,1.848,3.957,-5.771,SENSING
49800.0,4021.737,2164.461,5355.038,-6.155,1.848,3.957,-5.771,LISTENING
49900.0,3384.97,2336.282,5719.286,-6.577,1.591,3.325,-5.771,SENSING
49900.0,3384.97,2336.282,5719.286,-6.577,1.591,3.325,-5.771,LISTENING
49959.8,2985.298,2426.471,5906.236,-6.794,1.429,2.929,-5.771,SENSING
49959.8,2985.298,2426.471,5906.236,-6.794,1.429,2.929,-5.771,LISTENING
49960.0,2983.94,2426.756,5906.821,-6.795,1.429,2.928,-5.771,SENSING
49960.0,2983.94,2426.756,5906.821,-6.795,1.429,2.928,-5.771,LISTENING
49979.582,2850.332,2454.157,5962.827,-6.86,1.374,2.795,-5.771,SENSING
49979.582,2850.332,2454.157,5962.827,-6.86,1.374,2.795,-5.771,LISTENING
49980.0,2847.467,2454.73,5963.994,-6.861,1.373,2.793,-5.771,SENSING
49980.0,2847.467,2454.73,5963.994,-6.861,1.373,2.793,-5.771,LISTENING
50000.0,2709.7,2481.591,6018.457,-6.925,1.317,2.656,-5.771,SENSING
50000.0,2709.7,2481.591,6018.457,-6.925,1.317,2.656,-5.771,LISTENING
50019.349,2575.245,2506.508,6068.546,-6.983,1.262,2.523,-5.771,SENSING
50019.349,2575.245,2506.508,6068.546,-6.983,1.262,2.523,-5.771,LISTENING
50020.0,2570.704,2507.327,6070.186,-6.984,1.261,2.519,-5.771,SENSING
50020.0,2570.704,2507.327,6070.186,-6.984,1.261,2.519,-5.771,LISTENING
50039.377,2434.924,2531.18,6117.675,-7.04,1.205,2.385,-5.771,SENSING
50039.377,2434.924,2531.18,6117.675,-7.04,1.205,2.385,-5.771,LISTENING
50040.0,2430.541,2531.929,6119.158,-7.041,1.203,2.381,-5.771,SENSING
50040.0,2430.541,2531.929,6119.158,-7.041,1.203,2.381,-5.771,LISTENING
50100.0,2003.697,2598.82,6249.343,-7.192,1.029,1.96,-5.771,SENSING
50100.0,2003.697,2598.82,6249.343,-7.192,1.029,1.96,-5.771,LISTENING
50200.0,1275.035,2686.73,6409.538,-7.378,0.73,1.243,-5.771,SENSING
50200.0,1275.035,2686.73,6409.538,-7.378,0.73,1.243,-5.771,LISTENING
50208.475,1212.503,2692.801,6419.808,-7.39,0.705,1.182,-5.771,SENSING
50208.475,1212.503,2692.801,6419.808,-7.39,0.705,1.182,-5.771,MANEUVERING
50208.475,1212.503,2692.801,6419.808,-7.39,0.705,1.182,-5.771,LISTENING
50210.0,1201.24,2693.871,6421.601,-7.392,0.7,1.171,-4.246,MANEUVERING
50210.0,1201.24,2693.871,6421.601,-7.392,0.7,1.171,-4.246,SENSING
50210.0,1201.24,2693.871,6421.601,-7.392,0.7,1.171,-4.246,MEASURING
50210.0,1201.24,2693.871,6421.601,-7.392,0.7,1.171,-4.246,SENSING
50210.0,1201.24,2693.871,6421.601,-7.392,0.7,1.171,-4.246,LISTENING
50229.383,1057.822,2706.848,6442.92,-7.416,0.641,1.03,-4.246,SENSING
50229.383,1057.822,2706.848,6442.92,-7.416,0.641,1.03,-4.246,LISTENING
50230.0,1053.252,2707.242,6443.553,-7.417,0.639,1.025,-4.246,SENSING
50230.0,1053.252,2707.242,6443.553,-7.417,0.639,1.025,-4.246,LISTENING
50279.687,683.688,2735.181,6485.495,-7.466,0.487,0.663,-4.246,SENSING
50279.687,683.688,2735.181,6485.495,-7.466,0.487,0.663,-4.246,MANEUVERING
50279.687,683.688,2735.181,6485.495,-7.466,0.487,0.663,-4.246,LISTENING
50280.0,681.353,2735.333,6485.702,-7.466,0.486,0.661,-3.933,MANEUVERING
50280.0,681.353,2735.333,6485.702,-7.466,0.486,0.661,-3.933,SENSING
50280.0,681.353,2735.333,6485.702,-7.466,0.486,0.661,-3.933,MEASURING
50280.0,681.353,2735.333,6485.702,-7.466,0.486,0.661,-3.933,SENSING
50280.0,681.353,2735.333,6485.702,-7.466,0.486,0.661,-3.933,LISTENING
50298.534,542.955,2743.799,6496.693,-7.479,0.429,0.526,-3.933,SENSING
50298.534,542.955,2743.799,6496.693,-7.479,0.429,0.526,-3.933,LISTENING
50300.0,531.998,2744.423,6497.455,-7.48,0.424,0.515,-3.933,SENSING
50300.0,531.998,2744.423,6497.455,-7.48,0.424,0.515,-3.933,LISTENING
50309.117,463.833,2748.158,6501.842,-7.485,0.396,0.448,-3.933,SENSING
50309.117,463.833,2748.158,6501.842,-7.485,0.396,0.448,-3.933,MANEUVERING
50309.117,463.833,2748.158,6501.842,-7.485,0.396,0.448,-3.933,LISTENING
50310.0,457.226,2748.506,6502.235,-7.485,0.393,0.442,-3.05,MANEUVERING
50310.0,457.226,2748.506,6502.235,-7.485,0.393,0.442,-3.05,SENSING
50310.0,457.226,2748.506,6502.235,-7.485,0.393,0.442,-3.05,MEASURING
50310.0,457.226,2748.506,6502.235,-7.485,0.393,0.442,-3.05,SENSING
50310.0,457.226,2748.506,6502.235,-7.485,0.393,0.442,-3.05,LISTENING
50367.926,23.359,2766.083,6515.529,-7.501,0.214,0.018,-3.05,SENSING
50367.926,23.359,2766.083,6515.529,-7.501,0.214,0.018,-3.05,MANEUVERING
50367.926,23.359,2766.083,6515.529,-7.501,0.214,0.018,-3.05,LISTENING
50370.0,7.813,2766.52,6515.55,-7.501,0.208,0.002,-5.124,MANEUVERING
50370.0,7.813,2766.52,6515.55,-7.501,0.208,0.002,-5.124,SENSING
50370.0,7.813,2766.52,6515.55,-7.501,0.208,0.002,-5.124,MEASURING
50370.0,7.813,2766.52,6515.55,-7.501,0.208,0.002,-5.124,SENSING
50370.0,7.813,2766.52,6515.55,-7.501,0.208,0.002,-5.124,LISTENING
50400.0,-217.019,2771.347,6512.332,-7.497,0.114,-0.217,-5.124,SENSING
50400.0,-217.019,2771.347,6512.332,-7.497,0.114,-0.217,-5.124,LISTENING
50428.6,-431.154,2773.352,6503.144,-7.487,0.026,-0.426,-5.124,SENSING
50428.6,-431.154,2773.352,6503.144,-7.487,0.026,-0.426,-5.124,LISTENING
50430.0,-441.631,2773.385,6502.541,-7.486,0.021,-0.436,-5.124,SENSING
50430.0,-441.631,2773.385,6502.541,-7.486,0.021,-0.436,-5.124,LISTENING
50479.024,-807.617,2770.713,6472.438,-7.452,-0.131,-0.792,-5.124,SENSING
50479.024,-807.617,2770.713,6472.438,-7.452,-0.131,-0.792,-5.124,LISTENING
50480.0,-814.884,2770.584,6471.662,-7.451,-0.134,-0.799,-5.124,SENSING
50480.0,-814.884,2770.584,6471.662,-7.451,-0.134,-0.799,-5.124,LISTENING
50500.0,-963.606,2767.299,6454.235,-7.431,-0.196,-0.944,-5.124,SENSING
50500.0,-963.606,2767.299,6454.235,-7.431,-0.196,-0.944,-5.124,LISTENING
50600.0,-1699.436,2732.419,6324.04,-7.282,-0.503,-1.658,-5.124,SENSING
50600.0,-1699.436,2732.419,6324.04,-7.282,-0.503,-1.658,-5.124,LISTENING
50700.0,-2416.351,2667.191,6123.422,-7.053,-0.803,-2.352,-5.124,SENSING
50700.0,-2416.351,2667.191,6123.422,-7.053,-0.803,-2.352,-5.124,LISTENING
50709.746,-2484.909,2659.239,6100.189,-7.027,-0.832,-2.418,-5.124,SENSING
50709.746,-2484.909,2659.239,6100.189,-7.027,-0.832,-2.418,-5.124,MANEUVERING
50709.746,-2484.909,2659.239,6100.189,-7.027,-0.832,-2.418,-5.124,LISTENING
50710.0,-2486.695,2659.027,6099.574,-7.026,-0.833,-2.42,-4.869,MANEUVERING
50710.0,-2486.695,2659.027,6099.574,-7.026,-0.833,-2.42,-4.869,SENSING
50710.0,-2486.695,2659.027,6099.574,-7.026,-0.833,-2.42,-4.869,MEASURING
50710.0,-2486.695,2659.027,6099.574,-7.026,-0.833,-2.42,-4.869,SENSING
50710.0,-2486.695,2659.027,6099.574,-7.026,-0.833,-2.42,-4.869,LISTENING
50788.65,-3029.716,2584.636,5888.63,-6.785,-1.062,-2.944,-4.869,SENSING
50788.65,-3029.716,2584.636,5888.63,-6.785,-1.062,-2.944,-4.869,MANEUVERING
50788.65,-3029.716,2584.636,5888.63,-6.785,-1.062,-2.944,-4.869,LISTENING
50790.0,-3038.866,2583.203,5884.652,-6.78,-1.066,-2.952,-6.219,MANEUVERING
50790.0,-3038.866,2583.203,5884.652,-6.78,-1.066,-2.952,-6.219,SENSING
50790.0,-3038.866,2583.203,5884.652,-6.78,-1.066,-2.952,-6.219,MEASURING
50790.0,-3038.866,2583.203,5884.652,-6.78,-1.066,-2.952,-6.219,SENSING
50790.0,-3038.866,2583.203,5884.652,-6.78,-1.066,-2.952,-6.219,LISTENING
50800.0,-3106.451,2572.427,5854.817,-6.746,-1.094,-3.018,-6.219,SENSING
50800.0,-3106.451,2572.427,5854.817,-6.746,-1.094,-3.018,-6.219,LISTENING
50900.0,-3762.176,2449.259,5521.396,-6.366,-1.372,-3.648,-6.219,SENSING
50900.0,-3762.176,2449.259,5521.396,-6.366,-1.372,-3.648,-6.219,LISTENING
51000.0,-4376.385,2299.119,5127.017,-5.916,-1.634,-4.236,-6.219,SENSING
51000.0,-4376.385,2299.119,5127.017,-5.916,-1.634,-4.236,-6.219,LISTENING
51100.0,-4942.421,2123.725,4676.177,-5.403,-1.877,-4.777,-6.219,SENSING
51100.0,-4942.421,2123.725,4676.177,-5.403,-1.877,-4.777,-6.219,LISTENING
51200.0,-5454.181,1925.057,4173.961,-4.831,-2.1,-5.263,-6.219,SENSING
51200.0,-5454.181,1925.057,4173.961,-4.831,-2.1,-5.263,-6.219,LISTENING
51228.433,-5589.0,1864.623,4022.553,-4.659,-2.159,-5.391,-6.219,SENSING
51228.433,-5589.0,1864.623,4022.553,-4.659,-2.159,-5.391,-6.219,LISTENING
51230.0,-5596.287,1861.245,4014.105,-4.649,-2.162,-5.398,-6.219,SENSING
51230.0,-5596.287,1861.245,4014.105,-4.649,-2.162,-5.398,-6.219,LISTENING
51266.813,-5763.107,1780.443,3812.549,-4.42,-2.236,-5.556,-6.219,SENSING
51266.813,-5763.107,1780.443,3812.549,-4.42,-2.236,-5.556,-6.219,LISTENING
51270.0,-5777.15,1773.322,3794.829,-4.4,-2.242,-5.57,-6.219,SENSING
51270.0,-5777.15,1773.322,3794.829,-4.4,-2.242,-5.57,-6.219,LISTENING
51300.0,-5906.17,1705.337,3625.984,-4.207,-2.299,-5.692,-6.219,SENSING
51300.0,-5906.17,1705.337,3625.984,-4.207,-2.299,-5.692,-6.219,LISTENING
51400.0,-6293.555,1467.0,3038.327,-3.539,-2.473,-6.057,-6.219,SENSING
51400.0,-6293.555,1467.0,3038.327,-3.539,-2.473,-6.057,-6.219,LISTENING
51500.0,-6612.207,1212.674,2417.472,-2.833,-2.619,-6.355,-6.219,SENSING
51500.0,-6612.207,1212.674,2417.472,-2.833,-2.619,-6.355,-6.219,LISTENING
51600.0,-6858.738,945.146,1770.238,-2.097,-2.737,-6.584,-6.219,SENSING
51600.0,-6858.738,945.146,1770.238,-2.097,-2.737,-6.584,-6.219,LISTENING
51700.0,-7030.531,667.337,1103.705,-1.339,-2.825,-6.741,-6.219,SENSING
51700.0,-7030.531,667.337,1103.705,-1.339,-2.825,-6.741,-6.219,LISTENING
51778.645,-7111.921,443.603,570.694,-0.732,-2.872,-6.813,-6.219,SENSING
51778.645,-7111.921,443.603,570.694,-0.732,-2.872,-6.813,-6.219,LISTENING
51780.0,-7112.904,439.718,561.467,-0.721,-2.873,-6.814,-6.219,SENSING
51780.0,-7112.904,439.718,561.467,-0.721,-2.873,-6.814,-6.219,LISTENING
51798.462,-7124.888,386.696,435.638,-0.578,-2.881,-6.824,-6.219,SENSING
51798.462,-7124.888,386.696,435.638,-0.578,-2.881,-6.824,-6.219,LISTENING
51800.0,-7125.767,382.272,425.148,-0.566,-2.882,-6.825,-6.219,SENSING
51800.0,-7125.767,382.272,425.148,-0.566,-2.882,-6.825,-6.219,LISTENING
51819.986,-7135.518,324.701,288.738,-0.411,-2.89,-6.832,-6.219,SENSING
51819.986,-7135.518,324.701,288.738,-0.411,-2.89,-6.832,-6.219,LISTENING
51820.0,-7135.523,324.66,288.643,-0.411,-2.89,-6.832,-6.219,SENSING
51820.0,-7135.523,324.66,288.643,-0.411,-2.89,-6.832,-6.219,LISTENING
51849.934,-7144.315,238.176,84.119,-0.177,-2.899,-6.839,-6.219,SENSING
51849.934,-7144.315,238.176,84.119,-0.177,-2.899,-6.839,-6.219,LISTENING
51850.0,-7144.327,237.985,83.668,-0.177,-2.899,-6.839,-6.219,SENSING
51850.0,-7144.327,237.985,83.668,-0.177,-2.899,-6.839,-6.219,LISTENING
51900.0,-7143.433,93.051,-258.039,0.213,-2.908,-6.834,-6.219,SENSING
51900.0,-7143.433,93.051,-258.039,0.213,-2.908,-6.834,-6.219,LISTENING
51928.789,-7134.091,9.461,-454.527,0.437,-2.91,-6.823,-6.219,SENSING
51928.789,-7134.091,9.461,-454.527,0.437,-2.91,-6.823,-6.219,LISTENING
51930.0,-7133.557,5.943,-462.786,0.446,-2.91,-6.822,-6.219,SENSING
51930.0,-7133.557,5.943,-462.786,0.446,-2.91,-6.822,-6.219,LISTENING
51969.232,-7110.089,-107.967,-729.823,0.751,-2.907,-6.796,-6.219,SENSING
51969.232,-7110.089,-107.967,-729.823,0.751,-2.907,-6.796,-6.219,MANEUVERING
51969.232,-7110.089,-107.967,-729.823,0.751,-2.907,-6.796,-6.219,LISTENING
51970.0,-7109.51,-110.196,-735.04,0.757,-2.907,-6.796,-6.987,MANEUVERING
51970.0,-7109.51,-110.196,-735.04,0.757,-2.907,-6.796,-6.987,SENSING
51970.0,-7109.51,-110.196,-735.04,0.757,-2.907,-6.796,-6.987,MEASURING
51970.0,-7109.51,-110.196,-735.04,0.757,-2.907,-6.796,-6.987,SENSING
51970.0,-7109.51,-110.196,-735.04,0.757,-2.907,-6.796,-6.987,LISTENING
51979.363,-7102.09,-137.361,-798.601,0.829,-2.906,-6.788,-6.987,SENSING
51979.363,-7102.09,-137.361,-798.601,0.829,-2.906,-6.788,-6.987,LISTENING
51980.0,-7101.56,-139.209,-802.922,0.834,-2.906,-6.787,-6.987,SENSING
51980.0,-7101.56,-139.209,-802.922,0.834,-2.906,-6.787,-6.987,LISTENING
51998.898,-7084.423,-193.993,-930.96,0.98,-2.903,-6.77,-6.987,SENSING
51998.898,-7084.423,-193.993,-930.96,0.98,-2.903,-6.77,-6.987,MANEUVERING
51998.898,-7084.423,-193.993,-930.96,0.98,-2.903,-6.77,-6.987,LISTENING
52000.0,-7083.339,-197.186,-938.416,0.989,-2.902,-6.768,-5.885,MANEUVERING
52000.0,-7083.339,-197.186,-938.416,0.989,-2.902,-6.768,-5.885,SENSING
52000.0,-7083.339,-197.186,-938.416,0.989,-2.902,-6.768,-5.885,LISTENING
52100.0,-6946.115,-485.285,-1608.57,1.755,-2.865,-6.629,-5.885,SENSING
52100.0,-6946.115,-485.285,-1608.57,1.755,-2.865,-6.629,-5.885,LISTENING
52200.0,-6733.208,-768.114,-2261.189,2.502,-2.797,-6.418,-5.885,SENSING
52200.0,-6733.208,-768.114,-2261.189,2.502,-2.797,-6.418,-5.885,LISTENING
52300.0,-6446.868,-1042.588,-2889.135,3.223,-2.698,-6.136,-5.885,SENSING
52300.0,-6446.868,-1042.588,-2889.135,3.223,-2.698,-6.136,-5.885,LISTENING
52339.565,-6313.948,-1148.212,-3129.24,3.5,-2.65,-6.006,-5.885,SENSING
52339.565,-6313.948,-1148.212,-3129.24,3.5,-2.65,-6.006,-5.885,LISTENING
52340.0,-6312.425,-1149.363,-3131.852,3.503,-2.65,-6.004,-5.885,SENSING
52340.0,-6312.425,-1149.363,-3131.852,3.503,-2.65,-6.004,-5.885,LISTENING
52368.587,-6209.561,-1224.455,-3301.982,3.698,-2.613,-5.904,-5.885,SENSING
52368.587,-6209.561,-1224.455,-3301.982,3.698,-2.613,-5.904,-5.885,LISTENING
52370.0,-6204.332,-1228.138,-3310.316,3.708,-2.611,-5.898,-5.885,SENSING
52370.0,-6204.332,-1228.138,-3310.316,3.708,-2.611,-5.898,-5.885,LISTENING
52400.0,-6090.13,-1305.707,-3485.518,3.91,-2.569,-5.787,-5.885,SENSING
52400.0,-6090.13,-1305.707,-3485.518,3.91,-2.569,-5.787,-5.885,LISTENING
52500.0,-5666.787,-1554.582,-4043.763,4.555,-2.413,-5.374,-5.885,SENSING
52500.0,-5666.787,-1554.582,-4043.763,4.555,-2.413,-5.374,-5.885,LISTENING
52529.469,-5529.969,-1624.8,-4200.08,4.736,-2.361,-5.24,-5.885,SENSING
52529.469,-5529.969,-1624.8,-4200.08,4.736,-2.361,-5.24,-5.885,MANEUVERING
52529.469,-5529.969,-1624.8,-4200.08,4.736,-2.361,-5.24,-5.885,LISTENING
52530.0,-5527.452,-1626.052,-4202.863,4.74,-2.36,-5.238,-6.417,MANEUVERING
52530.0,-5527.452,-1626.052,-4202.863,4.74,-2.36,-5.238,-6.417,SENSING
52530.0,-5527.452,-1626.052,-4202.863,4.74,-2.36,-5.238,-6.417,MEASURING
52530.0,-5527.452,-1626.052,-4202.863,4.74,-2.36,-5.238,-6.417,SENSING
52530.0,-5527.452,-1626.052,-4202.863,4.74,-2.36,-5.238,-6.417,LISTENING
52578.063,-5292.906,-1737.186,-4449.037,5.025,-2.272,-5.009,-6.417,SENSING
52578.063,-5292.906,-1737.186,-4449.037,5.025,-2.272,-5.009,-6.417,MANEUVERING
52578.063,-5292.906,-1737.186,-4449.037,5.025,-2.272,-5.009,-6.417,LISTENING
52580.0,-5283.168,-1741.575,-4458.726,5.037,-2.268,-5.0,-4.48,MANEUVERING
52580.0,-5283.168,-1741.575,-4458.726,5.037,-2.268,-5.0,-4.48,SENSING
52580.0,-5283.168,-1741.575,-4458.726,5.037,-2.268,-5.0,-4.48,MEASURING
52580.0,-5283.168,-1741.575,-4458.726,5.037,-2.268,-5.0,-4.48,SENSING
52580.0,-5283.168,-1741.575,-4458.726,5.037,-2.268,-5.0,-4.48,LISTENING
52600.0,-5181.355,-1786.466,-4557.681,5.152,-2.229,-4.901,-4.48,SENSING
52600.0,-5181.355,-1786.466,-4557.681,5.152,-2.229,-4.901,-4.48,LISTENING
52700.0,-4639.036,-1998.781,-5021.534,5.693,-2.021,-4.373,-4.48,SENSING
52700.0,-4639.036,-1998.781,-5021.534,5.693,-2.021,-4.373,-4.48,LISTENING
52769.28,-4233.007,-2133.139,-5310.762,6.032,-1.863,-3.977,-4.48,SENSING
52769.28,-4233.007,-2133.139,-5310.762,6.032,-1.863,-3.977,-4.48,MANEUVERING
52769.28,-4233.007,-2133.139,-5310.762,6.032,-1.863,-3.977,-4.48,LISTENING
52770.0,-4228.666,-2134.477,-5313.622,6.035,-1.861,-3.973,-5.2,MANEUVERING
52770.0,-4228.666,-2134.477,-5313.622,6.035,-1.861,-3.973,-5.2,SENSING
52770.0,-4228.666,-2134.477,-5313.622,6.035,-1.861,-3.973,-5.2,MEASURING
52770.0,-4228.666,-2134.477,-5313.622,6.035,-1.861,-3.973,-5.2,SENSING
52770.0,-4228.666,-2134.477,-5313.622,6.035,-1.861,-3.973,-5.2,LISTENING
52798.184,-4056.86,-2185.903,-5423.2,6.164,-1.794,-3.806,-5.2,SENSING
52798.184,-4056.86,-2185.903,-5423.2,6.164,-1.794,-3.806,-5.2,MANEUVERING
52798.184,-4056.86,-2185.903,-5423.2,6.164,-1.794,-3.806,-5.2,LISTENING
52800.0,-4045.666,-2189.152,-5430.098,6.172,-1.79,-3.795,-3.384,MANEUVERING
52800.0,-4045.666,-2189.152,-5430.098,6.172,-1.79,-3.795,-3.384,SENSING
52800.0,-4045.666,-2189.152,-5430.098,6.172,-1.79,-3.795,-3.384,LISTENING
52809.705,-3985.597,-2206.376,-5466.628,6.215,-1.766,-3.737,-3.384,SENSING
52809.705,-3985.597,-2206.376,-5466.628,6.215,-1.766,-3.737,-3.384,LISTENING
52810.0,-3983.763,-2206.897,-5467.73,6.217,-1.765,-3.735,-3.384,SENSING
52810.0,-3983.763,-2206.897,-5467.73,6.217,-1.765,-3.735,-3.384,LISTENING
52857.838,-3681.666,-2288.387,-5639.318,6.42,-1.647,-3.441,-3.384,SENSING
52857.838,-3681.666,-2288.387,-5639.318,6.42,-1.647,-3.441,-3.384,LISTENING
52860.0,-3667.787,-2291.935,-5646.739,6.428,-1.641,-3.427,-3.384,SENSING
52860.0,-3667.787,-2291.935,-5646.739,6.428,-1.641,-3.427,-3.384,LISTENING
52900.0,-3407.663,-2355.425,-5778.725,6.585,-1.538,-3.174,-3.384,SENSING
52900.0,-3407.663,-2355.425,-5778.725,6.585,-1.538,-3.174,-3.384,LISTENING
52929.115,-3214.502,-2399.027,-5868.368,6.692,-1.462,-2.986,-3.384,SENSING
52929.115,-3214.502,-2399.027,-5868.368,6.692,-1.462,-2.986,-3.384,LISTENING
52930.0,-3208.583,-2400.317,-5871.006,6.695,-1.459,-2.98,-3.384,SENSING
52930.0,-3208.583,-2400.317,-5871.006,6.695,-1.459,-2.98,-3.384,LISTENING
52938.763,-3149.819,-2412.981,-5896.86,6.726,-1.436,-2.923,-3.384,SENSING
52938.763,-3149.819,-2412.981,-5896.86,6.726,-1.436,-2.923,-3.384,LISTENING
52939.005,-3148.195,-2413.327,-5897.566,6.727,-1.435,-2.922,-3.384,SENSING
52939.005,-3148.195,-2413.327,-5897.566,6.727,-1.435,-2.922,-3.384,LISTENING
52940.0,-3141.502,-2414.752,-5900.469,6.73,-1.433,-2.915,-3.384,SENSING
52940.0,-3141.502,-2414.752,-5900.469,6.73,-1.433,-2.915,-3.384,LISTENING
52979.373,-2874.071,-2468.978,-6010.083,6.862,-1.326,-2.655,-3.384,SENSING
52979.373,-2874.071,-2468.978,-6010.083,6.862,-1.326,-2.655,-3.384,LISTENING
52980.0,-2869.771,-2469.807,-6011.745,6.864,-1.324,-2.651,-3.384,SENSING
52980.0,-2869.771,-2469.807,-6011.745,6.864,-1.324,-2.651,-3.384,LISTENING
52980.0,-2869.771,-2469.807,-6011.745,6.864,-1.324,-2.651,-3.384,SENSING
52980.0,-2869.771,-2469.807,-6011.745,6.864,-1.324,-2.651,-3.384,LISTENING
53000.0,-2731.964,-2495.7,-6063.391,6.926,-1.269,-2.516,-3.384,SENSING
53000.0,-2731.964,-2495.7,-6063.391,6.926,-1.269,-2.516,-3.384,LISTENING
53100.0,-2025.959,-2608.348,-6280.754,7.191,-0.985,-1.829,-3.384,SENSING
53100.0,-2025.959,-2608.348,-6280.754,7.191,-0.985,-1.829,-3.384,LISTENING
53200.0,-1297.413,-2692.035,-6428.192,7.377,-0.689,-1.118,-3.384,SENSING
53200.0,-1297.413,-2692.035,-6428.192,7.377,-0.689,-1.118,-3.384,LISTENING
53279.491,-707.552,-2737.207,-6494.243,7.466,-0.448,-0.543,-3.384,SENSING
53279.491,-707.552,-2737.207,-6494.243,7.466,-0.448,-0.543,-3.384,MANEUVERING
53279.491,-707.552,-2737.207,-6494.243,7.466,-0.448,-0.543,-3.384,LISTENING
53280.0,-703.757,-2737.434,-6494.518,7.466,-0.446,-0.539,-3.892,MANEUVERING
53280.0,-703.757,-2737.434,-6494.518,7.466,-0.446,-0.539,-3.892,SENSING
53280.0,-703.757,-2737.434,-6494.518,7.466,-0.446,-0.539,-3.892,MEASURING
53280.0,-703.757,-2737.434,-6494.518,7.466,-0.446,-0.539,-3.892,SENSING
53280.0,-703.757,-2737.434,-6494.518,7.466,-0.446,-0.539,-3.892,LISTENING
53298.515,-565.489,-2745.164,-6503.249,7.48,-0.39,-0.404,-3.892,SENSING
53298.515,-565.489,-2745.164,-6503.249,7.48,-0.39,-0.404,-3.892,MANEUVERING
53298.515,-565.489,-2745.164,-6503.249,7.48,-0.39,-0.404,-3.892,LISTENING
53300.0,-554.389,-2745.738,-6503.842,7.481,-0.385,-0.394,-2.407,MANEUVERING
53300.0,-554.389,-2745.738,-6503.842,7.481,-0.385,-0.394,-2.407,SENSING
53300.0,-554.389,-2745.738,-6503.842,7.481,-0.385,-0.394,-2.407,LISTENING
53369.632,-32.844,-2765.042,-6513.518,7.503,-0.17,0.116,-2.407,SENSING
53369.632,-32.844,-2765.042,-6513.518,7.503,-0.17,0.116,-2.407,LISTENING
53370.0,-30.085,-2765.105,-6513.475,7.503,-0.169,0.118,-2.407,SENSING
53370.0,-30.085,-2765.105,-6513.475,7.503,-0.169,0.118,-2.407,LISTENING
53389.917,119.251,-2767.845,-6509.665,7.502,-0.107,0.264,-2.407,SENSING
53389.917,119.251,-2767.845,-6509.665,7.502,-0.107,0.264,-2.407,LISTENING
53390.0,119.873,-2767.854,-6509.643,7.502,-0.106,0.265,-2.407,SENSING
53390.0,119.873,-2767.854,-6509.643,7.502,-0.106,0.265,-2.407,LISTENING
53400.0,194.836,-2768.763,-6506.63,7.501,-0.075,0.338,-2.407,SENSING
53400.0,194.836,-2768.763,-6506.63,7.501,-0.075,0.338,-2.407,LISTENING
53428.764,410.306,-2769.645,-6493.881,7.491,0.014,0.549,-2.407,SENSING
53428.764,410.306,-2769.645,-6493.881,7.491,0.014,0.549,-2.407,MANEUVERING
53428.764,410.306,-2769.645,-6493.881,7.491,0.014,0.549,-2.407,LISTENING
53430.0,419.56,-2769.626,-6493.197,7.49,0.018,0.558,-3.644,MANEUVERING
53430.0,419.56,-2769.626,-6493.197,7.49,0.018,0.558,-3.644,SENSING
53430.0,419.56,-2769.626,-6493.197,7.49,0.018,0.558,-3.644,MEASURING
53430.0,419.56,-2769.626,-6493.197,7.49,0.018,0.558,-3.644,SENSING
53430.0,419.56,-2769.626,-6493.197,7.49,0.018,0.558,-3.644,LISTENING
53489.701,865.278,-2763.014,-6446.905,7.447,0.204,0.993,-3.644,SENSING
53489.701,865.278,-2763.014,-6446.905,7.447,0.204,0.993,-3.644,MANEUVERING
53489.701,865.278,-2763.014,-6446.905,7.447,0.204,0.993,-3.644,LISTENING
53490.0,867.503,-2762.953,-6446.608,7.447,0.205,0.996,-3.943,MANEUVERING
53490.0,867.503,-2762.953,-6446.608,7.447,0.205,0.996,-3.943,SENSING
53490.0,867.503,-2762.953,-6446.608,7.447,0.205,0.996,-3.943,MEASURING
53490.0,867.503,-2762.953,-6446.608,7.447,0.205,0.996,-3.943,SENSING
53490.0,867.503,-2762.953,-6446.608,7.447,0.205,0.996,-3.943,LISTENING
53500.0,941.867,-2760.753,-6436.294,7.437,0.236,1.068,-3.943,SENSING
53500.0,941.867,-2760.753,-6436.294,7.437,0.236,1.068,-3.943,LISTENING
53569.058,1452.058,-2737.086,-6345.296,7.343,0.451,1.567,-3.943,SENSING
53569.058,1452.058,-2737.086,-6345.296,7.343,0.451,1.567,-3.943,LISTENING
53570.0,1458.97,-2736.661,-6343.817,7.342,0.454,1.574,-3.943,SENSING
53570.0,1458.97,-2736.661,-6343.817,7.342,0.454,1.574,-3.943,LISTENING
53589.83,1604.113,-2727.082,-6311.209,7.307,0.515,1.716,-3.943,SENSING
53589.83,1604.113,-2727.082,-6311.209,7.307,0.515,1.716,-3.943,LISTENING
53590.0,1605.354,-2726.994,-6310.917,7.307,0.515,1.717,-3.943,SENSING
53590.0,1605.354,-2726.994,-6310.917,7.307,0.515,1.717,-3.943,LISTENING
53600.0,1678.278,-2721.699,-6293.395,7.288,0.546,1.789,-3.943,SENSING
53600.0,1678.278,-2721.699,-6293.395,7.288,0.546,1.789,-3.943,LISTENING
53649.17,2033.927,-2691.202,-6196.913,7.185,0.697,2.137,-3.943,SENSING
53649.17,2033.927,-2691.202,-6196.913,7.185,0.697,2.137,-3.943,LISTENING
53650.0,2039.884,-2690.624,-6195.138,7.183,0.699,2.143,-3.943,SENSING
53650.0,2039.884,-2690.624,-6195.138,7.183,0.699,2.143,-3.943,LISTENING
53679.012,2247.119,-2669.101,-6130.058,7.112,0.787,2.346,-3.943,SENSING
53679.012,2247.119,-2669.101,-6130.058,7.112,0.787,2.346,-3.943,LISTENING
53680.0,2254.139,-2668.324,-6127.739,7.11,0.79,2.352,-3.943,SENSING
53680.0,2254.139,-2668.324,-6127.739,7.11,0.79,2.352,-3.943,LISTENING
53680.0,2254.139,-2668.324,-6127.739,7.11,0.79,2.352,-3.943,SENSING
53680.0,2254.139,-2668.324,-6127.739,7.11,0.79,2.352,-3.943,LISTENING
53700.0,2395.711,-2651.945,-6079.325,7.057,0.851,2.491,-3.943,SENSING
53700.0,2395.711,-2651.945,-6079.325,7.057,0.851,2.491,-3.943,LISTENING
53800.0,3085.974,-2552.186,-5796.297,6.745,1.147,3.167,-3.943,SENSING
53800.0,3085.974,-2552.186,-5796.297,6.745,1.147,3.167,-3.943,LISTENING
53900.0,3741.139,-2423.467,-5447.328,6.355,1.43,3.809,-3.943,SENSING
53900.0,3741.139,-2423.467,-5447.328,6.355,1.43,3.809,-3.943,LISTENING
53949.083,4047.555,-2350.1,-5253.044,6.137,1.564,4.11,-3.943,SENSING
53949.083,4047.555,-2350.1,-5253.044,6.137,1.564,4.11,-3.943,MANEUVERING
53949.083,4047.555,-2350.1,-5253.044,6.137,1.564,4.11,-3.943,LISTENING
53950.0,4053.178,-2348.667,-5249.274,6.132,1.567,4.115,-3.025,MANEUVERING
53950.0,4053.178,-2348.667,-5249.274,6.132,1.567,4.115,-3.025,SENSING
53950.0,4053.178,-2348.667,-5249.274,6.132,1.567,4.115,-3.025,MEASURING
53950.0,4053.178,-2348.667,-5249.274,6.132,1.567,4.115,-3.025,SENSING
53950.0,4053.178,-2348.667,-5249.274,6.132,1.567,4.115,-3.025,LISTENING
53979.407,4231.349,-2301.533,-5125.748,5.993,1.645,4.29,-3.025,SENSING
53979.407,4231.349,-2301.533,-5125.748,5.993,1.645,4.29,-3.025,MANEUVERING
53979.407,4231.349,-2301.533,-5125.748,5.993,1.645,4.29,-3.025,LISTENING
53980.0,4234.9,-2300.559,-5123.204,5.99,1.646,4.293,-2.432,MANEUVERING
53980.0,4234.9,-2300.559,-5123.204,5.99,1.646,4.293,-2.432,SENSING
53980.0,4234.9,-2300.559,-5123.204,5.99,1.646,4.293,-2.432,MEASURING
53980.0,4234.9,-2300.559,-5123.204,5.99,1.646,4.293,-2.432,SENSING
53980.0,4234.9,-2300.559,-5123.204,5.99,1.646,4.293,-2.432,LISTENING
54000.0,4353.638,-2267.171,-5036.219,5.892,1.699,4.409,-2.432,SENSING
54000.0,4353.638,-2267.171,-5036.219,5.892,1.699,4.409,-2.432,LISTENING
54100.0,4916.359,-2085.01,-4567.512,5.36,1.948,4.961,-2.432,SENSING
54100.0,4916.359,-2085.01,-4567.512,5.36,1.948,4.961,-2.432,LISTENING
54200.0,5422.738,-1879.005,-4046.444,4.765,2.176,5.456,-2.432,SENSING
54200.0,5422.738,-1879.005,-4046.444,4.765,2.176,5.456,-2.432,LISTENING
54229.177,5558.996,-1814.731,-3885.373,4.581,2.238,5.589,-2.432,SENSING
54229.177,5558.996,-1814.731,-3885.373,4.581,2.238,5.589,-2.432,LISTENING
54230.0,5562.759,-1812.893,-3880.776,4.576,2.24,5.593,-2.432,SENSING
54230.0,5562.759,-1812.893,-3880.776,4.576,2.24,5.593,-2.432,LISTENING
54298.568,5860.945,-1654.865,-3487.317,4.124,2.376,5.884,-2.432,SENSING
54298.568,5860.945,-1654.865,-3487.317,4.124,2.376,5.884,-2.432,LISTENING
54300.0,5866.84,-1651.467,-3478.891,4.115,2.379,5.89,-2.432,SENSING
54300.0,5866.84,-1651.467,-3478.891,4.115,2.379,5.89,-2.432,LISTENING
54400.0,6243.442,-1404.966,-2871.3,3.416,2.555,6.257,-2.432,SENSING
54400.0,6243.442,-1404.966,-2871.3,3.416,2.555,6.257,-2.432,LISTENING
54428.941,6339.185,-1330.483,-2688.966,3.205,2.601,6.349,-2.432,SENSING
54428.941,6339.185,-1330.483,-2688.966,3.205,2.601,6.349,-2.432,LISTENING
54430.0,6342.574,-1327.732,-2682.241,3.198,2.603,6.353,-2.432,SENSING
54430.0,6342.574,-1327.732,-2682.241,3.198,2.603,6.353,-2.432,LISTENING
54487.286,6513.491,-1176.496,-2313.653,2.772,2.685,6.518,-2.432,SENSING
54487.286,6513.491,-1176.496,-2313.653,2.772,2.685,6.518,-2.432,LISTENING
54490.0,6520.981,-1169.216,-2295.962,2.752,2.689,6.525,-2.432,SENSING
54490.0,6520.981,-1169.216,-2295.962,2.752,2.689,6.525,-2.432,LISTENING
54500.0,6548.1,-1142.308,-2230.611,2.676,2.702,6.552,-2.432,SENSING
54500.0,6548.1,-1142.308,-2230.611,2.676,2.702,6.552,-2.432,LISTENING
54600.0,6777.211,-866.495,-1564.179,1.905,2.819,6.771,-2.432,SENSING
54600.0,6777.211,-866.495,-1564.179,1.905,2.819,6.771,-2.432,LISTENING
54658.144,6874.58,-701.325,-1167.879,1.446,2.871,6.863,-2.432,SENSING
54658.144,6874.58,-701.325,-1167.879,1.446,2.871,6.863,-2.432,LISTENING
54660.0,6877.248,-696.004,-1155.144,1.431,2.873,6.866,-2.432,SENSING
54660.0,6877.248,-696.004,-1155.144,1.431,2.873,6.866,-2.432,LISTENING
54699.975,6928.033,-580.765,-879.85,1.112,2.902,6.913,-2.432,SENSING
54699.975,6928.033,-580.765,-879.85,1.112,2.902,6.913,-2.432,LISTENING
54700.0,6928.06,-580.693,-879.677,1.111,2.902,6.913,-2.432,SENSING
54700.0,6928.06,-580.693,-879.677,1.111,2.902,6.913,-2.432,LISTENING
54800.0,6998.86,-288.191,-185.008,0.304,2.953,6.974,-2.432,SENSING
54800.0,6998.86,-288.191,-185.008,0.304,2.953,6.974,-2.432,LISTENING
54819.268,7003.217,-231.344,-50.665,0.148,2.958,6.977,-2.432,SENSING
54819.268,7003.217,-231.344,-50.665,0.148,2.958,6.977,-2.432,LISTENING
54820.0,7003.323,-229.182,-45.56,0.142,2.959,6.977,-2.432,SENSING
54820.0,7003.323,-229.182,-45.56,0.142,2.959,6.977,-2.432,LISTENING
54848.701,7004.066,-144.324,154.576,-0.09,2.965,6.975,-2.432,SENSING
54848.701,7004.066,-144.324,154.576,-0.09,2.965,6.975,-2.432,LISTENING
54850.0,7003.942,-140.479,163.632,-0.101,2.965,6.975,-2.432,SENSING
54850.0,7003.942,-140.479,163.632,-0.101,2.965,6.975,-2.432,LISTENING
54869.598,7000.408,-82.448,300.212,-0.26,2.968,6.97,-2.432,SENSING
54869.598,7000.408,-82.448,300.212,-0.26,2.968,6.97,-2.432,LISTENING
54870.0,7000.303,-81.257,303.012,-0.263,2.968,6.97,-2.432,SENSING
54870.0,7000.303,-81.257,303.012,-0.263,2.968,6.97,-2.432,LISTENING
54899.669,6988.939,6.658,509.498,-0.503,2.969,6.956,-2.432,SENSING
54899.669,6988.939,6.658,509.498,-0.503,2.969,6.956,-2.432,LISTENING
54900.0,6988.773,7.639,511.8,-0.506,2.969,6.955,-2.432,SENSING
54900.0,6988.773,7.639,511.8,-0.506,2.969,6.955,-2.432,LISTENING
55000.0,6897.924,303.387,1202.691,-1.31,2.951,6.856,-2.432,SENSING
55000.0,6897.924,303.387,1202.691,-1.31,2.951,6.856,-2.432,LISTENING
55069.746,6787.294,507.795,1676.807,-1.863,2.918,6.74,-2.432,SENSING
55069.746,6787.294,507.795,1676.807,-1.863,2.918,6.74,-2.432,LISTENING
55070.0,6786.822,508.534,1678.516,-1.865,2.918,6.739,-2.432,SENSING
55070.0,6786.822,508.534,1678.516,-1.865,2.918,6.739,-2.432,LISTENING
55089.995,6747.999,566.657,1812.803,-2.021,2.906,6.699,-2.432,SENSING
55089.995,6747.999,566.657,1812.803,-2.021,2.906,6.699,-2.432,LISTENING
55090.0,6747.989,566.671,1812.836,-2.021,2.906,6.699,-2.432,SENSING
55090.0,6747.989,566.671,1812.836,-2.021,2.906,6.699,-2.432,LISTENING
55100.0,6727.402,595.643,1879.686,-2.099,2.899,6.678,-2.432,SENSING
55100.0,6727.402,595.643,1879.686,-2.099,2.899,6.678,-2.432,LISTENING
55200.0,6479.236,881.046,2534.98,-2.863,2.814,6.422,-2.432,SENSING
55200.0,6479.236,881.046,2534.98,-2.863,2.814,6.422,-2.432,LISTENING
55249.92,6327.182,1019.928,2851.619,-3.232,2.759,6.267,-2.432,SENSING
55249.92,6327.182,1019.928,2851.619,-3.232,2.759,6.267,-2.432,LISTENING
55250.0,6326.923,1020.149,2852.121,-3.232,2.759,6.267,-2.432,SENSING
55250.0,6326.923,1020.149,2852.121,-3.232,2.759,6.267,-2.432,LISTENING
55299.952,6156.547,1156.19,3160.746,-3.592,2.696,6.093,-2.432,SENSING
55299.952,6156.547,1156.19,3160.746,-3.592,2.696,6.093,-2.432,LISTENING
55300.0,6156.374,1156.32,3161.039,-3.593,2.696,6.093,-2.432,SENSING
55300.0,6156.374,1156.32,3161.039,-3.593,2.696,6.093,-2.432,LISTENING
55400.0,5762.642,1418.316,3750.696,-4.28,2.548,5.695,-2.432,SENSING
55400.0,5762.642,1418.316,3750.696,-4.28,2.548,5.695,-2.432,LISTENING
55500.0,5302.686,1664.055,4297.235,-4.917,2.371,5.231,-2.432,SENSING
55500.0,5302.686,1664.055,4297.235,-4.917,2.371,5.231,-2.432,LISTENING
55600.0,4781.915,1890.756,4794.473,-5.496,2.167,4.709,-2.432,SENSING
55600.0,4781.915,1890.756,4794.473,-5.496,2.167,4.709,-2.432,LISTENING
55618.397,4679.96,1930.182,4880.126,-5.596,2.127,4.607,-2.432,SENSING
55618.397,4679.96,1930.182,4880.126,-5.596,2.127,4.607,-2.432,MANEUVERING
55618.397,4679.96,1930.182,4880.126,-5.596,2.127,4.607,-2.432,LISTENING
55620.0,4670.989,1933.583,4887.502,-5.604,2.123,4.598,-0.829,MANEUVERING
55620.0,4670.989,1933.583,4887.502,-5.604,2.123,4.598,-0.829,SENSING
55620.0,4670.989,1933.583,4887.502,-5.604,2.123,4.598,-0.829,MEASURING
55620.0,4670.989,1933.583,4887.502,-5.604,2.123,4.598,-0.829,SENSING
55620.0,4670.989,1933.583,4887.502,-5.604,2.123,4.598,-0.829,LISTENING
55639.323,4561.785,1974.122,4975.256,-5.706,2.08,4.489,-0.829,SENSING
55639.323,4561.785,1974.122,4975.256,-5.706,2.08,4.489,-0.829,MANEUVERING
55639.323,4561.785,1974.122,4975.256,-5.706,2.08,4.489,-0.829,LISTENING
55640.0,4557.923,1975.527,4978.292,-5.71,2.078,4.485,-0.152,MANEUVERING
55640.0,4557.923,1975.527,4978.292,-5.71,2.078,4.485,-0.152,SENSING
55640.0,4557.923,1975.527,4978.292,-5.71,2.078,4.485,-0.152,MEASURING
55640.0,4557.923,1975.527,4978.292,-5.71,2.078,4.485,-0.152,SENSING
55640.0,4557.923,1975.527,4978.292,-5.71,2.078,4.485,-0.152,LISTENING
55689.381,4269.937,2075.187,5192.613,-5.959,1.964,4.198,-0.152,SENSING
55689.381,4269.937,2075.187,5192.613,-5.959,1.964,4.198,-0.152,MANEUVERING
55689.381,4269.937,2075.187,5192.613,-5.959,1.964,4.198,-0.152,LISTENING
55690.0,4266.25,2076.401,5195.209,-5.962,1.963,4.194,0.467,MANEUVERING
55690.0,4266.25,2076.401,5195.209,-5.962,1.963,4.194,0.467,SENSING
55690.0,4266.25,2076.401,5195.209,-5.962,1.963,4.194,0.467,MEASURING
55690.0,4266.25,2076.401,5195.209,-5.962,1.963,4.194,0.467,SENSING
55690.0,4266.25,2076.401,5195.209,-5.962,1.963,4.194,0.467,LISTENING
55699.796,4207.651,2095.479,5235.986,-6.01,1.939,4.136,0.467,SENSING
55699.796,4207.651,2095.479,5235.986,-6.01,1.939,4.136,0.467,MANEUVERING
55699.796,4207.651,2095.479,5235.986,-6.01,1.939,4.136,0.467,LISTENING
55700.0,4206.426,2095.874,5236.829,-6.011,1.939,4.134,0.671,MANEUVERING
55700.0,4206.426,2095.874,5236.829,-6.011,1.939,4.134,0.671,SENSING
55700.0,4206.426,2095.874,5236.829,-6.011,1.939,4.134,0.671,LISTENING
55800.0,3582.922,2277.126,5619.389,-6.456,1.689,3.514,0.671,SENSING
55800.0,3582.922,2277.126,5619.389,-6.456,1.689,3.514,0.671,LISTENING
55818.265,3464.412,2307.493,5682.465,-6.529,1.641,3.396,0.671,SENSING
55818.265,3464.412,2307.493,5682.465,-6.529,1.641,3.396,0.671,LISTENING
55820.0,3453.088,2310.332,5688.343,-6.536,1.637,3.385,0.671,SENSING
55820.0,3453.088,2310.332,5688.343,-6.536,1.637,3.385,0.671,LISTENING
55878.821,3062.351,2401.854,5876.012,-6.754,1.479,2.997,0.671,SENSING
55878.821,3062.351,2401.854,5876.012,-6.754,1.479,2.997,0.671,LISTENING
55880.0,3054.391,2403.593,5879.539,-6.759,1.476,2.99,0.671,SENSING
55880.0,3054.391,2403.593,5879.539,-6.759,1.476,2.99,0.671,LISTENING
55900.0,2918.632,2432.517,5937.957,-6.826,1.421,2.855,0.671,SENSING
55900.0,2918.632,2432.517,5937.957,-6.826,1.421,2.855,0.671,LISTENING
56000.0,2221.21,2560.361,6189.098,-7.119,1.138,2.166,0.671,SENSING
56000.0,2221.21,2560.361,6189.098,-7.119,1.138,2.166,0.671,LISTENING
56100.0,1498.649,2659.295,6370.169,-7.329,0.842,1.454,0.671,SENSING
56100.0,1498.649,2659.295,6370.169,-7.329,0.842,1.454,0.671,LISTENING
56159.276,1061.827,2703.86,6443.643,-7.415,0.663,1.025,0.671,SENSING
56159.276,1061.827,2703.86,6443.643,-7.415,0.663,1.025,0.671,MANEUVERING
56159.276,1061.827,2703.86,6443.643,-7.415,0.663,1.025,0.671,LISTENING
56160.0,1056.462,2704.339,6444.383,-7.416,0.661,1.02,1.395,MANEUVERING
56160.0,1056.462,2704.339,6444.383,-7.416,0.661,1.02,1.395,SENSING
56160.0,1056.462,2704.339,6444.383,-7.416,0.661,1.02,1.395,MEASURING
56160.0,1056.462,2704.339,6444.383,-7.416,0.661,1.02,1.395,SENSING
56160.0,1056.462,2704.339,6444.383,-7.416,0.661,1.02,1.395,LISTENING
56199.781,760.81,2728.177,6479.182,-7.457,0.539,0.73,1.395,SENSING
56199.781,760.81,2728.177,6479.182,-7.457,0.539,0.73,1.395,MANEUVERING
56199.781,760.81,2728.177,6479.182,-7.457,0.539,0.73,1.395,LISTENING
56200.0,759.178,2728.295,6479.342,-7.457,0.538,0.729,1.614,MANEUVERING
56200.0,759.178,2728.295,6479.342,-7.457,0.538,0.729,1.614,SENSING
56200.0,759.178,2728.295,6479.342,-7.457,0.538,0.729,1.614,LISTENING
56300.0,11.168,2766.679,6515.614,-7.5,0.229,-0.003,1.614,SENSING
56300.0,11.168,2766.679,6515.614,-7.5,0.229,-0.003,1.614,LISTENING
56359.735,-436.257,2774.85,6502.393,-7.486,0.044,-0.44,1.614,SENSING
56359.735,-436.257,2774.85,6502.393,-7.486,0.044,-0.44,1.614,LISTENING
56360.0,-438.237,2774.862,6502.277,-7.486,0.043,-0.441,1.614,SENSING
56360.0,-438.237,2774.862,6502.277,-7.486,0.043,-0.441,1.614,LISTENING
56369.478,-509.116,2775.133,6497.768,-7.481,0.014,-0.511,1.614,SENSING
56369.478,-509.116,2775.133,6497.768,-7.481,0.014,-0.511,1.614,MANEUVERING
56369.478,-509.116,2775.133,6497.768,-7.481,0.014,-0.511,1.614,LISTENING
56370.0,-513.015,2775.14,6497.501,-7.48,0.012,-0.514,2.135,MANEUVERING
56370.0,-513.015,2775.14,6497.501,-7.48,0.012,-0.514,2.135,SENSING
56370.0,-513.015,2775.14,6497.501,-7.48,0.012,-0.514,2.135,MEASURING
56370.0,-513.015,2775.14,6497.501,-7.48,0.012,-0.514,2.135,SENSING
56370.0,-513.015,2775.14,6497.501,-7.48,0.012,-0.514,2.135,LISTENING
56388.793,-653.383,2774.824,6486.556,-7.468,-0.046,-0.651,2.135,SENSING
56388.793,-653.383,2774.824,6486.556,-7.468,-0.046,-0.651,2.135,LISTENING
56390.0,-662.39,2774.767,6485.766,-7.467,-0.05,-0.66,2.135,SENSING
56390.0,-662.39,2774.767,6485.766,-7.467,-0.05,-0.66,2.135,LISTENING
56399.602,-734.003,2774.147,6479.099,-7.46,-0.08,-0.729,2.135,SENSING
56399.602,-734.003,2774.147,6479.099,-7.46,-0.08,-0.729,2.135,MANEUVERING
56399.602,-734.003,2774.147,6479.099,-7.46,-0.08,-0.729,2.135,LISTENING
56400.0,-736.97,2774.115,6478.808,-7.459,-0.081,-0.732,2.533,MANEUVERING
56400.0,-736.97,2774.115,6478.808,-7.459,-0.081,-0.732,2.533,SENSING
56400.0,-736.97,2774.115,6478.808,-7.459,-0.081,-0.732,2.533,LISTENING
56500.0,-1476.873,2750.617,6369.567,-7.336,-0.39,-1.451,2.533,SENSING
56500.0,-1476.873,2750.617,6369.567,-7.336,-0.39,-1.451,2.533,LISTENING
56548.771,-1832.261,2728.029,6290.415,-7.246,-0.539,-1.796,2.533,SENSING
56548.771,-1832.261,2728.029,6290.415,-7.246,-0.539,-1.796,2.533,MANEUVERING
56548.771,-1832.261,2728.029,6290.415,-7.246,-0.539,-1.796,2.533,LISTENING
56550.0,-1841.161,2727.366,6288.204,-7.243,-0.542,-1.804,1.304,MANEUVERING
56550.0,-1841.161,2727.366,6288.204,-7.243,-0.542,-1.804,1.304,SENSING
56550.0,-1841.161,2727.366,6288.204,-7.243,-0.542,-1.804,1.304,MEASURING
56550.0,-1841.161,2727.366,6288.204,-7.243,-0.542,-1.804,1.304,SENSING
56550.0,-1841.161,2727.366,6288.204,-7.243,-0.542,-1.804,1.304,LISTENING
56567.418,-1966.912,2717.483,6255.734,-7.206,-0.595,-1.926,1.304,SENSING
56567.418,-1966.912,2717.483,6255.734,-7.206,-0.595,-1.926,1.304,MANEUVERING
56567.418,-1966.912,2717.483,6255.734,-7.206,-0.595,-1.926,1.304,LISTENING
56570.0,-1985.497,2715.94,6250.741,-7.2,-0.603,-1.944,3.886,MANEUVERING
56570.0,-1985.497,2715.94,6250.741,-7.2,-0.603,-1.944,3.886,SENSING
56570.0,-1985.497,2715.94,6250.741,-7.2,-0.603,-1.944,3.886,MEASURING
56570.0,-1985.497,2715.94,6250.741,-7.2,-0.603,-1.944,3.886,SENSING
56570.0,-1985.497,2715.94,6250.741,-7.2,-0.603,-1.944,3.886,LISTENING
56599.961,-2200.046,2696.569,6189.417,-7.131,-0.693,-2.151,3.886,SENSING
56599.961,-2200.046,2696.569,6189.417,-7.131,-0.693,-2.151,3.886,MANEUVERING
56599.961,-2200.046,2696.569,6189.417,-7.131,-0.693,-2.151,3.886,LISTENING
56600.0,-2200.324,2696.542,6189.334,-7.131,-0.693,-2.152,3.925,MANEUVERING
56600.0,-2200.324,2696.542,6189.334,-7.131,-0.693,-2.152,3.925,SENSING
56600.0,-2200.324,2696.542,6189.334,-7.131,-0.693,-2.152,3.925,LISTENING
56700.0,-2899.337,2612.58,5940.325,-6.847,-0.988,-2.826,3.925,SENSING
56700.0,-2899.337,2612.58,5940.325,-6.847,-0.988,-2.826,3.925,LISTENING
56800.0,-3566.241,2499.748,5625.5,-6.489,-1.271,-3.467,3.925,SENSING
56800.0,-3566.241,2499.748,5625.5,-6.489,-1.271,-3.467,3.925,LISTENING
56818.395,-3684.838,2475.948,5560.7,-6.415,-1.322,-3.581,3.925,SENSING
56818.395,-3684.838,2475.948,5560.7,-6.415,-1.322,-3.581,3.925,LISTENING
56820.0,-3695.121,2473.828,5554.947,-6.408,-1.326,-3.591,3.925,SENSING
56820.0,-3695.121,2473.828,5554.947,-6.408,-1.326,-3.591,3.925,LISTENING
56899.846,-4192.829,2359.603,5249.146,-6.06,-1.539,-4.068,3.925,SENSING
56899.846,-4192.829,2359.603,5249.146,-6.06,-1.539,-4.068,3.925,LISTENING
56900.0,-4193.761,2359.367,5248.52,-6.06,-1.539,-4.069,3.925,SENSING
56900.0,-4193.761,2359.367,5248.52,-6.06,-1.539,-4.069,3.925,LISTENING
57000.0,-4775.086,2193.051,4813.701,-5.565,-1.79,-4.624,3.925,SENSING
57000.0,-4775.086,2193.051,4813.701,-5.565,-1.79,-4.624,3.925,LISTENING
57100.0,-5303.939,2002.687,4325.962,-5.01,-2.021,-5.127,3.925,SENSING
57100.0,-5303.939,2002.687,4325.962,-5.01,-2.021,-5.127,3.925,LISTENING
57200.0,-5774.634,1790.409,3790.767,-4.402,-2.229,-5.573,3.925,SENSING
57200.0,-5774.634,1790.409,3790.767,-4.402,-2.229,-5.573,3.925,LISTENING
57300.0,-6182.133,1558.575,3214.069,-3.747,-2.412,-5.957,3.925,SENSING
57300.0,-6182.133,1558.575,3214.069,-3.747,-2.412,-5.957,3.925,LISTENING
57400.0,-6522.087,1309.747,2602.238,-3.051,-2.569,-6.275,3.925,SENSING
57400.0,-6522.087,1309.747,2602.238,-3.051,-2.569,-6.275,3.925,LISTENING
57500.0,-6790.879,1046.655,1962.002,-2.324,-2.698,-6.525,3.925,SENSING
57500.0,-6790.879,1046.655,1962.002,-2.324,-2.698,-6.525,3.925,LISTENING
57600.0,-6985.655,772.175,1300.372,-1.571,-2.797,-6.703,3.925,SENSING
57600.0,-6985.655,772.175,1300.372,-1.571,-2.797,-6.703,3.925,LISTENING
57639.032,-7041.123,662.595,1037.879,-1.273,-2.828,-6.753,3.925,SENSING
57639.032,-7041.123,662.595,1037.879,-1.273,-2.828,-6.753,3.925,LISTENING
57640.0,-7042.351,659.862,1031.343,-1.265,-2.828,-6.754,3.925,SENSING
57640.0,-7042.351,659.862,1031.343,-1.265,-2.828,-6.754,3.925,LISTENING
57698.732,-7103.327,492.926,633.2,-0.812,-2.865,-6.807,3.925,SENSING
57698.732,-7103.327,492.926,633.2,-0.812,-2.865,-6.807,3.925,LISTENING
57700.0,-7104.349,489.299,624.573,-0.802,-2.866,-6.808,3.925,SENSING
57700.0,-7104.349,489.299,624.573,-0.802,-2.866,-6.808,3.925,LISTENING
57748.512,-7134.116,349.962,293.821,-0.426,-2.888,-6.832,3.925,SENSING
57748.512,-7134.116,349.962,293.821,-0.426,-2.888,-6.832,3.925,LISTENING
57750.0,-7134.741,345.671,283.659,-0.414,-2.889,-6.833,3.925,SENSING
57750.0,-7134.741,345.671,283.659,-0.414,-2.889,-6.833,3.925,LISTENING
57769.926,-7141.441,288.149,147.53,-0.259,-2.896,-6.837,3.925,SENSING
57769.926,-7141.441,288.149,147.53,-0.259,-2.896,-6.837,3.925,LISTENING
57770.0,-7141.46,287.935,147.025,-0.258,-2.896,-6.837,3.925,SENSING
57770.0,-7141.46,287.935,147.025,-0.258,-2.896,-6.837,3.925,LISTENING
57800.0,-7145.703,201.103,-58.028,-0.025,-2.904,-6.839,3.925,SENSING
57800.0,-7145.703,201.103,-58.028,-0.025,-2.904,-6.839,3.925,LISTENING
57869.654,-7128.543,-1.119,-533.559,0.517,-2.911,-6.816,3.925,SENSING
57869.654,-7128.543,-1.119,-533.559,0.517,-2.911,-6.816,3.925,LISTENING
57870.0,-7128.363,-2.125,-535.916,0.52,-2.911,-6.816,3.925,SENSING
57870.0,-7128.363,-2.125,-535.916,0.52,-2.911,-6.816,3.925,LISTENING
57899.009,-7110.016,-86.405,-733.267,0.745,-2.91,-6.796,3.925,SENSING
57899.009,-7110.016,-86.405,-733.267,0.745,-2.91,-6.796,3.925,LISTENING
57900.0,-7109.274,-89.283,-739.998,0.753,-2.91,-6.795,3.925,SENSING
57900.0,-7109.274,-89.283,-739.998,0.753,-2.91,-6.795,3.925,LISTENING
57908.783,-7102.365,-114.788,-799.62,0.821,-2.909,-6.788,3.925,SENSING
57908.783,-7102.365,-114.788,-799.62,0.821,-2.909,-6.788,3.925,LISTENING
57910.0,-7101.361,-118.32,-807.873,0.831,-2.909,-6.787,3.925,SENSING
57910.0,-7101.361,-118.32,-807.873,0.831,-2.909,-6.787,3.925,LISTENING
57939.499,-7073.512,-203.892,-1007.559,1.059,-2.903,-6.758,3.925,SENSING
57939.499,-7073.512,-203.892,-1007.559,1.059,-2.903,-6.758,3.925,LISTENING
57940.0,-7072.981,-205.344,-1010.943,1.062,-2.903,-6.757,3.925,SENSING
57940.0,-7072.981,-205.344,-1010.943,1.062,-2.903,-6.757,3.925,LISTENING
58000.0,-6995.442,-378.704,-1413.906,1.523,-2.884,-6.678,3.925,SENSING
58000.0,-6995.442,-378.704,-1413.906,1.523,-2.884,-6.678,3.925,LISTENING
58008.556,-6982.141,-403.321,-1470.954,1.588,-2.881,-6.664,3.925,SENSING
58008.556,-6982.141,-403.321,-1470.954,1.588,-2.881,-6.664,3.925,LISTENING
58010.0,-6979.841,-407.472,-1480.57,1.599,-2.88,-6.662,3.925,SENSING
58010.0,-6979.841,-407.472,-1480.57,1.599,-2.88,-6.662,3.925,LISTENING
58079.578,-6850.323,-606.233,-1939.529,2.125,-2.841,-6.532,3.925,SENSING
58079.578,-6850.323,-606.233,-1939.529,2.125,-2.841,-6.532,3.925,LISTENING
58080.0,-6849.425,-607.431,-1942.287,2.128,-2.841,-6.531,3.925,SENSING
58080.0,-6849.425,-607.431,-1942.287,2.128,-2.841,-6.531,3.925,LISTENING
58088.976,-6830.038,-632.86,-2000.793,2.195,-2.835,-6.512,3.925,SENSING
58088.976,-6830.038,-632.86,-2000.793,2.195,-2.835,-6.512,3.925,LISTENING
58090.0,-6827.788,-635.758,-2007.456,2.202,-2.834,-6.509,3.925,SENSING
58090.0,-6827.788,-635.758,-2007.456,2.202,-2.834,-6.509,3.925,LISTENING
58098.944,-6807.805,-661.034,-2065.558,2.269,-2.828,-6.49,3.925,SENSING
58098.944,-6807.805,-661.034,-2065.558,2.269,-2.828,-6.49,3.925,LISTENING
58100.0,-6805.406,-664.015,-2072.406,2.277,-2.827,-6.487,3.925,SENSING
58100.0,-6805.406,-664.015,-2072.406,2.277,-2.827,-6.487,3.925,LISTENING
58200.0,-6541.172,-942.107,-2708.299,3.007,-2.74,-6.226,3.925,SENSING
58200.0,-6541.172,-942.107,-2708.299,3.007,-2.74,-6.226,3.925,LISTENING
58300.0,-6205.537,-1209.943,-3314.617,3.705,-2.622,-5.896,3.925,SENSING
58300.0,-6205.537,-1209.943,-3314.617,3.705,-2.622,-5.896,3.925,LISTENING
58348.992,-6016.092,-1336.525,-3598.837,4.033,-2.554,-5.71,3.925,SENSING
58348.992,-6016.092,-1336.525,-3598.837,4.033,-2.554,-5.71,3.925,MANEUVERING
58348.992,-6016.092,-1336.525,-3598.837,4.033,-2.554,-5.71,3.925,LISTENING
58350.0,-6012.029,-1339.093,-3604.584,4.039,-2.552,-5.706,2.918,MANEUVERING
58350.0,-6012.029,-1339.093,-3604.584,4.039,-2.552,-5.706,2.918,SENSING
58350.0,-6012.029,-1339.093,-3604.584,4.039,-2.552,-5.706,2.918,MEASURING
58350.0,-6012.029,-1339.093,-3604.584,4.039,-2.552,-5.706,2.918,SENSING
58350.0,-6012.029,-1339.093,-3604.584,4.039,-2.552,-5.706,2.918,LISTENING
58369.911,-5930.359,-1389.525,-3717.352,4.17,-2.522,-5.626,2.918,SENSING
58369.911,-5930.359,-1389.525,-3717.352,4.17,-2.522,-5.626,2.918,MANEUVERING
58369.911,-5930.359,-1389.525,-3717.352,4.17,-2.522,-5.626,2.918,LISTENING
58370.0,-5929.988,-1389.749,-3717.852,4.17,-2.522,-5.626,2.829,MANEUVERING
58370.0,-5929.988,-1389.749,-3717.852,4.17,-2.522,-5.626,2.829,SENSING
58370.0,-5929.988,-1389.749,-3717.852,4.17,-2.522,-5.626,2.829,MEASURING
58370.0,-5929.988,-1389.749,-3717.852,4.17,-2.522,-5.626,2.829,SENSING
58370.0,-5929.988,-1389.749,-3717.852,4.17,-2.522,-5.626,2.829,LISTENING
58400.0,-5802.066,-1464.587,-3884.682,4.363,-2.475,-5.501,2.829,SENSING
58400.0,-5802.066,-1464.587,-3884.682,4.363,-2.475,-5.501,2.829,LISTENING
58408.529,-5764.646,-1485.605,-3931.422,4.417,-2.462,-5.464,2.829,SENSING
58408.529,-5764.646,-1485.605,-3931.422,4.417,-2.462,-5.464,2.829,LISTENING
58410.0,-5758.147,-1489.216,-3939.449,4.427,-2.459,-5.458,2.829,SENSING
58410.0,-5758.147,-1489.216,-3939.449,4.427,-2.459,-5.458,2.829,LISTENING
58439.662,-5624.181,-1561.304,-4099.333,4.612,-2.41,-5.327,2.829,SENSING
58439.662,-5624.181,-1561.304,-4099.333,4.612,-2.41,-5.327,2.829,LISTENING
58440.0,-5622.623,-1562.117,-4101.131,4.614,-2.409,-5.326,2.829,SENSING
58440.0,-5622.623,-1562.117,-4101.131,4.614,-2.409,-5.326,2.829,LISTENING
58447.51,-5587.823,-1580.128,-4140.978,4.66,-2.396,-5.292,2.829,SENSING
58447.51,-5587.823,-1580.128,-4140.978,4.66,-2.396,-5.292,2.829,LISTENING
58450.0,-5576.208,-1586.079,-4154.133,4.675,-2.392,-5.28,2.829,SENSING
58450.0,-5576.208,-1586.079,-4154.133,4.675,-2.392,-5.28,2.829,LISTENING
58498.942,-5340.316,-1700.8,-4406.851,4.969,-2.304,-5.05,2.829,SENSING
58498.942,-5340.316,-1700.8,-4406.851,4.969,-2.304,-5.05,2.829,LISTENING
58500.0,-5335.059,-1703.232,-4412.188,4.975,-2.302,-5.045,2.829,SENSING
58500.0,-5335.059,-1703.232,-4412.188,4.975,-2.302,-5.045,2.829,LISTENING
58600.0,-4809.514,-1923.234,-4891.257,5.534,-2.102,-4.532,2.829,SENSING
58600.0,-4809.514,-1923.234,-4891.257,5.534,-2.102,-4.532,2.829,LISTENING
58700.0,-4231.078,-2122.134,-5316.508,6.033,-1.879,-3.969,2.829,SENSING
58700.0,-4231.078,-2122.134,-5316.508,6.033,-1.879,-3.969,2.829,LISTENING
58719.152,-4114.774,-2157.629,-5391.399,6.121,-1.834,-3.856,2.829,SENSING
58719.152,-4114.774,-2157.629,-5391.399,6.121,-1.834,-3.856,2.829,LISTENING
58720.0,-4109.583,-2159.181,-5394.666,6.125,-1.832,-3.851,2.829,SENSING
58720.0,-4109.583,-2159.181,-5394.666,6.125,-1.832,-3.851,2.829,LISTENING
58749.754,-3925.494,-2212.53,-5506.519,6.257,-1.76,-3.671,2.829,SENSING
58749.754,-3925.494,-2212.53,-5506.519,6.257,-1.76,-3.671,2.829,LISTENING
58750.0,-3923.956,-2212.962,-5507.422,6.258,-1.759,-3.67,2.829,SENSING
58750.0,-3923.956,-2212.962,-5507.422,6.258,-1.759,-3.67,2.829,LISTENING
58799.679,-3608.071,-2297.169,-5682.04,6.465,-1.636,-3.362,2.829,SENSING
58799.679,-3608.071,-2297.169,-5682.04,6.465,-1.636,-3.362,2.829,LISTENING
58800.0,-3605.997,-2297.693,-5683.119,6.466,-1.635,-3.36,2.829,SENSING
58800.0,-3605.997,-2297.693,-5683.119,6.466,-1.635,-3.36,2.829,LISTENING
58900.0,-2941.058,-2447.912,-5986.877,6.83,-1.372,-2.712,2.829,SENSING
58900.0,-2941.058,-2447.912,-5986.877,6.83,-1.372,-2.712,2.829,LISTENING
59000.0,-2243.519,-2571.055,-6224.236,7.118,-1.093,-2.033,2.829,SENSING
59000.0,-2243.519,-2571.055,-6224.236,7.118,-1.093,-2.033,2.829,LISTENING
59100.0,-1521.04,-2665.676,-6392.358,7.328,-0.801,-1.328,2.829,SENSING
59100.0,-1521.04,-2665.676,-6392.358,7.328,-0.801,-1.328,2.829,LISTENING
59200.0,-781.603,-2730.634,-6489.155,7.457,-0.499,-0.607,2.829,SENSING
59200.0,-781.603,-2730.634,-6489.155,7.457,-0.499,-0.607,2.829,LISTENING
59248.517,-419.185,-2751.205,-6510.001,7.49,-0.35,-0.253,2.829,SENSING
59248.517,-419.185,-2751.205,-6510.001,7.49,-0.35,-0.253,2.829,MANEUVERING
59248.517,-419.185,-2751.205,-6510.001,7.49,-0.35,-0.253,2.829,LISTENING
59249.62,-410.929,-2751.589,-6510.275,7.49,-0.347,-0.245,1.725,MANEUVERING
59249.62,-410.929,-2751.589,-6510.275,7.49,-0.347,-0.245,1.725,SENSING
59249.62,-410.929,-2751.589,-6510.275,7.49,-0.347,-0.245,1.725,MANEUVERING
59249.62,-410.929,-2751.589,-6510.275,7.49,-0.347,-0.245,1.725,LISTENING
59250.0,-408.086,-2751.72,-6510.367,7.491,-0.345,-0.242,1.346,MANEUVERING
59250.0,-408.086,-2751.72,-6510.367,7.491,-0.345,-0.242,1.346,SENSING
59250.0,-408.086,-2751.72,-6510.367,7.491,-0.345,-0.242,1.346,MEASURING
59250.0,-408.086,-2751.72,-6510.367,7.491,-0.345,-0.242,1.346,SENSING
59250.0,-408.086,-2751.72,-6510.367,7.491,-0.345,-0.242,1.346,LISTENING
59279.82,-184.71,-2760.635,-6514.33,7.501,-0.253,-0.024,1.346,SENSING
59279.82,-184.71,-2760.635,-6514.33,7.501,-0.253,-0.024,1.346,MANEUVERING
59279.82,-184.71,-2760.635,-6514.33,7.501,-0.253,-0.024,1.346,LISTENING
59280.0,-183.361,-2760.681,-6514.334,7.501,-0.253,-0.023,1.166,MANEUVERING
59280.0,-183.361,-2760.681,-6514.334,7.501,-0.253,-0.023,1.166,SENSING
59280.0,-183.361,-2760.681,-6514.334,7.501,-0.253,-0.023,1.166,MEASURING
59280.0,-183.361,-2760.681,-6514.334,7.501,-0.253,-0.023,1.166,SENSING
59280.0,-183.361,-2760.681,-6514.334,7.501,-0.253,-0.023,1.166,LISTENING
59289.273,-113.85,-2762.888,-6514.228,7.502,-0.224,0.045,1.166,SENSING
59289.273,-113.85,-2762.888,-6514.228,7.502,-0.224,0.045,1.166,LISTENING
59290.0,-108.4,-2763.05,-6514.193,7.502,-0.222,0.051,1.166,SENSING
59290.0,-108.4,-2763.05,-6514.193,7.502,-0.222,0.051,1.166,LISTENING
59300.0,-33.426,-2765.109,-6513.321,7.503,-0.191,0.124,1.166,SENSING
59300.0,-33.426,-2765.109,-6513.321,7.503,-0.191,0.124,1.166,LISTENING
59369.09,484.214,-2770.855,-6487.294,7.485,0.025,0.63,1.166,SENSING
59369.09,484.214,-2770.855,-6487.294,7.485,0.025,0.63,1.166,MANEUVERING
59369.09,484.214,-2770.855,-6487.294,7.485,0.025,0.63,1.166,LISTENING
59370.0,491.018,-2770.832,-6486.719,7.485,0.027,0.636,0.256,MANEUVERING
59370.0,491.018,-2770.832,-6486.719,7.485,0.027,0.636,0.256,SENSING
59370.0,491.018,-2770.832,-6486.719,7.485,0.027,0.636,0.256,MEASURING
59370.0,491.018,-2770.832,-6486.719,7.485,0.027,0.636,0.256,SENSING
59370.0,491.018,-2770.832,-6486.719,7.485,0.027,0.636,0.256,LISTENING
59399.408,710.703,-2768.689,-6464.857,7.465,0.119,0.851,0.256,SENSING
59399.408,710.703,-2768.689,-6464.857,7.465,0.119,0.851,0.256,MANEUVERING
59399.408,710.703,-2768.689,-6464.857,7.465,0.119,0.851,0.256,LISTENING
59400.0,715.119,-2768.618,-6464.352,7.465,0.121,0.855,-0.336,MANEUVERING
59400.0,715.119,-2768.618,-6464.352,7.465,0.121,0.855,-0.336,SENSING
59400.0,715.119,-2768.618,-6464.352,7.465,0.121,0.855,-0.336,LISTENING
59500.0,1455.606,-2741.024,-6342.57,7.342,0.432,1.58,-0.336,SENSING
59500.0,1455.606,-2741.024,-6342.57,7.342,0.432,1.58,-0.336,LISTENING
59600.0,2179.647,-2682.538,-6149.123,7.136,0.739,2.288,-0.336,SENSING
59600.0,2179.647,-2682.538,-6149.123,7.136,0.739,2.288,-0.336,LISTENING
59700.0,2878.988,-2593.727,-5885.984,6.848,1.039,2.973,-0.336,SENSING
59700.0,2878.988,-2593.727,-5885.984,6.848,1.039,2.973,-0.336,LISTENING
59729.413,3078.807,-2561.958,-5795.709,6.748,1.125,3.168,-0.336,SENSING
59729.413,3078.807,-2561.958,-5795.709,6.748,1.125,3.168,-0.336,LISTENING
59730.0,3082.767,-2561.298,-5793.848,6.746,1.127,3.172,-0.336,SENSING
59730.0,3082.767,-2561.298,-5793.848,6.746,1.127,3.172,-0.336,LISTENING
59738.844,3142.248,-2551.237,-5765.549,6.715,1.153,3.231,-0.336,SENSING
59738.844,3142.248,-2551.237,-5765.549,6.715,1.153,3.231,-0.336,LISTENING
59740.0,3150.003,-2549.905,-5761.812,6.711,1.156,3.238,-0.336,SENSING
59740.0,3150.003,-2549.905,-5761.812,6.711,1.156,3.238,-0.336,LISTENING
59779.865,3414.393,-2501.619,-5627.612,6.561,1.271,3.497,-0.336,SENSING
59779.865,3414.393,-2501.619,-5627.612,6.561,1.271,3.497,-0.336,LISTENING
59780.0,3415.278,-2501.448,-5627.14,6.561,1.271,3.498,-0.336,SENSING
59780.0,3415.278,-2501.448,-5627.14,6.561,1.271,3.498,-0.336,LISTENING
59800.0,3545.611,-2475.507,-5555.939,6.481,1.328,3.626,-0.336,SENSING
59800.0,3545.611,-2475.507,-5555.939,6.481,1.328,3.626,-0.336,LISTENING
59900.0,4171.828,-2329.14,-5162.563,6.04,1.602,4.239,-0.336,SENSING
59900.0,4171.828,-2329.14,-5162.563,6.04,1.602,4.239,-0.336,LISTENING
59919.016,4285.731,-2298.248,-5080.936,5.948,1.653,4.35,-0.336,SENSING
59919.016,4285.731,-2298.248,-5080.936,5.948,1.653,4.35,-0.336,LISTENING
59920.0,4291.576,-2296.624,-5076.656,5.943,1.655,4.356,-0.336,SENSING
59920.0,4291.576,-2296.624,-5076.656,5.943,1.655,4.356,-0.336,LISTENING
59948.563,4459.174,-2248.37,-4949.948,5.8,1.73,4.52,-0.336,SENSING
59948.563,4459.174,-2248.37,-4949.948,5.8,1.73,4.52,-0.336,LISTENING
59950.0,4467.497,-2245.887,-4943.45,5.793,1.733,4.528,-0.336,SENSING
59950.0,4467.497,-2245.887,-4943.45,5.793,1.733,4.528,-0.336,LISTENING
60000.0,4750.38,-2156.22,-4710.185,5.528,1.859,4.805,-0.336,SENSING
60000.0,4750.38,-2156.22,-4710.185,5.528,1.859,4.805,-0.336,LISTENING
60019.411,4856.577,-2119.734,-4615.953,5.421,1.907,4.909,-0.336,SENSING
60019.411,4856.577,-2119.734,-4615.953,5.421,1.907,4.909,-0.336,LISTENING
60020.0,4859.767,-2118.612,-4613.061,5.418,1.908,4.912,-0.336,SENSING
60020.0,4859.767,-2118.612,-4613.061,5.418,1.908,4.912,-0.336,LISTENING
60057.711,5059.917,-2045.076,-4424.205,5.203,1.998,5.108,-0.336,SENSING
60057.711,5059.917,-2045.076,-4424.205,5.203,1.998,5.108,-0.336,LISTENING
60060.0,5071.803,-2040.505,-4412.506,5.19,2.004,5.119,-0.336,SENSING
60060.0,5071.803,-2040.505,-4412.506,5.19,2.004,5.119,-0.336,LISTENING
60100.0,5274.526,-1958.657,-4203.846,4.952,2.096,5.317,-0.336,SENSING
60100.0,5274.526,-1958.657,-4203.846,4.952,2.096,5.317,-0.336,LISTENING
60200.0,5738.132,-1738.661,-3649.241,4.318,2.308,5.77,-0.336,SENSING
60200.0,5738.132,-1738.661,-3649.241,4.318,2.308,5.77,-0.336,LISTENING
60300.0,6135.75,-1498.71,-3052.658,3.633,2.495,6.157,-0.336,SENSING
60300.0,6135.75,-1498.71,-3052.658,3.633,2.495,6.157,-0.336,LISTENING
60328.592,6236.628,-1426.813,-2875.31,3.429,2.543,6.254,-0.336,SENSING
60328.592,6236.628,-1426.813,-2875.31,3.429,2.543,6.254,-0.336,MANEUVERING
60328.592,6236.628,-1426.813,-2875.31,3.429,2.543,6.254,-0.336,LISTENING
60330.0,6241.446,-1423.236,-2866.502,3.418,2.546,6.259,-1.744,MANEUVERING
60330.0,6241.446,-1423.236,-2866.502,3.418,2.546,6.259,-1.744,SENSING
60330.0,6241.446,-1423.236,-2866.502,3.418,2.546,6.259,-1.744,MEASURING
60330.0,6241.446,-1423.236,-2866.502,3.418,2.546,6.259,-1.744,SENSING
60330.0,6241.446,-1423.236,-2866.502,3.418,2.546,6.259,-1.744,LISTENING
60358.695,6336.484,-1349.664,-2685.657,3.21,2.591,6.351,-1.744,SENSING
60358.695,6336.484,-1349.664,-2685.657,3.21,2.591,6.351,-1.744,LISTENING
60360.0,6340.664,-1346.287,-2677.37,3.2,2.593,6.355,-1.744,SENSING
60360.0,6340.664,-1346.287,-2677.37,3.2,2.593,6.355,-1.744,LISTENING
60369.856,6371.828,-1320.698,-2614.617,3.128,2.609,6.385,-1.744,SENSING
60369.856,6371.828,-1320.698,-2614.617,3.128,2.609,6.385,-1.744,MANEUVERING
60369.856,6371.828,-1320.698,-2614.617,3.128,2.609,6.385,-1.744,LISTENING
60370.0,6372.278,-1320.323,-2613.698,3.127,2.609,6.386,-1.888,MANEUVERING
60370.0,6372.278,-1320.323,-2613.698,3.127,2.609,6.386,-1.888,SENSING
60370.0,6372.278,-1320.323,-2613.698,3.127,2.609,6.386,-1.888,MEASURING
60370.0,6372.278,-1320.323,-2613.698,3.127,2.609,6.386,-1.888,SENSING
60370.0,6372.278,-1320.323,-2613.698,3.127,2.609,6.386,-1.888,LISTENING
60387.859,6426.907,-1273.578,-2499.24,2.995,2.636,6.438,-1.888,SENSING
60387.859,6426.907,-1273.578,-2499.24,2.995,2.636,6.438,-1.888,LISTENING
60390.0,6433.297,-1267.942,-2485.456,2.979,2.639,6.445,-1.888,SENSING
60390.0,6433.297,-1267.942,-2485.456,2.979,2.639,6.445,-1.888,LISTENING
60400.0,6462.695,-1241.531,-2420.901,2.905,2.653,6.473,-1.888,SENSING
60400.0,6462.695,-1241.531,-2420.901,2.905,2.653,6.473,-1.888,LISTENING
60500.0,6715.1,-970.059,-1761.213,2.142,2.781,6.715,-1.888,SENSING
60500.0,6715.1,-970.059,-1761.213,2.142,2.781,6.715,-1.888,LISTENING
60600.0,6889.979,-687.408,-1081.185,1.355,2.877,6.88,-1.888,SENSING
60600.0,6889.979,-687.408,-1081.185,1.355,2.877,6.88,-1.888,LISTENING
60700.0,6985.258,-396.826,-388.662,0.551,2.94,6.965,-1.888,SENSING
60700.0,6985.258,-396.826,-388.662,0.551,2.94,6.965,-1.888,LISTENING
60749.743,7002.62,-250.363,-42.001,0.148,2.958,6.977,-1.888,SENSING
60749.743,7002.62,-250.363,-42.001,0.148,2.958,6.977,-1.888,LISTENING
60750.0,7002.658,-249.605,-40.212,0.146,2.958,6.977,-1.888,SENSING
60750.0,7002.658,-249.605,-40.212,0.146,2.958,6.977,-1.888,LISTENING
60789.069,7002.163,-134.046,232.192,-0.171,2.967,6.973,-1.888,SENSING
60789.069,7002.163,-134.046,232.192,-0.171,2.967,6.973,-1.888,LISTENING
60790.0,7002.0,-131.289,238.68,-0.179,2.967,6.972,-1.888,SENSING
60790.0,7002.0,-131.289,238.68,-0.179,2.967,6.972,-1.888,LISTENING
60800.0,6999.81,-101.663,308.355,-0.26,2.969,6.969,-1.888,SENSING
60800.0,6999.81,-101.663,308.355,-0.26,2.969,6.969,-1.888,LISTENING
60900.0,6933.468,194.679,1001.806,-1.067,2.963,6.893,-1.888,SENSING
60900.0,6933.468,194.679,1001.806,-1.067,2.963,6.893,-1.888,LISTENING
60908.491,6924.128,219.787,1060.268,-1.135,2.961,6.883,-1.888,SENSING
60908.491,6924.128,219.787,1060.268,-1.135,2.961,6.883,-1.888,LISTENING
60910.0,6922.407,224.246,1070.646,-1.147,2.961,6.881,-1.888,SENSING
60910.0,6922.407,224.246,1070.646,-1.147,2.961,6.881,-1.888,LISTENING
60949.478,6870.937,340.687,1341.126,-1.462,2.948,6.826,-1.888,SENSING
60949.478,6870.937,340.687,1341.126,-1.462,2.948,6.826,-1.888,LISTENING
60950.0,6870.174,342.223,1344.687,-1.466,2.948,6.826,-1.888,SENSING
60950.0,6870.174,342.223,1344.687,-1.466,2.948,6.826,-1.888,LISTENING
61000.0,6787.028,488.782,1683.681,-1.861,2.924,6.738,-1.888,SENSING
61000.0,6787.028,488.782,1683.681,-1.861,2.924,6.738,-1.888,LISTENING
61100.0,6562.237,777.262,2346.112,-2.633,2.851,6.505,-1.888,SENSING
61100.0,6562.237,777.262,2346.112,-2.633,2.851,6.505,-1.888,LISTENING
61200.0,6261.766,1056.803,2981.477,-3.374,2.745,6.197,-1.888,SENSING
61200.0,6261.766,1056.803,2981.477,-3.374,2.745,6.197,-1.888,LISTENING
61300.0,5889.18,1324.206,3582.492,-4.075,2.608,5.818,-1.888,SENSING
61300.0,5889.18,1324.206,3582.492,-4.075,2.608,5.818,-1.888,LISTENING
61400.0,5448.881,1576.423,4142.303,-4.728,2.441,5.373,-1.888,SENSING
61400.0,5448.881,1576.423,4142.303,-4.728,2.441,5.373,-1.888,LISTENING
61500.0,4946.053,1810.594,4654.56,-5.326,2.246,4.868,-1.888,SENSING
61500.0,4946.053,1810.594,4654.56,-5.326,2.246,4.868,-1.888,LISTENING
61600.0,4386.591,2024.085,5113.503,-5.861,2.027,4.307,-1.888,SENSING
61600.0,4386.591,2024.085,5113.503,-5.861,2.027,4.307,-1.888,LISTENING
61700.0,3777.023,2214.511,5514.015,-6.327,1.785,3.7,-1.888,SENSING
61700.0,3777.023,2214.511,5514.015,-6.327,1.785,3.7,-1.888,LISTENING
61800.0,3124.424,2379.768,5851.686,-6.721,1.523,3.051,-1.888,SENSING
61800.0,3124.424,2379.768,5851.686,-6.721,1.523,3.051,-1.888,LISTENING
61900.0,2436.329,2518.053,6122.855,-7.037,1.245,2.37,-1.888,SENSING
61900.0,2436.329,2518.053,6122.855,-7.037,1.245,2.37,-1.888,LISTENING
62000.0,1720.637,2627.882,6324.645,-7.273,0.953,1.664,-1.888,SENSING
62000.0,1720.637,2627.882,6324.645,-7.273,0.953,1.664,-1.888,LISTENING
62009.643,1650.464,2636.924,6340.352,-7.291,0.925,1.595,-1.888,SENSING
62009.643,1650.464,2636.924,6340.352,-7.291,0.925,1.595,-1.888,LISTENING
62010.0,1647.863,2637.253,6340.921,-7.292,0.924,1.593,-1.888,SENSING
62010.0,1647.863,2637.253,6340.921,-7.292,0.924,1.593,-1.888,LISTENING
62067.921,1222.945,2685.652,6421.05,-7.386,0.75,1.175,-1.888,SENSING
62067.921,1222.945,2685.652,6421.05,-7.386,0.75,1.175,-1.888,LISTENING
62070.0,1207.598,2687.202,6423.476,-7.389,0.743,1.16,-1.888,SENSING
62070.0,1207.598,2687.202,6423.476,-7.389,0.743,1.16,-1.888,LISTENING
62100.0,985.514,2708.105,6454.987,-7.426,0.652,0.942,-1.888,SENSING
62100.0,985.514,2708.105,6454.987,-7.426,0.652,0.942,-1.888,LISTENING
62200.0,239.296,2757.912,6512.637,-7.495,0.344,0.211,-1.888,SENSING
62200.0,239.296,2757.912,6512.637,-7.495,0.344,0.211,-1.888,LISTENING
62259.887,-209.416,2772.972,6512.153,-7.496,0.159,-0.227,-1.888,SENSING
62259.887,-209.416,2772.972,6512.153,-7.496,0.159,-0.227,-1.888,MANEUVERING
62259.887,-209.416,2772.972,6512.153,-7.496,0.159,-0.227,-1.888,LISTENING
62260.0,-210.263,2772.99,6512.127,-7.496,0.158,-0.228,-2.001,MANEUVERING
62260.0,-210.263,2772.99,6512.127,-7.496,0.158,-0.228,-2.001,SENSING
62260.0,-210.263,2772.99,6512.127,-7.496,0.158,-0.228,-2.001,MEASURING
62260.0,-210.263,2772.99,6512.127,-7.496,0.158,-0.228,-2.001,SENSING
62260.0,-210.263,2772.99,6512.127,-7.496,0.158,-0.228,-2.001,LISTENING
62288.828,-426.071,2776.265,6502.527,-7.486,0.069,-0.438,-2.001,SENSING
62288.828,-426.071,2776.265,6502.527,-7.486,0.069,-0.438,-2.001,MANEUVERING
62288.828,-426.071,2776.265,6502.527,-7.486,0.069,-0.438,-2.001,LISTENING
62290.0,-434.838,2776.344,6502.009,-7.485,0.065,-0.447,-0.829,MANEUVERING
62290.0,-434.838,2776.344,6502.009,-7.485,0.065,-0.447,-0.829,SENSING
62290.0,-434.838,2776.344,6502.009,-7.485,0.065,-0.447,-0.829,MEASURING
62290.0,-434.838,2776.344,6502.009,-7.485,0.065,-0.447,-0.829,SENSING
62290.0,-434.838,2776.344,6502.009,-7.485,0.065,-0.447,-0.829,LISTENING
62300.0,-509.609,2776.841,6497.178,-7.48,0.034,-0.52,-0.829,SENSING
62300.0,-509.609,2776.841,6497.178,-7.48,0.034,-0.52,-0.829,LISTENING
62338.992,-800.535,2775.819,6471.4,-7.451,-0.087,-0.803,-0.829,SENSING
62338.992,-800.535,2775.819,6471.4,-7.451,-0.087,-0.803,-0.829,LISTENING
62340.0,-808.042,2775.73,6470.587,-7.45,-0.09,-0.81,-0.829,SENSING
62340.0,-808.042,2775.73,6470.587,-7.45,-0.09,-0.81,-0.829,LISTENING
62359.603,-953.802,2773.375,6453.323,-7.431,-0.151,-0.952,-0.829,SENSING
62359.603,-953.802,2773.375,6453.323,-7.431,-0.151,-0.952,-0.829,LISTENING
62360.0,-956.75,2773.315,6452.944,-7.431,-0.152,-0.955,-0.829,SENSING
62360.0,-956.75,2773.315,6452.944,-7.431,-0.152,-0.955,-0.829,LISTENING
62400.0,-1252.816,2764.778,6409.014,-7.381,-0.276,-1.242,-0.829,SENSING
62400.0,-1252.816,2764.778,6409.014,-7.381,-0.276,-1.242,-0.829,LISTENING
62500.0,-1982.054,2721.953,6249.354,-7.201,-0.582,-1.949,-0.829,SENSING
62500.0,-1982.054,2721.953,6249.354,-7.201,-0.582,-1.949,-0.829,LISTENING
62568.65,-2470.399,2675.028,6099.362,-7.031,-0.788,-2.421,-0.829,SENSING
62568.65,-2470.399,2675.028,6099.362,-7.031,-0.788,-2.421,-0.829,LISTENING
62570.0,-2479.88,2673.964,6096.09,-7.027,-0.792,-2.43,-0.829,SENSING
62570.0,-2479.88,2673.964,6096.09,-7.027,-0.792,-2.43,-0.829,LISTENING
62597.251,-2670.181,2651.339,6027.399,-6.949,-0.872,-2.614,-0.829,SENSING
62597.251,-2670.181,2651.339,6027.399,-6.949,-0.872,-2.614,-0.829,LISTENING
62600.0,-2689.259,2648.936,6020.193,-6.941,-0.88,-2.632,-0.829,SENSING
62600.0,-2689.259,2648.936,6020.193,-6.941,-0.88,-2.632,-0.829,LISTENING
62700.0,-3366.658,2546.621,5724.277,-6.605,-1.168,-3.284,-0.829,SENSING
62700.0,-3366.658,2546.621,5724.277,-6.605,-1.168,-3.284,-0.829,LISTENING
62719.941,-3497.518,2522.815,5657.576,-6.529,-1.224,-3.409,-0.829,SENSING
62719.941,-3497.518,2522.815,5657.576,-6.529,-1.224,-3.409,-0.829,LISTENING
62720.0,-3497.902,2522.743,5657.376,-6.529,-1.224,-3.41,-0.829,SENSING
62720.0,-3497.902,2522.743,5657.376,-6.529,-1.224,-3.41,-0.829,LISTENING
62729.254,-3558.109,2511.318,5625.572,-6.493,-1.25,-3.467,-0.829,SENSING
62729.254,-3558.109,2511.318,5625.572,-6.493,-1.25,-3.467,-0.829,LISTENING
62730.0,-3562.947,2510.386,5622.984,-6.49,-1.252,-3.472,-0.829,SENSING
62730.0,-3562.947,2510.386,5622.984,-6.49,-1.252,-3.472,-0.829,LISTENING
62800.0,-4006.847,2416.22,5365.066,-6.197,-1.443,-3.897,-0.829,SENSING
62800.0,-4006.847,2416.22,5365.066,-6.197,-1.443,-3.897,-0.829,LISTENING
62900.0,-4602.869,2259.24,4946.689,-5.722,-1.7,-4.467,-0.829,SENSING
62900.0,-4602.869,2259.24,4946.689,-5.722,-1.7,-4.467,-0.829,LISTENING
62918.925,-4710.159,2226.682,4861.232,-5.625,-1.747,-4.569,-0.829,SENSING
62918.925,-4710.159,2226.682,4861.232,-5.625,-1.747,-4.569,-0.829,LISTENING
62920.0,-4716.197,2224.807,4856.322,-5.619,-1.75,-4.575,-0.829,SENSING
62920.0,-4716.197,2224.807,4856.322,-5.619,-1.75,-4.575,-0.829,LISTENING
62939.231,-4823.21,2190.777,4767.412,-5.518,-1.796,-4.676,-0.829,SENSING
62939.231,-4823.21,2190.777,4767.412,-5.518,-1.796,-4.676,-0.829,LISTENING
62940.0,-4827.449,2189.397,4763.816,-5.514,-1.798,-4.68,-0.829,SENSING
62940.0,-4827.449,2189.397,4763.816,-5.514,-1.798,-4.68,-0.829,LISTENING
63000.0,-5148.278,2077.469,4473.895,-5.185,-1.939,-4.985,-0.829,SENSING
63000.0,-5148.278,2077.469,4473.895,-5.185,-1.939,-4.985,-0.829,LISTENING
63009.874,-5199.157,2058.252,4424.457,-5.129,-1.961,-5.034,-0.829,SENSING
63009.874,-5199.157,2058.252,4424.457,-5.129,-1.961,-5.034,-0.829,LISTENING
63010.0,-5199.804,2058.005,4423.822,-5.128,-1.962,-5.034,-0.829,SENSING
63010.0,-5199.804,2058.005,4423.822,-5.128,-1.962,-5.034,-0.829,LISTENING
63049.905,-5399.679,1978.111,4219.226,-4.896,-2.05,-5.224,-0.829,SENSING
63049.905,-5399.679,1978.111,4219.226,-4.896,-2.05,-5.224,-0.829,LISTENING
63050.0,-5400.144,1977.916,4218.73,-4.895,-2.05,-5.224,-0.829,SENSING
63050.0,-5400.144,1977.916,4218.73,-4.895,-2.05,-5.224,-0.829,LISTENING
63100.0,-5637.203,1872.952,3951.993,-4.592,-2.156,-5.448,-0.829,SENSING
63100.0,-5637.203,1872.952,3951.993,-4.592,-2.156,-5.448,-0.829,LISTENING
63200.0,-6064.403,1647.968,3386.799,-3.951,-2.349,-5.851,-0.829,SENSING
63200.0,-6064.403,1647.968,3386.799,-3.951,-2.349,-5.851,-0.829,LISTENING
63300.0,-6425.315,1405.005,2784.569,-3.267,-2.516,-6.189,-0.829,SENSING
63300.0,-6425.315,1405.005,2784.569,-3.267,-2.516,-6.189,-0.829,LISTENING
63400.0,-6716.096,1146.737,2151.933,-2.548,-2.655,-6.459,-0.829,SENSING
63400.0,-6716.096,1146.737,2151.933,-2.548,-2.655,-6.459,-0.829,LISTENING
63500.0,-6933.656,875.988,1495.825,-1.803,-2.765,-6.658,-0.829,SENSING
63500.0,-6933.656,875.988,1495.825,-1.803,-2.765,-6.658,-0.829,LISTENING
63600.0,-7075.688,595.713,823.415,-1.038,-2.846,-6.785,-0.829,SENSING
63600.0,-7075.688,595.713,823.415,-1.038,-2.846,-6.785,-0.829,LISTENING
63639.211,-7110.411,483.875,556.898,-0.735,-2.869,-6.814,-0.829,SENSING
63639.211,-7110.411,483.875,556.898,-0.735,-2.869,-6.814,-0.829,LISTENING
63640.0,-7110.987,481.616,551.526,-0.728,-2.869,-6.815,-0.829,SENSING
63640.0,-7110.987,481.616,551.526,-0.728,-2.869,-6.815,-0.829,LISTENING
63648.974,-7117.206,455.896,490.378,-0.659,-2.874,-6.82,-0.829,SENSING
63648.974,-7117.206,455.896,490.378,-0.659,-2.874,-6.82,-0.829,LISTENING
63650.0,-7117.878,452.953,483.384,-0.651,-2.874,-6.82,-0.829,SENSING
63650.0,-7117.878,452.953,483.384,-0.651,-2.874,-6.82,-0.829,LISTENING
63700.0,-7140.684,308.961,142.037,-0.262,-2.895,-6.837,-0.829,SENSING
63700.0,-7140.684,308.961,142.037,-0.262,-2.895,-6.837,-0.829,LISTENING
63800.0,-7127.952,18.847,-540.888,0.516,-2.913,-6.816,-0.829,SENSING
63800.0,-7127.952,18.847,-540.888,0.516,-2.913,-6.816,-0.829,LISTENING
63900.0,-7037.621,-271.478,-1217.922,1.29,-2.899,-6.72,-0.829,SENSING
63900.0,-7037.621,-271.478,-1217.922,1.29,-2.899,-6.72,-0.829,LISTENING
64000.0,-6870.64,-558.858,-1881.685,2.049,-2.854,-6.55,-0.829,SENSING
64000.0,-6870.64,-558.858,-1881.685,2.049,-2.854,-6.55,-0.829,LISTENING
64029.669,-6806.593,-643.093,-2074.992,2.271,-2.834,-6.486,-0.829,SENSING
64029.669,-6806.593,-643.093,-2074.992,2.271,-2.834,-6.486,-0.829,MANEUVERING
64029.669,-6806.593,-643.093,-2074.992,2.271,-2.834,-6.486,-0.829,LISTENING
64030.0,-6805.841,-644.03,-2077.138,2.273,-2.834,-6.485,-0.499,MANEUVERING
64030.0,-6805.841,-644.03,-2077.138,2.273,-2.834,-6.485,-0.499,SENSING
64030.0,-6805.841,-644.03,-2077.138,2.273,-2.834,-6.485,-0.499,MEASURING
64030.0,-6805.841,-644.03,-2077.138,2.273,-2.834,-6.485,-0.499,SENSING
64030.0,-6805.841,-644.03,-2077.138,2.273,-2.834,-6.485,-0.499,LISTENING
64048.22,-6763.22,-695.454,-2194.859,2.408,-2.821,-6.443,-0.499,SENSING
64048.22,-6763.22,-695.454,-2194.859,2.408,-2.821,-6.443,-0.499,MANEUVERING
64048.22,-6763.22,-695.454,-2194.859,2.408,-2.821,-6.443,-0.499,LISTENING
64050.0,-6758.925,-700.465,-2206.317,2.421,-2.82,-6.439,-2.279,MANEUVERING
64050.0,-6758.925,-700.465,-2206.317,2.421,-2.82,-6.439,-2.279,SENSING
64050.0,-6758.925,-700.465,-2206.317,2.421,-2.82,-6.439,-2.279,MEASURING
64050.0,-6758.925,-700.465,-2206.317,2.421,-2.82,-6.439,-2.279,SENSING
64050.0,-6758.925,-700.465,-2206.317,2.421,-2.82,-6.439,-2.279,LISTENING
64100.0,-6628.77,-840.167,-2524.928,2.787,-2.777,-6.309,-2.279,SENSING
64100.0,-6628.77,-840.167,-2524.928,2.787,-2.777,-6.309,-2.279,LISTENING
64119.705,-6572.486,-894.615,-2648.644,2.929,-2.759,-6.254,-2.279,SENSING
64119.705,-6572.486,-894.615,-2648.644,2.929,-2.759,-6.254,-2.279,LISTENING
64120.0,-6571.621,-895.428,-2650.49,2.931,-2.759,-6.253,-2.279,SENSING
64120.0,-6571.621,-895.428,-2650.49,2.931,-2.759,-6.253,-2.279,LISTENING
64198.239,-6320.711,-1107.637,-3130.043,3.483,-2.673,-6.005,-2.279,SENSING
64198.239,-6320.711,-1107.637,-3130.043,3.483,-2.673,-6.005,-2.279,LISTENING
64200.0,-6314.571,-1112.333,-3140.607,3.496,-2.671,-5.999,-2.279,SENSING
64200.0,-6314.571,-1112.333,-3140.607,3.496,-2.671,-5.999,-2.279,LISTENING
64300.0,-5931.374,-1372.378,-3721.954,4.167,-2.535,-5.623,-2.279,SENSING
64300.0,-5931.374,-1372.378,-3721.954,4.167,-2.535,-5.623,-2.279,LISTENING
64400.0,-5483.259,-1617.44,-4262.544,4.794,-2.371,-5.184,-2.279,SENSING
64400.0,-5483.259,-1617.44,-4262.544,4.794,-2.371,-5.184,-2.279,LISTENING
64469.237,-5137.455,-1776.904,-4609.775,5.198,-2.242,-4.847,-2.279,SENSING
64469.237,-5137.455,-1776.904,-4609.775,5.198,-2.242,-4.847,-2.279,MANEUVERING
64469.237,-5137.455,-1776.904,-4609.775,5.198,-2.242,-4.847,-2.279,LISTENING
64470.0,-5133.49,-1778.611,-4613.47,5.202,-2.24,-4.843,-3.042,MANEUVERING
64470.0,-5133.49,-1778.611,-4613.47,5.202,-2.24,-4.843,-3.042,SENSING
64470.0,-5133.49,-1778.611,-4613.47,5.202,-2.24,-4.843,-3.042,MEASURING
64470.0,-5133.49,-1778.611,-4613.47,5.202,-2.24,-4.843,-3.042,SENSING
64470.0,-5133.49,-1778.611,-4613.47,5.202,-2.24,-4.843,-3.042,LISTENING
64499.15,-4979.574,-1842.958,-4752.383,5.365,-2.182,-4.692,-3.042,SENSING
64499.15,-4979.574,-1842.958,-4752.383,5.365,-2.182,-4.692,-3.042,MANEUVERING
64499.15,-4979.574,-1842.958,-4752.383,5.365,-2.182,-4.692,-3.042,LISTENING
64500.0,-4975.015,-1844.809,-4756.368,5.369,-2.18,-4.688,-2.192,MANEUVERING
64500.0,-4975.015,-1844.809,-4756.368,5.369,-2.18,-4.688,-2.192,SENSING
64500.0,-4975.015,-1844.809,-4756.368,5.369,-2.18,-4.688,-2.192,LISTENING
64600.0,-4412.096,-2051.952,-5197.893,5.887,-1.966,-4.139,-2.192,SENSING
64600.0,-4412.096,-2051.952,-5197.893,5.887,-1.966,-4.139,-2.192,LISTENING
64700.0,-3800.572,-2236.542,-5582.127,6.341,-1.729,-3.543,-2.192,SENSING
64700.0,-3800.572,-2236.542,-5582.127,6.341,-1.729,-3.543,-2.192,LISTENING
64718.924,-3679.912,-2268.76,-5648.022,6.419,-1.682,-3.425,-2.192,SENSING
64718.924,-3679.912,-2268.76,-5648.022,6.419,-1.682,-3.425,-2.192,LISTENING
64720.0,-3673.009,-2270.565,-5651.701,6.424,-1.679,-3.418,-2.192,SENSING
64720.0,-3673.009,-2270.565,-5651.701,6.424,-1.679,-3.418,-2.192,LISTENING
64799.537,-3150.183,-2395.804,-5903.328,6.725,-1.474,-2.909,-2.192,SENSING
64799.537,-3150.183,-2395.804,-5903.328,6.725,-1.474,-2.909,-2.192,LISTENING
64800.0,-3147.072,-2396.485,-5904.674,6.726,-1.472,-2.905,-2.192,SENSING
64800.0,-3147.072,-2396.485,-5904.674,6.726,-1.472,-2.905,-2.192,LISTENING
64900.0,-2458.716,-2529.943,-6161.786,7.038,-1.199,-2.234,-2.192,SENSING
64900.0,-2458.716,-2529.943,-6161.786,7.038,-1.199,-2.234,-2.192,LISTENING
65000.0,-1743.051,-2635.361,-6350.415,7.272,-0.911,-1.536,-2.192,SENSING
65000.0,-1743.051,-2635.361,-6350.415,7.272,-0.911,-1.536,-2.192,LISTENING
65100.0,-1007.969,-2711.478,-6468.248,7.426,-0.612,-0.819,-2.192,SENSING
65100.0,-1007.969,-2711.478,-6468.248,7.426,-0.612,-0.819,-2.192,LISTENING
65108.869,-942.111,-2716.78,-6475.223,7.436,-0.585,-0.755,-2.192,SENSING
65108.869,-942.111,-2716.78,-6475.223,7.436,-0.585,-0.755,-2.192,LISTENING
65110.0,-933.705,-2717.439,-6476.072,7.437,-0.582,-0.747,-2.192,SENSING
65110.0,-933.705,-2717.439,-6476.072,7.437,-0.582,-0.747,-2.192,LISTENING
65179.489,-415.221,-2750.444,-6510.361,7.49,-0.369,-0.24,-2.192,SENSING
65179.489,-415.221,-2750.444,-6510.361,7.49,-0.369,-0.24,-2.192,LISTENING
65180.0,-411.397,-2750.632,-6510.482,7.49,-0.367,-0.237,-2.192,SENSING
65180.0,-411.397,-2750.632,-6510.482,7.49,-0.367,-0.237,-2.192,LISTENING
65188.982,-344.153,-2753.803,-6512.311,7.494,-0.34,-0.171,-2.192,SENSING
65188.982,-344.153,-2753.803,-6512.311,7.494,-0.34,-0.171,-2.192,LISTENING
65190.0,-336.529,-2754.147,-6512.481,7.494,-0.336,-0.163,-2.192,SENSING
65190.0,-336.529,-2754.147,-6512.481,7.494,-0.336,-0.163,-2.192,LISTENING
65200.0,-261.625,-2757.353,-6513.749,7.497,-0.306,-0.09,-2.192,SENSING
65200.0,-261.625,-2757.353,-6513.749,7.497,-0.306,-0.09,-2.192,LISTENING
65300.0,487.646,-2772.378,-6486.176,7.485,0.005,0.642,-2.192,SENSING
65300.0,487.646,-2772.378,-6486.176,7.485,0.005,0.642,-2.192,LISTENING
65328.655,701.706,-2770.95,-6464.796,7.465,0.095,0.851,-2.192,SENSING
65328.655,701.706,-2770.95,-6464.796,7.465,0.095,0.851,-2.192,LISTENING
65330.0,711.74,-2770.82,-6463.645,7.464,0.099,0.861,-2.192,SENSING
65330.0,711.74,-2770.82,-6463.645,7.464,0.099,0.861,-2.192,LISTENING
65359.255,929.576,-2766.601,-6435.358,7.437,0.19,1.074,-2.192,SENSING
65359.255,929.576,-2766.601,-6435.358,7.437,0.19,1.074,-2.192,LISTENING
65360.0,935.112,-2766.459,-6434.556,7.436,0.193,1.079,-2.192,SENSING
65360.0,935.112,-2766.459,-6434.556,7.436,0.193,1.079,-2.192,LISTENING
65400.0,1231.425,-2756.284,-6385.609,7.388,0.317,1.369,-2.192,SENSING
65400.0,1231.425,-2756.284,-6385.609,7.388,0.317,1.369,-2.192,LISTENING
65500.0,1961.302,-2709.155,-6212.954,7.207,0.627,2.083,-2.192,SENSING
65500.0,1961.302,-2709.155,-6212.954,7.207,0.627,2.083,-2.192,LISTENING
65600.0,2668.971,-2631.425,-5969.944,6.943,0.93,2.775,-2.192,SENSING
65600.0,2668.971,-2631.425,-5969.944,6.943,0.93,2.775,-2.192,LISTENING
65659.838,3078.443,-2570.592,-5791.908,6.748,1.107,3.176,-2.192,SENSING
65659.838,3078.443,-2570.592,-5791.908,6.748,1.107,3.176,-2.192,LISTENING
65660.0,3079.532,-2570.413,-5791.395,6.747,1.107,3.177,-2.192,SENSING
65660.0,3079.532,-2570.413,-5791.395,6.747,1.107,3.177,-2.192,LISTENING
65679.934,3213.225,-2547.805,-5726.785,6.676,1.165,3.308,-2.192,SENSING
65679.934,3213.225,-2547.805,-5726.785,6.676,1.165,3.308,-2.192,LISTENING
65680.0,3213.665,-2547.728,-5726.567,6.675,1.166,3.309,-2.192,SENSING
65680.0,3213.665,-2547.728,-5726.567,6.675,1.166,3.309,-2.192,LISTENING
65700.0,3346.333,-2523.885,-5659.129,6.601,1.223,3.438,-2.192,SENSING
65700.0,3346.333,-2523.885,-5659.129,6.601,1.223,3.438,-2.192,LISTENING
65800.0,3985.59,-2387.669,-5283.857,6.181,1.504,4.064,-2.192,SENSING
65800.0,3985.59,-2387.669,-5283.857,6.181,1.504,4.064,-2.192,LISTENING
65900.0,4579.341,-2224.252,-4848.241,5.691,1.768,4.645,-2.192,SENSING
65900.0,4579.341,-2224.252,-4848.241,5.691,1.768,4.645,-2.192,LISTENING
65938.356,4793.532,-2154.723,-4666.141,5.484,1.864,4.854,-2.192,SENSING
65938.356,4793.532,-2154.723,-4666.141,5.484,1.864,4.854,-2.192,LISTENING
65940.0,4802.534,-2151.661,-4658.158,5.475,1.868,4.863,-2.192,SENSING
65940.0,4802.534,-2151.661,-4658.158,5.475,1.868,4.863,-2.192,LISTENING
65967.11,4948.819,-2100.215,-4524.449,5.324,1.934,5.006,-2.192,SENSING
65967.11,4948.819,-2100.215,-4524.449,5.324,1.934,5.006,-2.192,LISTENING
65970.0,4964.169,-2094.625,-4509.968,5.307,1.941,5.021,-2.192,SENSING
65970.0,4964.169,-2094.625,-4509.968,5.307,1.941,5.021,-2.192,LISTENING
66000.0,5120.679,-2035.432,-4357.118,5.133,2.012,5.174,-2.192,SENSING
66000.0,5120.679,-2035.432,-4357.118,5.133,2.012,5.174,-2.192,LISTENING
66019.994,5222.058,-1994.812,-4252.739,5.015,2.059,5.273,-2.192,SENSING
66019.994,5222.058,-1994.812,-4252.739,5.015,2.059,5.273,-2.192,LISTENING
66020.0,5222.089,-1994.799,-4252.707,5.015,2.059,5.273,-2.192,SENSING
66020.0,5222.089,-1994.799,-4252.707,5.015,2.059,5.273,-2.192,LISTENING
66078.792,5506.128,-1870.13,-3934.641,4.652,2.189,5.549,-2.192,SENSING
66078.792,5506.128,-1870.13,-3934.641,4.652,2.189,5.549,-2.192,LISTENING
66080.0,5511.739,-1867.489,-3927.937,4.644,2.192,5.555,-2.192,SENSING
66080.0,5511.739,-1867.489,-3927.937,4.644,2.192,5.555,-2.192,LISTENING
66100.0,5603.277,-1823.312,-3816.0,4.516,2.234,5.644,-2.192,SENSING
66100.0,5603.277,-1823.312,-3816.0,4.516,2.234,5.644,-2.192,LISTENING
66200.0,6021.472,-1590.277,-3231.006,3.846,2.431,6.051,-2.192,SENSING
66200.0,6021.472,-1590.277,-3231.006,3.846,2.431,6.051,-2.192,LISTENING
66300.0,6370.339,-1338.969,-2608.802,3.13,2.6,6.388,-2.192,SENSING
66300.0,6370.339,-1338.969,-2608.802,3.13,2.6,6.388,-2.192,LISTENING
66400.0,6645.758,-1072.252,-1956.508,2.377,2.739,6.652,-2.192,SENSING
66400.0,6645.758,-1072.252,-1956.508,2.377,2.739,6.652,-2.192,LISTENING
66459.465,6773.337,-907.589,-1557.419,1.916,2.807,6.773,-2.192,SENSING
66459.465,6773.337,-907.589,-1557.419,1.916,2.807,6.773,-2.192,LISTENING
66460.0,6774.361,-906.089,-1553.796,1.911,2.808,6.774,-2.192,SENSING
66460.0,6774.361,-906.089,-1553.796,1.911,2.808,6.774,-2.192,LISTENING
66478.848,6808.965,-853.082,-1425.876,1.763,2.827,6.806,-2.192,SENSING
66478.848,6808.965,-853.082,-1425.876,1.763,2.827,6.806,-2.192,LISTENING
66480.0,6810.989,-849.831,-1418.038,1.754,2.828,6.808,-2.192,SENSING
66480.0,6810.989,-849.831,-1418.038,1.754,2.828,6.808,-2.192,LISTENING
66500.0,6844.469,-793.18,-1281.624,1.596,2.847,6.84,-2.192,SENSING
66500.0,6844.469,-793.18,-1281.624,1.596,2.847,6.84,-2.192,LISTENING
66600.0,6964.118,-504.961,-591.931,0.796,2.922,6.948,-2.192,SENSING
66600.0,6964.118,-504.961,-591.931,0.796,2.922,6.948,-2.192,LISTENING
66619.442,6978.064,-448.142,-456.793,0.639,2.933,6.96,-2.192,SENSING
66619.442,6978.064,-448.142,-456.793,0.639,2.933,6.96,-2.192,LISTENING
66620.0,6978.419,-446.509,-452.914,0.635,2.933,6.96,-2.192,SENSING
66620.0,6978.419,-446.509,-452.914,0.635,2.933,6.96,-2.192,LISTENING
66689.927,7003.01,-240.699,34.363,0.069,2.961,6.977,-2.192,SENSING
66689.927,7003.01,-240.699,34.363,0.069,2.961,6.977,-2.192,LISTENING
66690.0,7003.015,-240.483,34.872,0.068,2.961,6.977,-2.192,SENSING
66690.0,7003.015,-240.483,34.872,0.068,2.961,6.977,-2.192,LISTENING
66698.995,7003.299,-213.885,97.597,-0.005,2.963,6.976,-2.192,SENSING
66698.995,7003.299,-213.885,97.597,-0.005,2.963,6.976,-2.192,LISTENING
66700.0,7003.29,-210.912,104.605,-0.013,2.964,6.976,-2.192,SENSING
66700.0,7003.29,-210.912,104.605,-0.013,2.964,6.976,-2.192,LISTENING
66800.0,6961.524,85.575,799.931,-0.822,2.971,6.924,-2.192,SENSING
66800.0,6961.524,85.575,799.931,-0.822,2.971,6.924,-2.192,LISTENING
66900.0,6839.325,381.083,1486.012,-1.621,2.944,6.792,-2.192,SENSING
66900.0,6839.325,381.083,1486.012,-1.621,2.944,6.792,-2.192,LISTENING
66938.721,6770.687,494.514,1747.488,-1.926,2.924,6.719,-2.192,SENSING
66938.721,6770.687,494.514,1747.488,-1.926,2.924,6.719,-2.192,LISTENING
66940.0,6768.219,498.247,1756.076,-1.936,2.924,6.716,-2.192,SENSING
66940.0,6768.219,498.247,1756.076,-1.936,2.924,6.716,-2.192,LISTENING
66996.785,6645.826,662.949,2133.769,-2.376,2.886,6.589,-2.192,SENSING
66996.785,6645.826,662.949,2133.769,-2.376,2.886,6.589,-2.192,LISTENING
67000.0,6638.152,672.206,2154.928,-2.401,2.883,6.581,-2.192,SENSING
67000.0,6638.152,672.206,2154.928,-2.401,2.883,6.581,-2.192,LISTENING
67100.0,6360.4,955.598,2798.976,-3.152,2.789,6.294,-2.192,SENSING
67100.0,6360.4,955.598,2798.976,-3.152,2.789,6.294,-2.192,LISTENING
67200.0,6009.366,1228.011,3410.764,-3.866,2.663,5.936,-2.192,SENSING
67200.0,6009.366,1228.011,3410.764,-3.866,2.663,5.936,-2.192,LISTENING
67300.0,5589.204,1486.335,3983.301,-4.535,2.507,5.51,-2.192,SENSING
67300.0,5589.204,1486.335,3983.301,-4.535,2.507,5.51,-2.192,LISTENING
67400.0,5104.865,1727.636,4510.086,-5.149,2.323,5.021,-2.192,SENSING
67400.0,5104.865,1727.636,4510.086,-5.149,2.323,5.021,-2.192,LISTENING
67500.0,4562.036,1949.191,4985.177,-5.704,2.112,4.476,-2.192,SENSING
67500.0,4562.036,1949.191,4985.177,-5.704,2.112,4.476,-2.192,LISTENING
67600.0,3967.059,2148.52,5403.263,-6.192,1.878,3.882,-2.192,SENSING
67600.0,3967.059,2148.52,5403.263,-6.192,1.878,3.882,-2.192,LISTENING
67700.0,3326.853,2323.412,5759.723,-6.609,1.623,3.245,-2.192,SENSING
67700.0,3326.853,2323.412,5759.723,-6.609,1.623,3.245,-2.192,LISTENING
67749.181,2997.642,2399.865,5911.213,-6.786,1.491,2.918,-2.192,SENSING
67749.181,2997.642,2399.865,5911.213,-6.786,1.491,2.918,-2.192,MANEUVERING
67749.181,2997.642,2399.865,5911.213,-6.786,1.491,2.918,-2.192,LISTENING
67750.0,2992.086,2401.083,5913.599,-6.788,1.488,2.912,-1.372,MANEUVERING
67750.0,2992.086,2401.083,5913.599,-6.788,1.488,2.912,-1.372,SENSING
67750.0,2992.086,2401.083,5913.599,-6.788,1.488,2.912,-1.372,MEASURING
67750.0,2992.086,2401.083,5913.599,-6.788,1.488,2.912,-1.372,SENSING
67750.0,2992.086,2401.083,5913.599,-6.788,1.488,2.912,-1.372,LISTENING
67787.721,2733.854,2455.187,6018.587,-6.911,1.384,2.656,-1.372,SENSING
67787.721,2733.854,2455.187,6018.587,-6.911,1.384,2.656,-1.372,MANEUVERING
67787.721,2733.854,2455.187,6018.587,-6.911,1.384,2.656,-1.372,LISTENING
67790.0,2718.107,2458.33,6024.62,-6.918,1.378,2.641,-3.651,MANEUVERING
67790.0,2718.107,2458.33,6024.62,-6.918,1.378,2.641,-3.651,SENSING
67790.0,2718.107,2458.33,6024.62,-6.918,1.378,2.641,-3.651,MEASURING
67790.0,2718.107,2458.33,6024.62,-6.918,1.378,2.641,-3.651,SENSING
67790.0,2718.107,2458.33,6024.62,-6.918,1.378,2.641,-3.651,LISTENING
67796.629,2672.211,2467.39,6041.967,-6.938,1.36,2.595,-3.651,SENSING
67796.629,2672.211,2467.39,6041.967,-6.938,1.36,2.595,-3.651,MANEUVERING
67796.629,2672.211,2467.39,6041.967,-6.938,1.36,2.595,-3.651,LISTENING
67800.0,2648.821,2471.95,6050.672,-6.949,1.35,2.572,-0.28,MANEUVERING
67800.0,2648.821,2471.95,6050.672,-6.949,1.35,2.572,-0.28,SENSING
67800.0,2648.821,2471.95,6050.672,-6.949,1.35,2.572,-0.28,LISTENING
67839.194,2374.438,2522.62,6146.136,-7.06,1.239,2.301,-0.28,SENSING
67839.194,2374.438,2522.62,6146.136,-7.06,1.239,2.301,-0.28,LISTENING
67840.0,2368.752,2523.616,6147.986,-7.063,1.237,2.295,-0.28,SENSING
67840.0,2368.752,2523.616,6147.986,-7.063,1.237,2.295,-0.28,LISTENING
67848.344,2309.772,2533.821,6166.885,-7.085,1.213,2.237,-0.28,SENSING
67848.344,2309.772,2533.821,6166.885,-7.085,1.213,2.237,-0.28,LISTENING
67850.0,2298.044,2535.822,6170.578,-7.089,1.208,2.225,-0.28,SENSING
67850.0,2298.044,2535.822,6170.578,-7.089,1.208,2.225,-0.28,LISTENING
67900.0,1940.76,2592.53,6273.003,-7.209,1.063,1.873,-0.28,SENSING
67900.0,1940.76,2592.53,6273.003,-7.209,1.063,1.873,-0.28,LISTENING
68000.0,1210.763,2683.876,6424.407,-7.387,0.765,1.154,-0.28,SENSING
68000.0,1210.763,2683.876,6424.407,-7.387,0.765,1.154,-0.28,LISTENING
68100.0,467.122,2745.052,6503.4,-7.482,0.459,0.425,-0.28,SENSING
68100.0,467.122,2745.052,6503.4,-7.482,0.459,0.425,-0.28,LISTENING
68119.941,317.937,2753.585,6510.42,-7.491,0.398,0.279,-0.28,SENSING
68119.941,317.937,2753.585,6510.42,-7.491,0.398,0.279,-0.28,MANEUVERING
68119.941,317.937,2753.585,6510.42,-7.491,0.398,0.279,-0.28,LISTENING
68120.0,317.495,2753.609,6510.436,-7.491,0.397,0.279,-0.339,MANEUVERING
68120.0,317.495,2753.609,6510.436,-7.491,0.397,0.279,-0.339,SENSING
68120.0,317.495,2753.609,6510.436,-7.491,0.397,0.279,-0.339,MEASURING
68120.0,317.495,2753.609,6510.436,-7.491,0.397,0.279,-0.339,SENSING
68120.0,317.495,2753.609,6510.436,-7.491,0.397,0.279,-0.339,LISTENING
68189.697,-204.611,2773.765,6512.089,-7.495,0.181,-0.231,-0.339,SENSING
68189.697,-204.611,2773.765,6512.089,-7.495,0.181,-0.231,-0.339,MANEUVERING
68189.697,-204.611,2773.765,6512.089,-7.495,0.181,-0.231,-0.339,LISTENING
68190.0,-206.88,2773.819,6512.019,-7.495,0.18,-0.233,-0.036,MANEUVERING
68190.0,-206.88,2773.819,6512.019,-7.495,0.18,-0.233,-0.036,SENSING
68190.0,-206.88,2773.819,6512.019,-7.495,0.18,-0.233,-0.036,MEASURING
68190.0,-206.88,2773.819,6512.019,-7.495,0.18,-0.233,-0.036,SENSING
68190.0,-206.88,2773.819,6512.019,-7.495,0.18,-0.233,-0.036,MESSAGING
68190.0,-206.88,2773.819,6512.019,-7.495,0.18,-0.233,-0.036,SENSING
68190.0,-206.88,2773.819,6512.019,-7.495,0.18,-0.233,-0.036,LISTENING
68199.143,-275.349,2775.338,6509.581,-7.493,0.152,-0.3,-0.036,SENSING
68199.143,-275.349,2775.338,6509.581,-7.493,0.152,-0.3,-0.036,MANEUVERING
68199.143,-275.349,2775.338,6509.581,-7.493,0.152,-0.3,-0.036,LISTENING
68200.0,-281.765,2775.467,6509.321,-7.492,0.149,-0.306,-0.893,MANEUVERING
68200.0,-281.765,2775.467,6509.321,-7.492,0.149,-0.306,-0.893,SENSING
68200.0,-281.765,2775.467,6509.321,-7.492,0.149,-0.306,-0.893,LISTENING
68300.0,-1027.5,2774.877,6442.336,-7.419,-0.162,-1.032,-0.893,SENSING
68300.0,-1027.5,2774.877,6442.336,-7.419,-0.162,-1.032,-0.893,LISTENING
68400.0,-1761.768,2743.386,6303.42,-7.263,-0.469,-1.744,-0.893,SENSING
68400.0,-1761.768,2743.386,6303.42,-7.263,-0.469,-1.744,-0.893,LISTENING
68500.0,-2476.436,2681.439,6094.342,-7.027,-0.771,-2.435,-0.893,SENSING
68500.0,-2476.436,2681.439,6094.342,-7.027,-0.771,-2.435,-0.893,LISTENING
68600.0,-3163.633,2589.81,5817.631,-6.714,-1.064,-3.097,-0.893,SENSING
68600.0,-3163.633,2589.81,5817.631,-6.714,-1.064,-3.097,-0.893,LISTENING
68700.0,-3815.837,2469.596,5476.542,-6.328,-1.343,-3.722,-0.893,SENSING
68700.0,-3815.837,2469.596,5476.542,-6.328,-1.343,-3.722,-0.893,LISTENING
68800.0,-4425.948,2322.196,5075.014,-5.872,-1.608,-4.305,-0.893,SENSING
68800.0,-4425.948,2322.196,5075.014,-5.872,-1.608,-4.305,-0.893,LISTENING
68900.0,-4987.359,2149.297,4617.618,-5.354,-1.854,-4.839,-0.893,SENSING
68900.0,-4987.359,2149.297,4617.618,-5.354,-1.854,-4.839,-0.893,LISTENING
69000.0,-5494.017,1952.851,4109.507,-4.778,-2.079,-5.319,-0.893,SENSING
69000.0,-5494.017,1952.851,4109.507,-4.778,-2.079,-5.319,-0.893,LISTENING
69100.0,-5940.486,1735.053,3556.354,-4.15,-2.281,-5.74,-0.893,SENSING
69100.0,-5940.486,1735.053,3556.354,-4.15,-2.281,-5.74,-0.893,LISTENING
69129.635,-6060.517,1666.757,3384.665,-3.956,-2.336,-5.852,-0.893,SENSING
69129.635,-6060.517,1666.757,3384.665,-3.956,-2.336,-5.852,-0.893,MANEUVERING
69129.635,-6060.517,1666.757,3384.665,-3.956,-2.336,-5.852,-0.893,LISTENING
69130.0,-6061.958,1665.906,3382.532,-3.953,-2.337,-5.854,-1.258,MANEUVERING
69130.0,-6061.958,1665.906,3382.532,-3.953,-2.337,-5.854,-1.258,SENSING
69130.0,-6061.958,1665.906,3382.532,-3.953,-2.337,-5.854,-1.258,MEASURING
69130.0,-6061.958,1665.906,3382.532,-3.953,-2.337,-5.854,-1.258,SENSING
69130.0,-6061.958,1665.906,3382.532,-3.953,-2.337,-5.854,-1.258,LISTENING
69159.897,-6177.075,1595.368,3205.991,-3.753,-2.39,-5.961,-1.258,SENSING
69159.897,-6177.075,1595.368,3205.991,-3.753,-2.39,-5.961,-1.258,MANEUVERING
69159.897,-6177.075,1595.368,3205.991,-3.753,-2.39,-5.961,-1.258,LISTENING
69160.0,-6177.461,1595.122,3205.377,-3.752,-2.391,-5.962,-1.361,MANEUVERING
69160.0,-6177.461,1595.122,3205.377,-3.752,-2.391,-5.962,-1.361,SENSING
69160.0,-6177.461,1595.122,3205.377,-3.752,-2.391,-5.962,-1.361,MEASURING
69160.0,-6177.461,1595.122,3205.377,-3.752,-2.391,-5.962,-1.361,SENSING
69160.0,-6177.461,1595.122,3205.377,-3.752,-2.391,-5.962,-1.361,LISTENING
69178.352,-6245.128,1551.044,3095.439,-3.627,-2.422,-6.025,-1.361,SENSING
69178.352,-6245.128,1551.044,3095.439,-3.627,-2.422,-6.025,-1.361,MANEUVERING
69178.352,-6245.128,1551.044,3095.439,-3.627,-2.422,-6.025,-1.361,LISTENING
69180.0,-6251.093,1547.058,3085.51,-3.616,-2.425,-6.031,0.287,MANEUVERING
69180.0,-6251.093,1547.058,3085.51,-3.616,-2.425,-6.031,0.287,SENSING
69180.0,-6251.093,1547.058,3085.51,-3.616,-2.425,-6.031,0.287,MEASURING
69180.0,-6251.093,1547.058,3085.51,-3.616,-2.425,-6.031,0.287,SENSING
69180.0,-6251.093,1547.058,3085.51,-3.616,-2.425,-6.031,0.287,LISTENING
69200.0,-6321.991,1498.318,2964.293,-3.479,-2.458,-6.097,0.287,SENSING
69200.0,-6321.991,1498.318,2964.293,-3.479,-2.458,-6.097,0.287,LISTENING
69300.0,-6634.467,1245.254,2339.851,-2.77,-2.608,-6.387,0.287,SENSING
69300.0,-6634.467,1245.254,2339.851,-2.77,-2.608,-6.387,0.287,LISTENING
69400.0,-6874.59,978.634,1689.88,-2.032,-2.73,-6.607,0.287,SENSING
69400.0,-6874.59,978.634,1689.88,-2.032,-2.73,-6.607,0.287,LISTENING
69500.0,-7039.812,701.369,1021.488,-1.272,-2.821,-6.755,0.287,SENSING
69500.0,-7039.812,701.369,1021.488,-1.272,-2.821,-6.755,0.287,LISTENING
69600.0,-7128.381,416.478,341.969,-0.499,-2.882,-6.83,0.287,SENSING
69600.0,-7128.381,416.478,341.969,-0.499,-2.882,-6.83,0.287,LISTENING
69700.0,-7139.354,127.056,-341.274,0.279,-2.912,-6.83,0.287,SENSING
69700.0,-7139.354,127.056,-341.274,0.279,-2.912,-6.83,0.287,LISTENING
69729.081,-7127.942,42.488,-539.601,0.506,-2.915,-6.816,0.287,SENSING
69729.081,-7127.942,42.488,-539.601,0.506,-2.915,-6.816,0.287,LISTENING
69730.0,-7127.474,39.816,-545.86,0.513,-2.915,-6.815,0.287,SENSING
69730.0,-7127.474,39.816,-545.86,0.513,-2.915,-6.815,0.287,LISTENING
69749.183,-7116.214,-15.995,-676.412,0.662,-2.915,-6.802,0.287,SENSING
69749.183,-7116.214,-15.995,-676.412,0.662,-2.915,-6.802,0.287,LISTENING
69749.282,-7116.149,-16.284,-677.086,0.663,-2.915,-6.802,0.287,SENSING
69749.282,-7116.149,-16.284,-677.086,0.663,-2.915,-6.802,0.287,LISTENING
69750.0,-7115.671,-18.372,-681.966,0.668,-2.915,-6.802,0.287,SENSING
69750.0,-7115.671,-18.372,-681.966,0.668,-2.915,-6.802,0.287,LISTENING
69800.0,-7072.609,-163.752,-1020.8,1.055,-2.91,-6.755,0.287,SENSING
69800.0,-7072.609,-163.752,-1020.8,1.055,-2.91,-6.755,0.287,LISTENING
69900.0,-6928.845,-452.787,-1689.205,1.82,-2.876,-6.607,0.287,SENSING
69900.0,-6928.845,-452.787,-1689.205,1.82,-2.876,-6.607,0.287,LISTENING
70000.0,-6709.577,-736.906,-2339.194,2.565,-2.811,-6.387,0.287,SENSING
70000.0,-6709.577,-736.906,-2339.194,2.565,-2.811,-6.387,0.287,LISTENING
70059.017,-6545.65,-901.018,-2711.263,2.992,-2.759,-6.224,0.287,SENSING
70059.017,-6545.65,-901.018,-2711.263,2.992,-2.759,-6.224,0.287,LISTENING
70060.0,-6542.705,-903.726,-2717.379,3.0,-2.758,-6.221,0.287,SENSING
70060.0,-6542.705,-903.726,-2717.379,3.0,-2.758,-6.221,0.287,LISTENING
70099.478,-6418.834,-1011.595,-2960.473,3.279,-2.716,-6.099,0.287,SENSING
70099.478,-6418.834,-1011.595,-2960.473,3.279,-2.716,-6.099,0.287,LISTENING
70100.0,-6417.122,-1013.011,-2963.655,3.283,-2.716,-6.097,0.287,SENSING
70100.0,-6417.122,-1013.011,-2963.655,3.283,-2.716,-6.097,0.287,LISTENING
70119.542,-6351.674,-1065.771,-3082.113,3.42,-2.694,-6.032,0.287,SENSING
70119.542,-6351.674,-1065.771,-3082.113,3.42,-2.694,-6.032,0.287,LISTENING
70120.0,-6350.108,-1067.002,-3084.875,3.423,-2.693,-6.031,0.287,SENSING
70120.0,-6350.108,-1067.002,-3084.875,3.423,-2.693,-6.031,0.287,LISTENING
70158.433,-6213.558,-1169.429,-3313.983,3.687,-2.646,-5.896,0.287,SENSING
70158.433,-6213.558,-1169.429,-3313.983,3.687,-2.646,-5.896,0.287,LISTENING
70160.0,-6207.776,-1173.566,-3323.213,3.698,-2.644,-5.89,0.287,SENSING
70160.0,-6207.776,-1173.566,-3323.213,3.698,-2.644,-5.89,0.287,LISTENING
70197.643,-6063.903,-1271.983,-3542.198,3.951,-2.594,-5.749,0.287,SENSING
70197.643,-6063.903,-1271.983,-3542.198,3.951,-2.594,-5.749,0.287,LISTENING
70200.0,-6054.579,-1278.081,-3555.731,3.966,-2.59,-5.74,0.287,SENSING
70200.0,-6054.579,-1278.081,-3555.731,3.966,-2.59,-5.74,0.287,LISTENING
70300.0,-5625.802,-1529.207,-4108.891,4.607,-2.436,-5.319,0.287,SENSING
70300.0,-5625.802,-1529.207,-4108.891,4.607,-2.436,-5.319,0.287,LISTENING
70309.679,-5580.951,-1552.668,-4160.132,4.667,-2.42,-5.275,0.287,SENSING
70309.679,-5580.951,-1552.668,-4160.132,4.667,-2.42,-5.275,0.287,LISTENING
70310.0,-5579.452,-1553.444,-4161.826,4.669,-2.42,-5.274,0.287,SENSING
70310.0,-5579.452,-1553.444,-4161.826,4.669,-2.42,-5.274,0.287,LISTENING
70328.904,-5490.163,-1598.796,-4260.643,4.784,-2.387,-5.186,0.287,SENSING
70328.904,-5490.163,-1598.796,-4260.643,4.784,-2.387,-5.186,0.287,LISTENING
70330.0,-5484.92,-1601.407,-4266.321,4.79,-2.385,-5.181,0.287,SENSING
70330.0,-5484.92,-1601.407,-4266.321,4.79,-2.385,-5.181,0.287,LISTENING
70349.736,-5389.275,-1648.048,-4367.599,4.908,-2.35,-5.087,0.287,SENSING
70349.736,-5389.275,-1648.048,-4367.599,4.908,-2.35,-5.087,0.287,LISTENING
70349.988,-5388.038,-1648.64,-4368.882,4.91,-2.349,-5.086,0.287,SENSING
70349.988,-5388.038,-1648.64,-4368.882,4.91,-2.349,-5.086,0.287,LISTENING
70350.0,-5387.98,-1648.668,-4368.942,4.91,-2.349,-5.086,0.287,SENSING
70350.0,-5387.98,-1648.668,-4368.942,4.91,-2.349,-5.086,0.287,LISTENING
70399.457,-5138.189,-1762.392,-4614.369,5.196,-2.257,-4.842,0.287,SENSING
70399.457,-5138.189,-1762.392,-4614.369,5.196,-2.257,-4.842,0.287,LISTENING
70400.0,-5135.369,-1763.615,-4616.996,5.199,-2.256,-4.839,0.287,SENSING
70400.0,-5135.369,-1763.615,-4616.996,5.199,-2.256,-4.839,0.287,LISTENING
70500.0,-4588.535,-1978.7,-5074.368,5.735,-2.05,-4.305,0.287,SENSING
70500.0,-4588.535,-1978.7,-5074.368,5.735,-2.05,-4.305,0.287,LISTENING
70600.0,-3991.187,-2172.053,-5475.85,6.209,-1.821,-3.722,0.287,SENSING
70600.0,-3991.187,-2172.053,-5475.85,6.209,-1.821,-3.722,0.287,LISTENING
70619.886,-3866.935,-2207.717,-5548.614,6.296,-1.772,-3.6,0.287,SENSING
70619.886,-3866.935,-2207.717,-5548.614,6.296,-1.772,-3.6,0.287,MANEUVERING
70619.886,-3866.935,-2207.717,-5548.614,6.296,-1.772,-3.6,0.287,LISTENING
70620.0,-3866.216,-2207.919,-5549.026,6.296,-1.772,-3.6,0.401,MANEUVERING
70620.0,-3866.216,-2207.919,-5549.026,6.296,-1.772,-3.6,0.401,SENSING
70620.0,-3866.216,-2207.919,-5549.026,6.296,-1.772,-3.6,0.401,MEASURING
70620.0,-3866.216,-2207.919,-5549.026,6.296,-1.772,-3.6,0.401,SENSING
70620.0,-3866.216,-2207.919,-5549.026,6.296,-1.772,-3.6,0.401,LISTENING
70679.416,-3485.083,-2308.666,-5751.814,6.538,-1.624,-3.228,0.401,SENSING
70679.416,-3485.083,-2308.666,-5751.814,6.538,-1.624,-3.228,0.401,MANEUVERING
70679.416,-3485.083,-2308.666,-5751.814,6.538,-1.624,-3.228,0.401,LISTENING
70680.0,-3481.266,-2309.612,-5753.697,6.54,-1.622,-3.224,0.985,MANEUVERING
70680.0,-3481.266,-2309.612,-5753.697,6.54,-1.622,-3.224,0.985,SENSING
70680.0,-3481.266,-2309.612,-5753.697,6.54,-1.622,-3.224,0.985,MEASURING
70680.0,-3481.266,-2309.612,-5753.697,6.54,-1.622,-3.224,0.985,SENSING
70680.0,-3481.266,-2309.612,-5753.697,6.54,-1.622,-3.224,0.985,LISTENING
70688.28,-3427.02,-2322.934,-5780.159,6.572,-1.601,-3.171,0.985,SENSING
70688.28,-3427.02,-2322.934,-5780.159,6.572,-1.601,-3.171,0.985,MANEUVERING
70688.28,-3427.02,-2322.934,-5780.159,6.572,-1.601,-3.171,0.985,LISTENING
70690.0,-3415.718,-2325.679,-5785.601,6.579,-1.597,-3.16,-0.735,MANEUVERING
70690.0,-3415.718,-2325.679,-5785.601,6.579,-1.597,-3.16,-0.735,SENSING
70690.0,-3415.718,-2325.679,-5785.601,6.579,-1.597,-3.16,-0.735,MEASURING
70690.0,-3415.718,-2325.679,-5785.601,6.579,-1.597,-3.16,-0.735,SENSING
70690.0,-3415.718,-2325.679,-5785.601,6.579,-1.597,-3.16,-0.735,LISTENING
70700.0,-3349.791,-2341.489,-5816.864,6.616,-1.571,-3.096,-0.735,SENSING
70700.0,-3349.791,-2341.489,-5816.864,6.616,-1.571,-3.096,-0.735,LISTENING
70728.25,-3161.571,-2384.748,-5901.685,6.718,-1.497,-2.912,-0.735,SENSING
70728.25,-3161.571,-2384.748,-5901.685,6.718,-1.497,-2.912,-0.735,MANEUVERING
70728.25,-3161.571,-2384.748,-5901.685,6.718,-1.497,-2.912,-0.735,LISTENING
70730.0,-3149.814,-2387.359,-5906.77,6.724,-1.492,-2.901,1.016,MANEUVERING
70730.0,-3149.814,-2387.359,-5906.77,6.724,-1.492,-2.901,1.016,SENSING
70730.0,-3149.814,-2387.359,-5906.77,6.724,-1.492,-2.901,1.016,MEASURING
70730.0,-3149.814,-2387.359,-5906.77,6.724,-1.492,-2.901,1.016,SENSING
70730.0,-3149.814,-2387.359,-5906.77,6.724,-1.492,-2.901,1.016,LISTENING
70778.059,-2822.991,-2455.87,-6038.471,6.884,-1.363,-2.582,1.016,SENSING
70778.059,-2822.991,-2455.87,-6038.471,6.884,-1.363,-2.582,1.016,MANEUVERING
70778.059,-2822.991,-2455.87,-6038.471,6.884,-1.363,-2.582,1.016,LISTENING
70780.0,-2809.633,-2458.506,-6043.467,6.89,-1.358,-2.569,-0.925,MANEUVERING
70780.0,-2809.633,-2458.506,-6043.467,6.89,-1.358,-2.569,-0.925,SENSING
70780.0,-2809.633,-2458.506,-6043.467,6.89,-1.358,-2.569,-0.925,MEASURING
70780.0,-2809.633,-2458.506,-6043.467,6.89,-1.358,-2.569,-0.925,SENSING
70780.0,-2809.633,-2458.506,-6043.467,6.89,-1.358,-2.569,-0.925,LISTENING
70800.0,-2671.325,-2485.07,-6093.469,6.951,-1.303,-2.434,-0.925,SENSING
70800.0,-2671.325,-2485.07,-6093.469,6.951,-1.303,-2.434,-0.925,LISTENING
70900.0,-1963.212,-2601.13,-6302.407,7.209,-1.02,-1.743,-0.925,SENSING
70900.0,-1963.212,-2601.13,-6302.407,7.209,-1.02,-1.743,-0.925,LISTENING
71000.0,-1233.247,-2688.297,-6441.146,7.387,-0.724,-1.03,-0.925,SENSING
71000.0,-1233.247,-2688.297,-6441.146,7.387,-0.724,-1.03,-0.925,LISTENING
71100.0,-489.516,-2745.507,-6507.919,7.484,-0.42,-0.304,-0.925,SENSING
71100.0,-489.516,-2745.507,-6507.919,7.484,-0.42,-0.304,-0.925,LISTENING
71200.0,259.694,-2772.027,-6501.75,7.497,-0.11,0.428,-0.925,SENSING
71200.0,259.694,-2772.027,-6501.75,7.497,-0.11,0.428,-0.925,LISTENING
71209.559,331.287,-2772.937,-6497.328,7.494,-0.08,0.498,-0.925,SENSING
71209.559,331.287,-2772.937,-6497.328,7.494,-0.08,0.498,-0.925,LISTENING
71210.0,334.593,-2772.972,-6497.107,7.494,-0.079,0.501,-0.925,SENSING
71210.0,334.593,-2772.972,-6497.107,7.494,-0.079,0.501,-0.925,LISTENING
71269.024,775.629,-2772.208,-6454.823,7.457,0.105,0.932,-0.925,SENSING
71269.024,775.629,-2772.208,-6454.823,7.457,0.105,0.932,-0.925,LISTENING
71270.0,782.901,-2772.104,-6453.911,7.456,0.108,0.939,-0.925,SENSING
71270.0,782.901,-2772.104,-6453.911,7.456,0.108,0.939,-0.925,LISTENING
71289.332,926.757,-2769.433,-6434.403,7.437,0.169,1.08,-0.925,SENSING
71289.332,926.757,-2769.433,-6434.403,7.437,0.169,1.08,-0.925,LISTENING
71290.0,931.721,-2769.32,-6433.681,7.436,0.171,1.085,-0.925,SENSING
71290.0,931.721,-2769.32,-6433.681,7.436,0.171,1.085,-0.925,LISTENING
71300.0,1005.977,-2767.46,-6422.476,7.425,0.202,1.157,-0.925,SENSING
71300.0,1005.977,-2767.46,-6422.476,7.425,0.202,1.157,-0.925,LISTENING
71400.0,1740.913,-2731.759,-6270.763,7.27,0.513,1.876,-0.925,SENSING
71400.0,1740.913,-2731.759,-6270.763,7.27,0.513,1.876,-0.925,LISTENING
71500.0,2456.152,-2665.23,-6048.1,7.032,0.819,2.576,-0.925,SENSING
71500.0,2456.152,-2665.23,-6048.1,7.032,0.819,2.576,-0.925,LISTENING
71558.732,2863.747,-2612.037,-5885.153,6.854,0.995,2.974,-0.925,SENSING
71558.732,2863.747,-2612.037,-5885.153,6.854,0.995,2.974,-0.925,MANEUVERING
71558.732,2863.747,-2612.037,-5885.153,6.854,0.995,2.974,-0.925,LISTENING
71560.0,2872.432,-2610.775,-5881.376,6.85,0.999,2.983,-2.194,MANEUVERING
71560.0,2872.432,-2610.775,-5881.376,6.85,0.999,2.983,-2.194,SENSING
71560.0,2872.432,-2610.775,-5881.376,6.85,0.999,2.983,-2.194,MEASURING
71560.0,2872.432,-2610.775,-5881.376,6.85,0.999,2.983,-2.194,SENSING
71560.0,2872.432,-2610.775,-5881.376,6.85,0.999,2.983,-2.194,LISTENING
71599.689,3141.438,-2568.878,-5757.812,6.714,1.116,3.246,-2.194,SENSING
71599.689,3141.438,-2568.878,-5757.812,6.714,1.116,3.246,-2.194,MANEUVERING
71599.689,3141.438,-2568.878,-5757.812,6.714,1.116,3.246,-2.194,LISTENING
71600.0,3143.524,-2568.532,-5756.803,6.713,1.117,3.248,-2.505,MANEUVERING
71600.0,3143.524,-2568.532,-5756.803,6.713,1.117,3.248,-2.505,SENSING
71600.0,3143.524,-2568.532,-5756.803,6.713,1.117,3.248,-2.505,LISTENING
71618.51,3267.066,-2547.398,-5695.59,6.645,1.171,3.369,-2.505,SENSING
71618.51,3267.066,-2547.398,-5695.59,6.645,1.171,3.369,-2.505,MANEUVERING
71618.51,3267.066,-2547.398,-5695.59,6.645,1.171,3.369,-2.505,LISTENING
71620.0,3276.953,-2545.655,-5690.568,6.639,1.175,3.379,-3.994,MANEUVERING
71620.0,3276.953,-2545.655,-5690.568,6.639,1.175,3.379,-3.994,SENSING
71620.0,3276.953,-2545.655,-5690.568,6.639,1.175,3.379,-3.994,MEASURING
71620.0,3276.953,-2545.655,-5690.568,6.639,1.175,3.379,-3.994,SENSING
71620.0,3276.953,-2545.655,-5690.568,6.639,1.175,3.379,-3.994,LISTENING
71647.808,3459.977,-2511.924,-5594.169,6.533,1.255,3.558,-3.994,SENSING
71647.808,3459.977,-2511.924,-5594.169,6.533,1.255,3.558,-3.994,MANEUVERING
71647.808,3459.977,-2511.924,-5594.169,6.533,1.255,3.558,-3.994,LISTENING
71650.0,3474.277,-2509.171,-5586.359,6.524,1.262,3.572,-1.802,MANEUVERING
71650.0,3474.277,-2509.171,-5586.359,6.524,1.262,3.572,-1.802,SENSING
71650.0,3474.277,-2509.171,-5586.359,6.524,1.262,3.572,-1.802,MEASURING
71650.0,3474.277,-2509.171,-5586.359,6.524,1.262,3.572,-1.802,SENSING
71650.0,3474.277,-2509.171,-5586.359,6.524,1.262,3.572,-1.802,LISTENING
71657.942,3525.926,-2499.081,-5557.807,6.492,1.284,3.622,-1.802,SENSING
71657.942,3525.926,-2499.081,-5557.807,6.492,1.284,3.622,-1.802,MANEUVERING
71657.942,3525.926,-2499.081,-5557.807,6.492,1.284,3.622,-1.802,LISTENING
71660.0,3539.269,-2496.437,-5550.344,6.484,1.29,3.635,-3.86,MANEUVERING
71660.0,3539.269,-2496.437,-5550.344,6.484,1.29,3.635,-3.86,SENSING
71660.0,3539.269,-2496.437,-5550.344,6.484,1.29,3.635,-3.86,MEASURING
71660.0,3539.269,-2496.437,-5550.344,6.484,1.29,3.635,-3.86,SENSING
71660.0,3539.269,-2496.437,-5550.344,6.484,1.29,3.635,-3.86,LISTENING
71700.0,3795.127,-2442.674,-5399.987,6.316,1.403,3.885,-3.86,SENSING
71700.0,3795.127,-2442.674,-5399.987,6.316,1.403,3.885,-3.86,LISTENING
71800.0,4403.43,-2289.009,-4981.547,5.847,1.674,4.48,-3.86,SENSING
71800.0,4403.43,-2289.009,-4981.547,5.847,1.674,4.48,-3.86,LISTENING
71900.0,4961.368,-2109.219,-4506.112,5.309,1.926,5.025,-3.86,SENSING
71900.0,4961.368,-2109.219,-4506.112,5.309,1.926,5.025,-3.86,LISTENING
71919.326,5062.828,-2071.624,-4408.096,5.198,1.972,5.124,-3.86,SENSING
71919.326,5062.828,-2071.624,-4408.096,5.198,1.972,5.124,-3.86,LISTENING
71920.0,5066.328,-2070.296,-4404.643,5.194,1.974,5.127,-3.86,SENSING
71920.0,5066.328,-2070.296,-4404.643,5.194,1.974,5.127,-3.86,LISTENING
71929.88,5117.323,-2050.717,-4353.767,5.136,1.997,5.177,-3.86,SENSING
71929.88,5117.323,-2050.717,-4353.767,5.136,1.997,5.177,-3.86,LISTENING
71930.0,5117.939,-2050.478,-4353.147,5.136,1.997,5.177,-3.86,SENSING
71930.0,5117.939,-2050.478,-4353.147,5.136,1.997,5.177,-3.86,LISTENING
72000.0,5462.428,-1905.299,-3979.004,4.71,2.157,5.513,-3.86,SENSING
72000.0,5462.428,-1905.299,-3979.004,4.71,2.157,5.513,-3.86,LISTENING
72019.783,5554.292,-1862.292,-3869.11,4.584,2.199,5.602,-3.86,SENSING
72019.783,5554.292,-1862.292,-3869.11,4.584,2.199,5.602,-3.86,MANEUVERING
72019.783,5554.292,-1862.292,-3869.11,4.584,2.199,5.602,-3.86,LISTENING
72020.0,5555.286,-1861.816,-3867.895,4.583,2.2,5.603,-3.643,MANEUVERING
72020.0,5555.286,-1861.816,-3867.895,4.583,2.2,5.603,-3.643,SENSING
72020.0,5555.286,-1861.816,-3867.895,4.583,2.2,5.603,-3.643,MEASURING
72020.0,5555.286,-1861.816,-3867.895,4.583,2.2,5.603,-3.643,SENSING
72020.0,5555.286,-1861.816,-3867.895,4.583,2.2,5.603,-3.643,LISTENING
72039.072,5641.454,-1819.554,-3760.282,4.46,2.24,5.687,-3.643,SENSING
72039.072,5641.454,-1819.554,-3760.282,4.46,2.24,5.687,-3.643,MANEUVERING
72039.072,5641.454,-1819.554,-3760.282,4.46,2.24,5.687,-3.643,LISTENING
72040.0,5645.587,-1817.478,-3755.005,4.454,2.242,5.691,-4.571,MANEUVERING
72040.0,5645.587,-1817.478,-3755.005,4.454,2.242,5.691,-4.571,SENSING
72040.0,5645.587,-1817.478,-3755.005,4.454,2.242,5.691,-4.571,MEASURING
72040.0,5645.587,-1817.478,-3755.005,4.454,2.242,5.691,-4.571,SENSING
72040.0,5645.587,-1817.478,-3755.005,4.454,2.242,5.691,-4.571,LISTENING
72069.561,5774.287,-1750.421,-3584.997,4.259,2.303,5.816,-4.571,SENSING
72069.561,5774.287,-1750.421,-3584.997,4.259,2.303,5.816,-4.571,MANEUVERING
72069.561,5774.287,-1750.421,-3584.997,4.259,2.303,5.816,-4.571,LISTENING
72070.0,5776.155,-1749.411,-3582.445,4.256,2.304,5.818,-5.01,MANEUVERING
72070.0,5776.155,-1749.411,-3582.445,4.256,2.304,5.818,-5.01,SENSING
72070.0,5776.155,-1749.411,-3582.445,4.256,2.304,5.818,-5.01,MEASURING
72070.0,5776.155,-1749.411,-3582.445,4.256,2.304,5.818,-5.01,SENSING
72070.0,5776.155,-1749.411,-3582.445,4.256,2.304,5.818,-5.01,LISTENING
72100.0,5900.737,-1679.536,-3406.172,4.055,2.363,5.939,-5.01,SENSING
72100.0,5900.737,-1679.536,-3406.172,4.055,2.363,5.939,-5.01,LISTENING
72139.798,6056.548,-1584.169,-3166.905,3.78,2.438,6.09,-5.01,SENSING
72139.798,6056.548,-1584.169,-3166.905,3.78,2.438,6.09,-5.01,LISTENING
72140.0,6057.31,-1583.678,-3165.678,3.779,2.438,6.09,-5.01,SENSING
72140.0,6057.31,-1583.678,-3165.678,3.779,2.438,6.09,-5.01,LISTENING
72189.701,6236.262,-1460.532,-2858.773,3.426,2.525,6.263,-5.01,SENSING
72189.701,6236.262,-1460.532,-2858.773,3.426,2.525,6.263,-5.01,LISTENING
72190.0,6237.285,-1459.778,-2856.901,3.424,2.526,6.264,-5.01,SENSING
72190.0,6237.285,-1459.778,-2856.901,3.424,2.526,6.264,-5.01,LISTENING
72200.0,6271.138,-1434.482,-2794.128,3.352,2.543,6.297,-5.01,SENSING
72200.0,6271.138,-1434.482,-2794.128,3.352,2.543,6.297,-5.01,LISTENING
72238.885,6395.865,-1334.577,-2547.037,3.067,2.605,6.417,-5.01,SENSING
72238.885,6395.865,-1334.577,-2547.037,3.067,2.605,6.417,-5.01,LISTENING
72240.0,6399.278,-1331.677,-2539.884,3.059,2.606,6.42,-5.01,SENSING
72240.0,6399.278,-1331.677,-2539.884,3.059,2.606,6.42,-5.01,LISTENING
72247.917,6423.247,-1311.032,-2488.992,3.0,2.619,6.443,-5.01,SENSING
72247.917,6423.247,-1311.032,-2488.992,3.0,2.619,6.443,-5.01,LISTENING
72250.0,6429.476,-1305.585,-2475.572,2.985,2.622,6.449,-5.01,SENSING
72250.0,6429.476,-1305.585,-2475.572,2.985,2.622,6.449,-5.01,LISTENING
72300.0,6569.262,-1172.927,-2149.87,2.609,2.693,6.583,-5.01,SENSING
72300.0,6569.262,-1172.927,-2149.87,2.609,2.693,6.583,-5.01,LISTENING
72400.0,6791.582,-897.86,-1480.796,1.836,2.813,6.793,-5.01,SENSING
72400.0,6791.582,-897.86,-1480.796,1.836,2.813,6.793,-5.01,LISTENING
72409.434,6808.541,-871.324,-1416.668,1.762,2.823,6.809,-5.01,SENSING
72409.434,6808.541,-871.324,-1416.668,1.762,2.823,6.809,-5.01,LISTENING
72410.0,6809.535,-869.731,-1412.819,1.757,2.823,6.81,-5.01,SENSING
72410.0,6809.535,-869.731,-1412.819,1.757,2.823,6.81,-5.01,LISTENING
72449.236,6872.354,-758.423,-1144.597,1.447,2.86,6.868,-5.01,SENSING
72449.236,6872.354,-758.423,-1144.597,1.447,2.86,6.868,-5.01,LISTENING
72450.0,6873.456,-756.241,-1139.353,1.441,2.861,6.869,-5.01,SENSING
72450.0,6873.456,-756.241,-1139.353,1.441,2.861,6.869,-5.01,LISTENING
72500.0,6935.465,-612.44,-794.615,1.041,2.9,6.925,-5.01,SENSING
72500.0,6935.465,-612.44,-794.615,1.041,2.9,6.925,-5.01,LISTENING
72600.0,6999.208,-319.952,-99.249,0.234,2.954,6.976,-5.01,SENSING
72600.0,6999.208,-319.952,-99.249,0.234,2.954,6.976,-5.01,LISTENING
72700.0,6982.061,-23.768,597.265,-0.576,2.974,6.948,-5.01,SENSING
72700.0,6982.061,-23.768,597.265,-0.576,2.974,6.948,-5.01,LISTENING
72709.377,6976.304,4.072,662.346,-0.652,2.974,6.941,-5.01,SENSING
72709.377,6976.304,4.072,662.346,-0.652,2.974,6.941,-5.01,LISTENING
72710.0,6975.897,5.922,666.669,-0.657,2.974,6.94,-5.01,SENSING
72710.0,6975.897,5.922,666.669,-0.657,2.974,6.94,-5.01,LISTENING
72789.218,6898.634,240.823,1213.096,-1.293,2.963,6.854,-5.01,SENSING
72789.218,6898.634,240.823,1213.096,-1.293,2.963,6.854,-5.01,LISTENING
72790.0,6897.621,243.136,1218.453,-1.3,2.963,6.853,-5.01,SENSING
72790.0,6897.621,243.136,1218.453,-1.3,2.963,6.853,-5.01,LISTENING
72800.0,6884.234,272.698,1286.875,-1.379,2.96,6.838,-5.01,SENSING
72800.0,6884.234,272.698,1286.875,-1.379,2.96,6.838,-5.01,LISTENING
72900.0,6706.898,566.028,1961.617,-2.166,2.911,6.65,-5.01,SENSING
72900.0,6706.898,566.028,1961.617,-2.166,2.911,6.65,-5.01,LISTENING
73000.0,6452.167,852.848,2613.715,-2.927,2.83,6.386,-5.01,SENSING
73000.0,6452.167,852.848,2613.715,-2.927,2.83,6.386,-5.01,LISTENING
73100.0,6123.068,1129.866,3235.677,-3.653,2.715,6.048,-5.01,SENSING
73100.0,6123.068,1129.866,3235.677,-3.653,2.715,6.048,-5.01,LISTENING
73200.0,5723.499,1393.917,3820.385,-4.336,2.57,5.641,-5.01,SENSING
73200.0,5723.499,1393.917,3820.385,-4.336,2.57,5.641,-5.01,LISTENING
73300.0,5258.175,1641.995,4361.188,-4.968,2.395,5.17,-5.01,SENSING
73300.0,5258.175,1641.995,4361.188,-4.968,2.395,5.17,-5.01,LISTENING
73400.0,4732.567,1871.295,4851.972,-5.541,2.194,4.641,-5.01,SENSING
73400.0,4732.567,1871.295,4851.972,-5.541,2.194,4.641,-5.01,LISTENING
73409.069,4682.122,1891.072,4893.815,-5.59,2.175,4.591,-5.01,SENSING
73409.069,4682.122,1891.072,4893.815,-5.59,2.175,4.591,-5.01,LISTENING
73410.0,4676.921,1893.091,4898.082,-5.595,2.172,4.585,-5.01,SENSING
73410.0,4676.921,1893.091,4898.082,-5.595,2.172,4.585,-5.01,LISTENING
73417.67,4633.878,1909.662,4933.068,-5.636,2.156,4.542,-5.01,SENSING
73417.67,4633.878,1909.662,4933.068,-5.636,2.156,4.542,-5.01,LISTENING
73420.0,4620.741,1914.671,4943.631,-5.649,2.151,4.529,-5.01,SENSING
73420.0,4620.741,1914.671,4943.631,-5.649,2.151,4.529,-5.01,LISTENING
73500.0,4152.824,2079.243,5287.236,-6.05,1.968,4.06,-5.01,SENSING
73500.0,4152.824,2079.243,5287.236,-6.05,1.968,4.06,-5.01,LISTENING
73600.0,3525.699,2263.525,5662.152,-6.489,1.72,3.435,-5.01,SENSING
73600.0,3525.699,2263.525,5662.152,-6.489,1.72,3.435,-5.01,LISTENING
73700.0,2858.455,2422.112,5972.616,-6.853,1.454,2.772,-5.01,SENSING
73700.0,2858.455,2422.112,5972.616,-6.853,1.454,2.772,-5.01,LISTENING
73800.0,2158.779,2553.283,6215.289,-7.138,1.171,2.08,-5.01,SENSING
73800.0,2158.779,2553.283,6215.289,-7.138,1.171,2.08,-5.01,LISTENING
73900.0,1434.681,2655.637,6387.628,-7.341,0.877,1.366,-5.01,SENSING
73900.0,1434.681,2655.637,6387.628,-7.341,0.877,1.366,-5.01,LISTENING
73949.256,1071.553,2695.123,6446.102,-7.411,0.728,1.009,-5.01,SENSING
73949.256,1071.553,2695.123,6446.102,-7.411,0.728,1.009,-5.01,LISTENING
73950.0,1066.044,2695.663,6446.85,-7.412,0.726,1.004,-5.01,SENSING
73950.0,1066.044,2695.663,6446.85,-7.412,0.726,1.004,-5.01,LISTENING
73999.53,697.908,2727.843,6487.604,-7.461,0.575,0.643,-5.01,SENSING
73999.53,697.908,2727.843,6487.604,-7.461,0.575,0.643,-5.01,LISTENING
74000.0,694.404,2728.113,6487.905,-7.461,0.573,0.639,-5.01,SENSING
74000.0,694.404,2728.113,6487.905,-7.461,0.573,0.639,-5.01,LISTENING
74100.0,-53.681,2769.99,6515.22,-7.497,0.264,-0.093,-5.01,SENSING
74100.0,-53.681,2769.99,6515.22,-7.497,0.264,-0.093,-5.01,LISTENING
74200.0,-801.165,2780.896,6469.497,-7.449,-0.047,-0.821,-5.01,SENSING
74200.0,-801.165,2780.896,6469.497,-7.449,-0.047,-0.821,-5.01,LISTENING
74300.0,-1539.7,2760.806,6351.476,-7.318,-0.356,-1.538,-5.01,SENSING
74300.0,-1539.7,2760.806,6351.476,-7.318,-0.356,-1.538,-5.01,LISTENING
74400.0,-2261.091,2710.04,6162.697,-7.107,-0.661,-2.236,-5.01,SENSING
74400.0,-2261.091,2710.04,6162.697,-7.107,-0.661,-2.236,-5.01,LISTENING
74500.0,-2957.379,2629.251,5905.469,-6.817,-0.957,-2.906,-5.01,SENSING
74500.0,-2957.379,2629.251,5905.469,-6.817,-0.957,-2.906,-5.01,LISTENING
74528.315,-3148.912,2601.049,5820.602,-6.721,-1.039,-3.091,-5.01,SENSING
74528.315,-3148.912,2601.049,5820.602,-6.721,-1.039,-3.091,-5.01,LISTENING
74530.0,-3160.22,2599.298,5815.39,-6.715,-1.044,-3.101,-5.01,SENSING
74530.0,-3160.22,2599.298,5815.39,-6.715,-1.044,-3.101,-5.01,LISTENING
74537.366,-3209.55,2591.547,5792.382,-6.689,-1.065,-3.149,-5.01,SENSING
74537.366,-3209.55,2591.547,5792.382,-6.689,-1.065,-3.149,-5.01,LISTENING
74540.0,-3227.143,2588.738,5784.071,-6.679,-1.073,-3.166,-5.01,SENSING
74540.0,-3227.143,2588.738,5784.071,-6.679,-1.073,-3.166,-5.01,LISTENING
74600.0,-3620.93,2519.419,5582.839,-6.452,-1.242,-3.543,-5.01,SENSING
74600.0,-3620.93,2519.419,5582.839,-6.452,-1.242,-3.543,-5.01,LISTENING
74658.428,-3990.573,2442.305,5365.528,-6.206,-1.402,-3.897,-5.01,SENSING
74658.428,-3990.573,2442.305,5365.528,-6.206,-1.402,-3.897,-5.01,MANEUVERING
74658.428,-3990.573,2442.305,5365.528,-6.206,-1.402,-3.897,-5.01,LISTENING
74660.0,-4000.317,2440.102,5359.398,-6.199,-1.406,-3.906,-3.438,MANEUVERING
74660.0,-4000.317,2440.102,5359.398,-6.199,-1.406,-3.906,-3.438,SENSING
74660.0,-4000.317,2440.102,5359.398,-6.199,-1.406,-3.906,-3.438,MEASURING
74660.0,-4000.317,2440.102,5359.398,-6.199,-1.406,-3.906,-3.438,SENSING
74660.0,-4000.317,2440.102,5359.398,-6.199,-1.406,-3.906,-3.438,LISTENING
74697.844,-4231.532,2385.08,5207.457,-6.027,-1.507,-4.127,-3.438,SENSING
74697.844,-4231.532,2385.08,5207.457,-6.027,-1.507,-4.127,-3.438,MANEUVERING
74697.844,-4231.532,2385.08,5207.457,-6.027,-1.507,-4.127,-3.438,LISTENING
74700.0,-4244.507,2381.831,5198.551,-6.017,-1.513,-4.139,-5.594,MANEUVERING
74700.0,-4244.507,2381.831,5198.551,-6.017,-1.513,-4.139,-5.594,SENSING
74700.0,-4244.507,2381.831,5198.551,-6.017,-1.513,-4.139,-5.594,LISTENING
74800.0,-4821.347,2218.071,4756.995,-5.518,-1.766,-4.688,-5.594,SENSING
74800.0,-4821.347,2218.071,4756.995,-5.518,-1.766,-4.688,-5.594,LISTENING
74900.0,-5345.225,2029.995,4263.161,-4.958,-1.999,-5.184,-5.594,SENSING
74900.0,-5345.225,2029.995,4263.161,-4.958,-1.999,-5.184,-5.594,LISTENING
74959.783,-5630.762,1906.807,3945.23,-4.598,-2.129,-5.454,-5.594,SENSING
74959.783,-5630.762,1906.807,3945.23,-4.598,-2.129,-5.454,-5.594,LISTENING
74960.0,-5631.761,1906.345,3944.045,-4.597,-2.129,-5.455,-5.594,SENSING
74960.0,-5631.761,1906.345,3944.045,-4.597,-2.129,-5.455,-5.594,LISTENING
74989.074,-5762.682,1843.698,3783.734,-4.415,-2.189,-5.578,-5.594,SENSING
74989.074,-5762.682,1843.698,3783.734,-4.415,-2.189,-5.578,-5.594,LISTENING
74990.0,-5766.765,1841.674,3778.569,-4.409,-2.191,-5.582,-5.594,SENSING
74990.0,-5766.765,1841.674,3778.569,-4.409,-2.191,-5.582,-5.594,LISTENING
75000.0,-5810.51,1819.712,3722.575,-4.346,-2.211,-5.623,-5.594,SENSING
75000.0,-5810.51,1819.712,3722.575,-4.346,-2.211,-5.623,-5.594,LISTENING
75100.0,-6212.222,1589.557,3141.242,-3.687,-2.397,-5.999,-5.594,SENSING
75100.0,-6212.222,1589.557,3141.242,-3.687,-2.397,-5.999,-5.594,LISTENING
75200.0,-6546.075,1342.072,2525.58,-2.989,-2.557,-6.309,-5.594,SENSING
75200.0,-6546.075,1342.072,2525.58,-2.989,-2.557,-6.309,-5.594,LISTENING
75300.0,-6808.517,1079.972,1882.355,-2.259,-2.69,-6.55,-5.594,SENSING
75300.0,-6808.517,1079.972,1882.355,-2.259,-2.69,-6.55,-5.594,LISTENING
75319.154,-6850.39,1028.339,1756.591,-2.116,-2.712,-6.588,-5.594,SENSING
75319.154,-6850.39,1028.339,1756.591,-2.116,-2.712,-6.588,-5.594,LISTENING
75320.0,-6852.177,1026.049,1751.018,-2.11,-2.713,-6.59,-5.594,SENSING
75320.0,-6852.177,1026.049,1751.018,-2.11,-2.713,-6.59,-5.594,LISTENING
75378.097,-6961.99,866.959,1365.378,-1.672,-2.773,-6.689,-5.594,SENSING
75378.097,-6961.99,866.959,1365.378,-1.672,-2.773,-6.689,-5.594,LISTENING
75380.0,-6965.156,861.691,1352.653,-1.658,-2.774,-6.691,-5.594,SENSING
75380.0,-6965.156,861.691,1352.653,-1.658,-2.774,-6.691,-5.594,LISTENING
75400.0,-6996.761,806.123,1218.607,-1.505,-2.793,-6.72,-5.594,SENSING
75400.0,-6996.761,806.123,1218.607,-1.505,-2.793,-6.72,-5.594,LISTENING
75500.0,-7108.809,523.507,541.582,-0.736,-2.865,-6.816,-5.594,SENSING
75500.0,-7108.809,523.507,541.582,-0.736,-2.865,-6.816,-5.594,LISTENING
75600.0,-7143.47,235.198,-141.34,0.042,-2.907,-6.837,-5.594,SENSING
75600.0,-7143.47,235.198,-141.34,0.042,-2.907,-6.837,-5.594,LISTENING
75700.0,-7100.372,-55.672,-822.724,0.819,-2.916,-6.785,-5.594,SENSING
75700.0,-7100.372,-55.672,-822.724,0.819,-2.916,-6.785,-5.594,LISTENING
75800.0,-6979.963,-345.945,-1495.146,1.588,-2.895,-6.658,-5.594,SENSING
75800.0,-6979.963,-345.945,-1495.146,1.588,-2.895,-6.658,-5.594,LISTENING
75900.0,-6783.511,-632.464,-2151.27,2.34,-2.841,-6.459,-5.594,SENSING
75900.0,-6783.511,-632.464,-2151.27,2.34,-2.841,-6.459,-5.594,LISTENING
76000.0,-6513.087,-912.109,-2783.926,3.067,-2.757,-6.189,-5.594,SENSING
76000.0,-6513.087,-912.109,-2783.926,3.067,-2.757,-6.189,-5.594,LISTENING
76100.0,-6171.556,-1181.824,-3386.172,3.762,-2.642,-5.851,-5.594,SENSING
76100.0,-6171.556,-1181.824,-3386.172,3.762,-2.642,-5.851,-5.594,LISTENING
76200.0,-5762.544,-1438.652,-3951.376,4.417,-2.499,-5.448,-5.594,SENSING
76200.0,-5762.544,-1438.652,-3951.376,4.417,-2.499,-5.448,-5.594,LISTENING
76288.874,-5345.908,-1653.798,-4417.538,4.959,-2.348,-5.04,-5.594,SENSING
76288.874,-5345.908,-1653.798,-4417.538,4.959,-2.348,-5.04,-5.594,LISTENING
76290.0,-5340.327,-1656.435,-4423.205,4.966,-2.346,-5.034,-5.594,SENSING
76290.0,-5340.327,-1656.435,-4423.205,4.966,-2.346,-5.034,-5.594,LISTENING
76298.443,-5298.222,-1676.141,-4465.512,5.015,-2.33,-4.993,-5.594,SENSING
76298.443,-5298.222,-1676.141,-4465.512,5.015,-2.33,-4.993,-5.594,LISTENING
76300.0,-5290.412,-1679.761,-4473.276,5.024,-2.328,-4.985,-5.594,SENSING
76300.0,-5290.412,-1679.761,-4473.276,5.024,-2.328,-4.985,-5.594,LISTENING
76400.0,-4760.212,-1902.478,-4946.053,5.578,-2.13,-4.466,-5.594,SENSING
76400.0,-4760.212,-1902.478,-4946.053,5.578,-2.13,-4.466,-5.594,LISTENING
76500.0,-4177.645,-2104.316,-5364.391,6.071,-1.909,-3.897,-5.594,SENSING
76500.0,-4177.645,-2104.316,-5364.391,6.071,-1.909,-3.897,-5.594,LISTENING
76549.629,-3871.005,-2196.021,-5550.301,6.292,-1.792,-3.597,-5.594,SENSING
76549.629,-3871.005,-2196.021,-5550.301,6.292,-1.792,-3.597,-5.594,MANEUVERING
76549.629,-3871.005,-2196.021,-5550.301,6.292,-1.792,-3.597,-5.594,LISTENING
76550.0,-3868.67,-2196.686,-5551.636,6.294,-1.791,-3.595,-5.223,MANEUVERING
76550.0,-3868.67,-2196.686,-5551.636,6.294,-1.791,-3.595,-5.223,SENSING
76550.0,-3868.67,-2196.686,-5551.636,6.294,-1.791,-3.595,-5.223,MEASURING
76550.0,-3868.67,-2196.686,-5551.636,6.294,-1.791,-3.595,-5.223,SENSING
76550.0,-3868.67,-2196.686,-5551.636,6.294,-1.791,-3.595,-5.223,LISTENING
76568.238,-3753.262,-2228.885,-5616.143,6.371,-1.746,-3.482,-5.223,SENSING
76568.238,-3753.262,-2228.885,-5616.143,6.371,-1.746,-3.482,-5.223,MANEUVERING
76568.238,-3753.262,-2228.885,-5616.143,6.371,-1.746,-3.482,-5.223,LISTENING
76570.0,-3742.039,-2231.952,-5622.266,6.378,-1.742,-3.471,-3.461,MANEUVERING
76570.0,-3742.039,-2231.952,-5622.266,6.378,-1.742,-3.471,-3.461,SENSING
76570.0,-3742.039,-2231.952,-5622.266,6.378,-1.742,-3.471,-3.461,MEASURING
76570.0,-3742.039,-2231.952,-5622.266,6.378,-1.742,-3.471,-3.461,SENSING
76570.0,-3742.039,-2231.952,-5622.266,6.378,-1.742,-3.471,-3.461,LISTENING
76600.0,-3549.006,-2283.001,-5723.536,6.499,-1.667,-3.283,-3.461,SENSING
76600.0,-3549.006,-2283.001,-5723.536,6.499,-1.667,-3.283,-3.461,LISTENING
76629.726,-3354.252,-2331.344,-5818.253,6.613,-1.591,-3.093,-3.461,SENSING
76629.726,-3354.252,-2331.344,-5818.253,6.613,-1.591,-3.093,-3.461,LISTENING
76630.0,-3352.438,-2331.78,-5819.102,6.614,-1.59,-3.091,-3.461,SENSING
76630.0,-3352.438,-2331.78,-5819.102,6.614,-1.59,-3.091,-3.461,LISTENING
76688.781,-2957.782,-2420.588,-5989.435,6.82,-1.435,-2.706,-3.461,SENSING
76688.781,-2957.782,-2420.588,-5989.435,6.82,-1.435,-2.706,-3.461,LISTENING
76690.0,-2949.472,-2422.333,-5992.727,6.824,-1.432,-2.698,-3.461,SENSING
76690.0,-2949.472,-2422.333,-5992.727,6.824,-1.432,-2.698,-3.461,LISTENING
76700.0,-2881.123,-2436.496,-6019.355,6.856,-1.405,-2.631,-3.461,SENSING
76700.0,-2881.123,-2436.496,-6019.355,6.856,-1.405,-2.631,-3.461,LISTENING
76800.0,-2181.291,-2563.032,-6248.386,7.138,-1.127,-1.948,-3.461,SENSING
76800.0,-2181.291,-2563.032,-6248.386,7.138,-1.127,-1.948,-3.461,LISTENING
76900.0,-1457.201,-2661.122,-6407.88,7.341,-0.836,-1.241,-3.461,SENSING
76900.0,-1457.201,-2661.122,-6407.88,7.341,-0.836,-1.241,-3.461,LISTENING
77000.0,-716.856,-2729.586,-6495.842,7.463,-0.534,-0.518,-3.461,SENSING
77000.0,-716.856,-2729.586,-6495.842,7.463,-0.534,-0.518,-3.461,LISTENING
77100.0,31.505,-2767.564,-6511.063,7.501,-0.225,0.214,-3.461,SENSING
77100.0,31.505,-2767.564,-6511.063,7.501,-0.225,0.214,-3.461,LISTENING
77200.0,779.506,-2774.535,-6453.141,7.455,0.087,0.945,-3.461,SENSING
77200.0,779.506,-2774.535,-6453.141,7.455,0.087,0.945,-3.461,LISTENING
77300.0,1518.719,-2750.319,-6322.497,7.325,0.399,1.667,-3.461,SENSING
77300.0,1518.719,-2750.319,-6322.497,7.325,0.399,1.667,-3.461,LISTENING
77400.0,2240.764,-2695.093,-6120.381,7.112,0.707,2.373,-3.461,SENSING
77400.0,2240.764,-2695.093,-6120.381,7.112,0.707,2.373,-3.461,LISTENING
77500.0,2937.405,-2609.385,-5848.869,6.817,1.009,3.055,-3.461,SENSING
77500.0,2937.405,-2609.385,-5848.869,6.817,1.009,3.055,-3.461,LISTENING
77600.0,3600.649,-2494.078,-5510.843,6.444,1.3,3.703,-3.461,SENSING
77600.0,3600.649,-2494.078,-5510.843,6.444,1.3,3.703,-3.461,LISTENING
77679.124,4096.707,-2382.665,-5198.644,6.096,1.52,4.188,-3.461,SENSING
77679.124,4096.707,-2382.665,-5198.644,6.096,1.52,4.188,-3.461,LISTENING
77680.0,4102.042,-2381.334,-5194.975,6.092,1.523,4.193,-3.461,SENSING
77680.0,4102.042,-2381.334,-5194.975,6.092,1.523,4.193,-3.461,LISTENING
77699.081,4217.335,-2351.844,-5113.933,6.001,1.574,4.306,-3.461,SENSING
77699.081,4217.335,-2351.844,-5113.933,6.001,1.574,4.306,-3.461,LISTENING
77700.0,4222.843,-2350.399,-5109.975,5.997,1.577,4.311,-3.461,SENSING
77700.0,4222.843,-2350.399,-5109.975,5.997,1.577,4.311,-3.461,LISTENING
77759.102,4568.319,-2252.766,-4845.275,5.699,1.733,4.648,-3.461,SENSING
77759.102,4568.319,-2252.766,-4845.275,5.699,1.733,4.648,-3.461,LISTENING
77760.0,4573.433,-2251.211,-4841.099,5.694,1.735,4.653,-3.461,SENSING
77760.0,4573.433,-2251.211,-4841.099,5.694,1.735,4.653,-3.461,LISTENING
77779.264,4682.065,-2217.381,-4750.483,5.592,1.784,4.759,-3.461,SENSING
77779.264,4682.065,-2217.381,-4750.483,5.592,1.784,4.759,-3.461,LISTENING
77779.989,4686.116,-2216.089,-4747.031,5.588,1.786,4.763,-3.461,SENSING
77779.989,4686.116,-2216.089,-4747.031,5.588,1.786,4.763,-3.461,LISTENING
77780.0,4686.176,-2216.07,-4746.981,5.588,1.786,4.763,-3.461,SENSING
77780.0,4686.176,-2216.07,-4746.981,5.588,1.786,4.763,-3.461,LISTENING
77800.0,4796.771,-2179.914,-4650.685,5.479,1.836,4.871,-3.461,SENSING
77800.0,4796.771,-2179.914,-4650.685,5.479,1.836,4.871,-3.461,LISTENING
77900.0,5315.741,-1984.506,-4138.096,4.898,2.076,5.376,-3.461,SENSING
77900.0,5315.741,-1984.506,-4138.096,4.898,2.076,5.376,-3.461,LISTENING
78000.0,5773.68,-1766.359,-3577.982,4.259,2.291,5.821,-3.461,SENSING
78000.0,5773.68,-1766.359,-3577.982,4.259,2.291,5.821,-3.461,LISTENING
78100.0,6165.204,-1527.934,-2976.699,3.57,2.481,6.199,-3.461,SENSING
78100.0,6165.204,-1527.934,-2976.699,3.57,2.481,6.199,-3.461,LISTENING
78200.0,6485.7,-1271.939,-2341.109,2.839,2.643,6.507,-3.461,SENSING
78200.0,6485.7,-1271.939,-2341.109,2.839,2.643,6.507,-3.461,LISTENING
78300.0,6731.378,-1001.297,-1678.505,2.074,2.775,6.739,-3.461,SENSING
78300.0,6731.378,-1001.297,-1678.505,2.074,2.775,6.739,-3.461,LISTENING
78400.0,6899.332,-719.112,-996.513,1.285,2.874,6.894,-3.461,SENSING
78400.0,6899.332,-719.112,-996.513,1.285,2.874,6.894,-3.461,LISTENING
78500.0,6987.572,-428.629,-303.004,0.48,2.941,6.97,-3.461,SENSING
78500.0,6987.572,-428.629,-303.004,0.48,2.941,6.97,-3.461,LISTENING
78600.0,6995.057,-133.196,394.009,-0.33,2.973,6.964,-3.461,SENSING
78600.0,6995.057,-133.196,394.009,-0.33,2.973,6.964,-3.461,LISTENING
78700.0,6921.705,163.78,1086.466,-1.136,2.971,6.879,-3.461,SENSING
78700.0,6921.705,163.78,1086.466,-1.136,2.971,6.879,-3.461,LISTENING
78800.0,6768.398,458.876,1766.369,-1.929,2.935,6.713,-3.461,SENSING
78800.0,6768.398,458.876,1766.369,-1.929,2.935,6.713,-3.461,LISTENING
78818.783,6730.817,513.817,1892.031,-2.075,2.925,6.674,-3.461,SENSING
78818.783,6730.817,513.817,1892.031,-2.075,2.925,6.674,-3.461,LISTENING
78820.0,6728.287,517.37,1900.15,-2.085,2.924,6.671,-3.461,SENSING
78820.0,6728.287,517.37,1900.15,-2.085,2.924,6.671,-3.461,LISTENING
78859.98,6638.806,633.558,2164.882,-2.394,2.898,6.577,-3.461,SENSING
78859.98,6638.806,633.558,2164.882,-2.394,2.898,6.577,-3.461,LISTENING
78860.0,6638.758,633.616,2165.013,-2.394,2.898,6.577,-3.461,SENSING
78860.0,6638.758,633.616,2165.013,-2.394,2.898,6.577,-3.461,LISTENING
78900.0,6536.965,748.696,2425.877,-2.698,2.866,6.471,-3.461,SENSING
78900.0,6536.965,748.696,2425.877,-2.698,2.866,6.471,-3.461,LISTENING
78948.529,6397.285,886.441,2736.299,-3.061,2.82,6.326,-3.461,SENSING
78948.529,6397.285,886.441,2736.299,-3.061,2.82,6.326,-3.461,LISTENING
78950.0,6392.777,890.582,2745.599,-3.072,2.818,6.322,-3.461,SENSING
78950.0,6392.777,890.582,2745.599,-3.072,2.818,6.322,-3.461,LISTENING
78969.749,6330.722,945.942,2869.752,-3.217,2.798,6.258,-3.461,SENSING
78969.749,6330.722,945.942,2869.752,-3.217,2.798,6.258,-3.461,LISTENING
78970.0,6329.915,946.642,2871.321,-3.218,2.797,6.257,-3.461,SENSING
78970.0,6329.915,946.642,2871.321,-3.218,2.797,6.257,-3.461,LISTENING
79000.0,6230.159,1029.909,3057.403,-3.436,2.763,6.154,-3.461,SENSING
79000.0,6230.159,1029.909,3057.403,-3.436,2.763,6.154,-3.461,LISTENING
79100.0,5851.618,1299.297,3653.713,-4.133,2.629,5.767,-3.461,SENSING
79100.0,5851.618,1299.297,3653.713,-4.133,2.629,5.767,-3.461,LISTENING
79200.0,5405.815,1553.789,4208.01,-4.781,2.465,5.314,-3.461,SENSING
79200.0,5405.815,1553.789,4208.01,-4.781,2.465,5.314,-3.461,LISTENING
79268.215,5065.782,1717.358,4558.775,-5.191,2.337,4.971,-3.461,SENSING
79268.215,5065.782,1717.358,4558.775,-5.191,2.337,4.971,-3.461,MANEUVERING
79268.215,5065.782,1717.358,4558.775,-5.191,2.337,4.971,-3.461,LISTENING
79270.0,5056.513,1721.519,4567.636,-5.201,2.333,4.961,-1.676,MANEUVERING
79270.0,5056.513,1721.519,4567.636,-5.201,2.333,4.961,-1.676,SENSING
79270.0,5056.513,1721.519,4567.636,-5.201,2.333,4.961,-1.676,MEASURING
79270.0,5056.513,1721.519,4567.636,-5.201,2.333,4.961,-1.676,SENSING
79270.0,5056.513,1721.519,4567.636,-5.201,2.333,4.961,-1.676,LISTENING
79279.551,5006.605,1743.677,4614.757,-5.257,2.314,4.911,-1.676,SENSING
79279.551,5006.605,1743.677,4614.757,-5.257,2.314,4.911,-1.676,MANEUVERING
79279.551,5006.605,1743.677,4614.757,-5.257,2.314,4.911,-1.676,LISTENING
79280.0,5004.246,1744.714,4616.96,-5.259,2.313,4.909,-1.227,MANEUVERING
79280.0,5004.246,1744.714,4616.96,-5.259,2.313,4.909,-1.227,SENSING
79280.0,5004.246,1744.714,4616.96,-5.259,2.313,4.909,-1.227,MEASURING
79280.0,5004.246,1744.714,4616.96,-5.259,2.313,4.909,-1.227,SENSING
79280.0,5004.246,1744.714,4616.96,-5.259,2.313,4.909,-1.227,LISTENING
79300.0,4897.997,1790.503,4714.016,-5.373,2.273,4.802,-1.227,SENSING
79300.0,4897.997,1790.503,4714.016,-5.373,2.273,4.802,-1.227,LISTENING
79400.0,4334.115,2006.774,5166.045,-5.902,2.056,4.235,-1.227,SENSING
79400.0,4334.115,2006.774,5166.045,-5.902,2.056,4.235,-1.227,LISTENING
79500.0,3720.745,2200.187,5559.065,-6.362,1.815,3.622,-1.227,SENSING
79500.0,3720.745,2200.187,5559.065,-6.362,1.815,3.622,-1.227,LISTENING
79519.296,3597.285,2234.692,5627.734,-6.443,1.767,3.499,-1.227,SENSING
79519.296,3597.285,2234.692,5627.734,-6.443,1.767,3.499,-1.227,LISTENING
79520.0,3592.751,2235.933,5630.195,-6.446,1.765,3.494,-1.227,SENSING
79520.0,3592.751,2235.933,5630.195,-6.446,1.765,3.494,-1.227,LISTENING
79559.809,3333.171,2304.045,5764.107,-6.603,1.662,3.236,-1.227,SENSING
79559.809,3333.171,2304.045,5764.107,-6.603,1.662,3.236,-1.227,LISTENING
79560.0,3331.91,2304.362,5764.725,-6.603,1.662,3.235,-1.227,SENSING
79560.0,3331.91,2304.362,5764.725,-6.603,1.662,3.235,-1.227,LISTENING
79600.0,3065.005,2368.605,5888.757,-6.749,1.555,2.969,-1.227,SENSING
79600.0,3065.005,2368.605,5888.757,-6.749,1.555,2.969,-1.227,LISTENING
79700.0,2374.46,2510.191,6151.554,-7.058,1.278,2.285,-1.227,SENSING
79700.0,2374.46,2510.191,6151.554,-7.058,1.278,2.285,-1.227,LISTENING
79800.0,1657.031,2623.422,6344.678,-7.287,0.988,1.576,-1.227,SENSING
79800.0,1657.031,2623.422,6344.678,-7.287,0.988,1.576,-1.227,LISTENING
79858.496,1228.159,2676.026,6424.531,-7.382,0.813,1.154,-1.227,SENSING
79858.496,1228.159,2676.026,6424.531,-7.382,0.813,1.154,-1.227,LISTENING
79860.0,1217.064,2677.243,6426.257,-7.384,0.808,1.143,-1.227,SENSING
79860.0,1217.064,2677.243,6426.257,-7.384,0.808,1.143,-1.227,LISTENING
79898.17,934.488,2705.851,6464.591,-7.431,0.692,0.866,-1.227,SENSING
79898.17,934.488,2705.851,6464.591,-7.431,0.692,0.866,-1.227,LISTENING
79900.0,920.898,2707.112,6466.163,-7.432,0.687,0.853,-1.227,SENSING
79900.0,920.898,2707.112,6466.163,-7.432,0.687,0.853,-1.227,LISTENING
80000.0,174.403,2760.411,6514.864,-7.494,0.379,0.121,-1.227,SENSING
80000.0,174.403,2760.411,6514.864,-7.494,0.379,0.121,-1.227,LISTENING
80100.0,-574.049,2782.82,6490.465,-7.472,0.069,-0.609,-1.227,SENSING
80100.0,-574.049,2782.82,6490.465,-7.472,0.069,-0.609,-1.227,LISTENING
80200.0,-1316.084,2774.184,6393.47,-7.366,-0.242,-1.33,-1.227,SENSING
80200.0,-1316.084,2774.184,6393.47,-7.366,-0.242,-1.33,-1.227,LISTENING
80300.0,-2043.451,2734.695,6225.187,-7.179,-0.549,-2.034,-1.227,SENSING
80300.0,-2043.451,2734.695,6225.187,-7.179,-0.549,-2.034,-1.227,LISTENING
80400.0,-2748.112,2664.886,5987.703,-6.912,-0.849,-2.713,-1.227,SENSING
80400.0,-2748.112,2664.886,5987.703,-6.912,-0.849,-2.713,-1.227,LISTENING
80500.0,-3422.328,2565.615,5683.852,-6.57,-1.139,-3.361,-1.227,SENSING
80500.0,-3422.328,2565.615,5683.852,-6.57,-1.139,-3.361,-1.227,LISTENING
80538.73,-3673.681,2519.494,5549.078,-6.418,-1.248,-3.601,-1.227,SENSING
80538.73,-3673.681,2519.494,5549.078,-6.418,-1.248,-3.601,-1.227,MANEUVERING
80538.73,-3673.681,2519.494,5549.078,-6.418,-1.248,-3.601,-1.227,LISTENING
80540.0,-3681.825,2517.91,5544.501,-6.413,-1.251,-3.609,-2.497,MANEUVERING
80540.0,-3681.825,2517.91,5544.501,-6.413,-1.251,-3.609,-2.497,SENSING
80540.0,-3681.825,2517.91,5544.501,-6.413,-1.251,-3.609,-2.497,MEASURING
80540.0,-3681.825,2517.91,5544.501,-6.413,-1.251,-3.609,-2.497,SENSING
80540.0,-3681.825,2517.91,5544.501,-6.413,-1.251,-3.609,-2.497,LISTENING
80567.139,-3854.21,2483.01,5444.357,-6.3,-1.326,-3.774,-2.497,SENSING
80567.139,-3854.21,2483.01,5444.357,-6.3,-1.326,-3.774,-2.497,MANEUVERING
80567.139,-3854.21,2483.01,5444.357,-6.3,-1.326,-3.774,-2.497,LISTENING
80570.0,-3872.202,2479.213,5433.54,-6.287,-1.334,-3.791,0.364,MANEUVERING
80570.0,-3872.202,2479.213,5433.54,-6.287,-1.334,-3.791,0.364,SENSING
80570.0,-3872.202,2479.213,5433.54,-6.287,-1.334,-3.791,0.364,MEASURING
80570.0,-3872.202,2479.213,5433.54,-6.287,-1.334,-3.791,0.364,SENSING
80570.0,-3872.202,2479.213,5433.54,-6.287,-1.334,-3.791,0.364,LISTENING
80600.0,-4058.733,2438.058,5317.18,-6.156,-1.415,-3.969,0.364,SENSING
80600.0,-4058.733,2438.058,5317.18,-6.156,-1.415,-3.969,0.364,LISTENING
80700.0,-4650.416,2283.693,4891.892,-5.676,-1.675,-4.533,0.364,SENSING
80700.0,-4650.416,2283.693,4891.892,-5.676,-1.675,-4.533,0.364,LISTENING
80738.928,-4867.254,2216.722,4711.507,-5.472,-1.772,-4.738,0.364,SENSING
80738.928,-4867.254,2216.722,4711.507,-5.472,-1.772,-4.738,0.364,LISTENING
80740.0,-4873.115,2214.825,4706.424,-5.466,-1.774,-4.744,0.364,SENSING
80740.0,-4873.115,2214.825,4706.424,-5.466,-1.774,-4.744,0.364,LISTENING
80777.896,-5076.201,2145.991,4523.069,-5.259,-1.865,-4.936,0.364,SENSING
80777.896,-5076.201,2145.991,4523.069,-5.259,-1.865,-4.936,0.364,LISTENING
80780.0,-5087.244,2142.07,4512.678,-5.247,-1.87,-4.947,0.364,SENSING
80780.0,-5087.244,2142.07,4512.678,-5.247,-1.87,-4.947,0.364,LISTENING
80800.0,-5190.98,2104.275,4412.807,-5.134,-1.917,-5.045,0.364,SENSING
80800.0,-5190.98,2104.275,4412.807,-5.134,-1.917,-5.045,0.364,LISTENING
80900.0,-5674.609,1901.824,3885.302,-4.537,-2.137,-5.501,0.364,SENSING
80900.0,-5674.609,1901.824,3885.302,-4.537,-2.137,-5.501,0.364,LISTENING
80939.717,-5849.725,1815.518,3663.642,-4.286,-2.217,-5.665,0.364,SENSING
80939.717,-5849.725,1815.518,3663.642,-4.286,-2.217,-5.665,0.364,MANEUVERING
80939.717,-5849.725,1815.518,3663.642,-4.286,-2.217,-5.665,0.364,LISTENING
80940.0,-5850.935,1814.892,3662.042,-4.284,-2.218,-5.666,0.647,MANEUVERING
80940.0,-5850.935,1814.892,3662.042,-4.284,-2.218,-5.666,0.647,SENSING
80940.0,-5850.935,1814.892,3662.042,-4.284,-2.218,-5.666,0.647,MEASURING
80940.0,-5850.935,1814.892,3662.042,-4.284,-2.218,-5.666,0.647,SENSING
80940.0,-5850.935,1814.892,3662.042,-4.284,-2.218,-5.666,0.647,LISTENING
80958.955,-5930.931,1772.58,3553.979,-4.162,-2.255,-5.741,0.647,SENSING
80958.955,-5930.931,1772.58,3553.979,-4.162,-2.255,-5.741,0.647,MANEUVERING
80958.955,-5930.931,1772.58,3553.979,-4.162,-2.255,-5.741,0.647,LISTENING
80960.0,-5935.274,1770.227,3547.98,-4.155,-2.257,-5.745,-0.398,MANEUVERING
80960.0,-5935.274,1770.227,3547.98,-4.155,-2.257,-5.745,-0.398,SENSING
80960.0,-5935.274,1770.227,3547.98,-4.155,-2.257,-5.745,-0.398,MEASURING
80960.0,-5935.274,1770.227,3547.98,-4.155,-2.257,-5.745,-0.398,SENSING
80960.0,-5935.274,1770.227,3547.98,-4.155,-2.257,-5.745,-0.398,LISTENING
81000.0,-6096.12,1678.595,3315.247,-3.892,-2.333,-5.896,-0.398,SENSING
81000.0,-6096.12,1678.595,3315.247,-3.892,-2.333,-5.896,-0.398,LISTENING
81100.0,-6451.012,1437.057,2708.947,-3.205,-2.503,-6.225,-0.398,SENSING
81100.0,-6451.012,1437.057,2708.947,-3.205,-2.503,-6.225,-0.398,LISTENING
81200.0,-6735.506,1179.864,2073.071,-2.484,-2.646,-6.487,-0.398,SENSING
81200.0,-6735.506,1179.864,2073.071,-2.484,-2.646,-6.487,-0.398,LISTENING
81300.0,-6946.579,909.832,1414.588,-1.737,-2.76,-6.677,-0.398,SENSING
81300.0,-6946.579,909.832,1414.588,-1.737,-2.76,-6.677,-0.398,LISTENING
81400.0,-7081.989,629.904,740.69,-0.971,-2.844,-6.795,-0.398,SENSING
81400.0,-7081.989,629.904,740.69,-0.971,-2.844,-6.795,-0.398,LISTENING
81500.0,-7140.298,343.127,58.725,-0.195,-2.897,-6.839,-0.398,SENSING
81500.0,-7140.298,343.127,58.725,-0.195,-2.897,-6.839,-0.398,LISTENING
81600.0,-7120.884,52.615,-623.88,0.583,-2.919,-6.808,-0.398,SENSING
81600.0,-7120.884,52.615,-623.88,0.583,-2.919,-6.808,-0.398,LISTENING
81700.0,-7023.945,-238.476,-1299.689,1.355,-2.909,-6.703,-0.398,SENSING
81700.0,-7023.945,-238.476,-1299.689,1.355,-2.909,-6.703,-0.398,LISTENING
81800.0,-6850.497,-526.984,-1961.335,2.113,-2.867,-6.525,-0.398,SENSING
81800.0,-6850.497,-526.984,-1961.335,2.113,-2.867,-6.525,-0.398,LISTENING
81900.0,-6602.37,-809.766,-2601.59,2.848,-2.794,-6.275,-0.398,SENSING
81900.0,-6602.37,-809.766,-2601.59,2.848,-2.794,-6.275,-0.398,LISTENING
82000.0,-6282.188,-1083.737,-3213.438,3.554,-2.69,-5.957,-0.398,SENSING
82000.0,-6282.188,-1083.737,-3213.438,3.554,-2.69,-5.957,-0.398,LISTENING
82059.12,-6060.352,-1240.341,-3559.053,3.954,-2.615,-5.737,-0.398,SENSING
82059.12,-6060.352,-1240.341,-3559.053,3.954,-2.615,-5.737,-0.398,LISTENING
82060.0,-6056.873,-1242.638,-3564.098,3.959,-2.614,-5.734,-0.398,SENSING
82060.0,-6056.873,-1242.638,-3564.098,3.959,-2.614,-5.734,-0.398,LISTENING
82088.99,-5939.399,-1317.702,-3728.575,4.15,-2.573,-5.618,-0.398,SENSING
82088.99,-5939.399,-1317.702,-3728.575,4.15,-2.573,-5.618,-0.398,LISTENING
82090.0,-5935.207,-1320.296,-3734.244,4.157,-2.572,-5.614,-0.398,SENSING
82090.0,-5935.207,-1320.296,-3734.244,4.157,-2.572,-5.614,-0.398,LISTENING
82100.0,-5893.346,-1345.897,-3790.149,4.221,-2.557,-5.573,-0.398,SENSING
82100.0,-5893.346,-1345.897,-3790.149,4.221,-2.557,-5.573,-0.398,LISTENING
82200.0,-5439.985,-1593.361,-4325.346,4.844,-2.396,-5.127,-0.398,SENSING
82200.0,-5439.985,-1593.361,-4325.346,4.844,-2.396,-5.127,-0.398,LISTENING
82218.57,-5349.073,-1637.474,-4419.675,4.954,-2.363,-5.038,-0.398,SENSING
82218.57,-5349.073,-1637.474,-4419.675,4.954,-2.363,-5.038,-0.398,LISTENING
82220.0,-5341.986,-1640.846,-4426.872,4.962,-2.361,-5.031,-0.398,SENSING
82220.0,-5341.986,-1640.846,-4426.872,4.962,-2.361,-5.031,-0.398,LISTENING
82228.585,-5299.197,-1661.01,-4469.856,5.013,-2.345,-4.989,-0.398,SENSING
82228.585,-5299.197,-1661.01,-4469.856,5.013,-2.345,-4.989,-0.398,MANEUVERING
82228.585,-5299.197,-1661.01,-4469.856,5.013,-2.345,-4.989,-0.398,LISTENING
82230.0,-5292.103,-1664.321,-4476.908,5.021,-2.342,-4.982,-1.814,MANEUVERING
82230.0,-5292.103,-1664.321,-4476.908,5.021,-2.342,-4.982,-1.814,SENSING
82230.0,-5292.103,-1664.321,-4476.908,5.021,-2.342,-4.982,-1.814,MEASURING
82230.0,-5292.103,-1664.321,-4476.908,5.021,-2.342,-4.982,-1.814,SENSING
82230.0,-5292.103,-1664.321,-4476.908,5.021,-2.342,-4.982,-1.814,LISTENING
82246.994,-5206.001,-1703.793,-4560.807,5.119,-2.311,-4.897,-1.814,SENSING
82246.994,-5206.001,-1703.793,-4560.807,5.119,-2.311,-4.897,-1.814,MANEUVERING
82246.994,-5206.001,-1703.793,-4560.807,5.119,-2.311,-4.897,-1.814,LISTENING
82248.152,-5200.074,-1706.464,-4566.471,5.126,-2.309,-4.891,-0.656,MANEUVERING
82248.152,-5200.074,-1706.464,-4566.471,5.126,-2.309,-4.891,-0.656,SENSING
82248.152,-5200.074,-1706.464,-4566.471,5.126,-2.309,-4.891,-0.656,MANEUVERING
82248.152,-5200.074,-1706.464,-4566.471,5.126,-2.309,-4.891,-0.656,LISTENING
82250.0,-5190.598,-1710.72,-4575.497,5.136,-2.305,-4.882,1.192,MANEUVERING
82250.0,-5190.598,-1710.72,-4575.497,5.136,-2.305,-4.882,1.192,SENSING
82250.0,-5190.598,-1710.72,-4575.497,5.136,-2.305,-4.882,1.192,MEASURING
82250.0,-5190.598,-1710.72,-4575.497,5.136,-2.305,-4.882,1.192,SENSING
82250.0,-5190.598,-1710.72,-4575.497,5.136,-2.305,-4.882,1.192,LISTENING
82300.0,-4926.952,-1823.391,-4813.073,5.415,-2.208,-4.624,1.192,SENSING
82300.0,-4926.952,-1823.391,-4813.073,5.415,-2.208,-4.624,1.192,LISTENING
82400.0,-4359.753,-2033.423,-5247.859,5.927,-1.996,-4.068,1.192,SENSING
82400.0,-4359.753,-2033.423,-5247.859,5.927,-1.996,-4.068,1.192,LISTENING
82500.0,-3744.509,-2221.099,-5624.781,6.375,-1.761,-3.467,1.192,SENSING
82500.0,-3744.509,-2221.099,-5624.781,6.375,-1.761,-3.467,1.192,LISTENING
82600.0,-3087.891,-2384.289,-5939.519,6.754,-1.505,-2.825,1.192,SENSING
82600.0,-3087.891,-2384.289,-5939.519,6.754,-1.505,-2.825,1.192,LISTENING
82700.0,-2397.059,-2521.118,-6188.408,7.059,-1.233,-2.15,1.192,SENSING
82700.0,-2397.059,-2521.118,-6188.408,7.059,-1.233,-2.15,1.192,LISTENING
82800.0,-1679.591,-2629.992,-6368.486,7.287,-0.946,-1.449,1.192,SENSING
82800.0,-1679.591,-2629.992,-6368.486,7.287,-0.946,-1.449,1.192,LISTENING
82838.391,-1398.737,-2664.079,-6418.847,7.353,-0.832,-1.175,1.192,SENSING
82838.391,-1398.737,-2664.079,-6418.847,7.353,-0.832,-1.175,1.192,MANEUVERING
82838.391,-1398.737,-2664.079,-6418.847,7.353,-0.832,-1.175,1.192,LISTENING
82840.0,-1386.91,-2665.413,-6420.728,7.355,-0.828,-1.164,-0.417,MANEUVERING
82840.0,-1386.91,-2665.413,-6420.728,7.355,-0.828,-1.164,-0.417,SENSING
82840.0,-1386.91,-2665.413,-6420.728,7.355,-0.828,-1.164,-0.417,MEASURING
82840.0,-1386.91,-2665.413,-6420.728,7.355,-0.828,-1.164,-0.417,SENSING
82840.0,-1386.91,-2665.413,-6420.728,7.355,-0.828,-1.164,-0.417,LISTENING
82857.891,-1255.168,-2679.721,-6440.384,7.382,-0.774,-1.035,-0.417,SENSING
82857.891,-1255.168,-2679.721,-6440.384,7.382,-0.774,-1.035,-0.417,MANEUVERING
82857.891,-1255.168,-2679.721,-6440.384,7.382,-0.774,-1.035,-0.417,LISTENING
82860.0,-1239.608,-2681.345,-6442.549,7.385,-0.768,-1.02,1.692,MANEUVERING
82860.0,-1239.608,-2681.345,-6442.549,7.385,-0.768,-1.02,1.692,SENSING
82860.0,-1239.608,-2681.345,-6442.549,7.385,-0.768,-1.02,1.692,MEASURING
82860.0,-1239.608,-2681.345,-6442.549,7.385,-0.768,-1.02,1.692,SENSING
82860.0,-1239.608,-2681.345,-6442.549,7.385,-0.768,-1.02,1.692,LISTENING
82900.0,-943.406,-2709.612,-6477.535,7.434,-0.647,-0.73,1.692,SENSING
82900.0,-943.406,-2709.612,-6477.535,7.434,-0.647,-0.73,1.692,LISTENING
83000.0,-196.676,-2758.997,-6514.113,7.498,-0.341,-0.001,1.692,SENSING
83000.0,-196.676,-2758.997,-6514.113,7.498,-0.341,-0.001,1.692,LISTENING
83100.0,552.253,-2777.498,-6477.579,7.478,-0.029,0.731,1.692,SENSING
83100.0,552.253,-2777.498,-6477.579,7.478,-0.029,0.731,1.692,LISTENING
83200.0,1294.96,-2764.808,-6368.112,7.373,0.284,1.457,1.692,SENSING
83200.0,1294.96,-2764.808,-6368.112,7.373,0.284,1.457,1.692,LISTENING
83300.0,2023.04,-2720.971,-6186.722,7.185,0.594,2.169,1.692,SENSING
83300.0,2023.04,-2720.971,-6186.722,7.185,0.594,2.169,1.692,LISTENING
83400.0,2728.203,-2646.386,-5935.241,6.915,0.899,2.859,1.692,SENSING
83400.0,2728.203,-2646.386,-5935.241,6.915,0.899,2.859,1.692,LISTENING
83459.437,3133.153,-2587.78,-5753.61,6.716,1.076,3.254,1.692,SENSING
83459.437,3133.153,-2587.78,-5753.61,6.716,1.076,3.254,1.692,LISTENING
83460.0,3136.929,-2587.175,-5751.779,6.714,1.078,3.258,1.692,SENSING
83460.0,3136.929,-2587.175,-5751.779,6.714,1.078,3.258,1.692,LISTENING
83498.144,3390.189,-2544.015,-5622.835,6.572,1.189,3.505,1.692,SENSING
83498.144,3390.189,-2544.015,-5622.835,6.572,1.189,3.505,1.692,LISTENING
83500.0,3402.372,-2541.807,-5616.321,6.565,1.195,3.517,1.692,SENSING
83500.0,3402.372,-2541.807,-5616.321,6.565,1.195,3.517,1.692,LISTENING
83548.077,3713.16,-2481.163,-5439.972,6.37,1.333,3.821,1.692,SENSING
83548.077,3713.16,-2481.163,-5439.972,6.37,1.333,3.821,1.692,LISTENING
83550.0,3725.391,-2478.6,-5432.617,6.362,1.338,3.833,1.692,SENSING
83550.0,3725.391,-2478.6,-5432.617,6.362,1.338,3.833,1.692,LISTENING
83598.709,4029.856,-2410.237,-5238.739,6.146,1.474,4.13,1.692,SENSING
83598.709,4029.856,-2410.237,-5238.739,6.146,1.474,4.13,1.692,LISTENING
83600.0,4037.78,-2408.336,-5233.404,6.14,1.478,4.138,1.692,SENSING
83600.0,4037.78,-2408.336,-5233.404,6.14,1.478,4.138,1.692,LISTENING
83700.0,4627.069,-2247.416,-4790.697,5.643,1.744,4.713,1.692,SENSING
83700.0,4627.069,-2247.416,-4790.697,5.643,1.744,4.713,1.692,LISTENING
83800.0,5163.38,-2060.819,-4293.122,5.081,1.992,5.235,1.692,SENSING
83800.0,5163.38,-2060.819,-4293.122,5.081,1.992,5.235,1.692,LISTENING
83900.0,5640.442,-1850.622,-3746.271,4.458,2.217,5.698,1.692,SENSING
83900.0,5640.442,-1850.622,-3746.271,4.458,2.217,5.698,1.692,LISTENING
84000.0,6052.656,-1619.191,-3156.334,3.784,2.416,6.096,1.692,SENSING
84000.0,6052.656,-1619.191,-3156.334,3.784,2.416,6.096,1.692,LISTENING
84008.754,6085.487,-1598.005,-3102.86,3.723,2.433,6.127,1.692,SENSING
84008.754,6085.487,-1598.005,-3102.86,3.723,2.433,6.127,1.692,LISTENING
84010.0,6090.117,-1594.978,-3095.226,3.714,2.435,6.132,1.692,SENSING
84010.0,6090.117,-1594.978,-3095.226,3.714,2.435,6.132,1.692,LISTENING
84048.247,6226.878,-1500.705,-2858.271,3.442,2.503,6.263,1.692,SENSING
84048.247,6226.878,-1500.705,-2858.271,3.442,2.503,6.263,1.692,LISTENING
84050.0,6232.896,-1496.322,-2847.292,3.429,2.506,6.269,1.692,SENSING
84050.0,6232.896,-1496.322,-2847.292,3.429,2.506,6.269,1.692,LISTENING
84100.0,6395.165,-1369.147,-2530.038,3.065,2.589,6.424,1.692,SENSING
84100.0,6395.165,-1369.147,-2530.038,3.065,2.589,6.424,1.692,LISTENING
84129.064,6481.039,-1293.386,-2342.207,2.849,2.634,6.506,1.692,SENSING
84129.064,6481.039,-1293.386,-2342.207,2.849,2.634,6.506,1.692,MANEUVERING
84129.064,6481.039,-1293.386,-2342.207,2.849,2.634,6.506,1.692,LISTENING
84130.0,6483.699,-1290.926,-2336.121,2.841,2.635,6.509,2.628,MANEUVERING
84130.0,6483.699,-1290.926,-2336.121,2.841,2.635,6.509,2.628,SENSING
84130.0,6483.699,-1290.926,-2336.121,2.841,2.635,6.509,2.628,MEASURING
84130.0,6483.699,-1290.926,-2336.121,2.841,2.635,6.509,2.628,SENSING
84130.0,6483.699,-1290.926,-2336.121,2.841,2.635,6.509,2.628,LISTENING
84199.273,6662.247,-1105.325,-1879.408,2.315,2.731,6.678,2.628,SENSING
84199.273,6662.247,-1105.325,-1879.408,2.315,2.731,6.678,2.628,MANEUVERING
84199.273,6662.247,-1105.325,-1879.408,2.315,2.731,6.678,2.628,LISTENING
84200.0,6663.927,-1103.343,-1874.555,2.309,2.732,6.679,3.355,MANEUVERING
84200.0,6663.927,-1103.343,-1874.555,2.309,2.732,6.679,3.355,SENSING
84200.0,6663.927,-1103.343,-1874.555,2.309,2.732,6.679,3.355,LISTENING
84300.0,6855.76,-824.823,-1197.426,1.527,2.843,6.857,3.355,SENSING
84300.0,6855.76,-824.823,-1197.426,1.527,2.843,6.857,3.355,LISTENING
84400.0,6968.394,-536.787,-506.459,0.726,2.922,6.956,3.355,SENSING
84400.0,6968.394,-536.787,-506.459,0.726,2.922,6.956,3.355,LISTENING
84500.0,7000.499,-242.554,190.363,-0.084,2.967,6.974,3.355,SENSING
84500.0,7000.499,-242.554,190.363,-0.084,2.967,6.974,3.355,LISTENING
84600.0,6951.699,54.485,884.984,-0.892,2.978,6.912,3.355,SENSING
84600.0,6951.699,54.485,884.984,-0.892,2.978,6.912,3.355,LISTENING
84700.0,6822.586,350.904,1569.377,-1.689,2.955,6.77,3.355,SENSING
84700.0,6822.586,350.904,1569.377,-1.689,2.955,6.77,3.355,LISTENING
84800.0,6614.701,643.289,2235.644,-2.467,2.898,6.55,3.355,SENSING
84800.0,6614.701,643.289,2235.644,-2.467,2.898,6.55,3.355,LISTENING
84900.0,6330.522,928.278,2876.116,-3.215,2.807,6.254,3.355,SENSING
84900.0,6330.522,928.278,2876.116,-3.215,2.807,6.254,3.355,LISTENING
85000.0,5973.421,1202.606,3483.446,-3.925,2.684,5.887,3.355,SENSING
85000.0,5973.421,1202.606,3483.446,-3.925,2.684,5.887,3.355,LISTENING
85039.466,5813.319,1307.245,3712.475,-4.193,2.627,5.724,3.355,SENSING
85039.466,5813.319,1307.245,3712.475,-4.193,2.627,5.724,3.355,LISTENING
85040.0,5811.081,1308.645,3715.53,-4.196,2.626,5.721,3.355,SENSING
85040.0,5811.081,1308.645,3715.53,-4.196,2.626,5.721,3.355,LISTENING
85049.396,5771.385,1333.213,3769.069,-4.259,2.612,5.681,3.355,SENSING
85049.396,5771.385,1333.213,3769.069,-4.259,2.612,5.681,3.355,LISTENING
85050.0,5768.813,1334.787,3772.498,-4.263,2.611,5.678,3.355,SENSING
85050.0,5768.813,1334.787,3772.498,-4.263,2.611,5.678,3.355,LISTENING
85069.376,5685.03,1385.002,3881.639,-4.391,2.581,5.593,3.355,SENSING
85069.376,5685.03,1385.002,3881.639,-4.391,2.581,5.593,3.355,LISTENING
85070.0,5682.291,1386.609,3885.126,-4.395,2.58,5.59,3.355,SENSING
85070.0,5682.291,1386.609,3885.126,-4.395,2.58,5.59,3.355,LISTENING
85100.0,5547.622,1463.142,4050.701,-4.589,2.531,5.453,3.355,SENSING
85100.0,5547.622,1463.142,4050.701,-4.589,2.531,5.453,3.355,LISTENING
85200.0,5058.145,1706.926,4571.442,-5.198,2.349,4.957,3.355,SENSING
85200.0,5058.145,1706.926,4571.442,-5.198,2.349,4.957,3.355,LISTENING
85300.0,4510.733,1931.21,5039.804,-5.747,2.14,4.406,3.355,SENSING
85300.0,4510.733,1931.21,5039.804,-5.747,2.14,4.406,3.355,LISTENING
85400.0,3911.779,2133.482,5450.558,-6.229,1.908,3.806,3.355,SENSING
85400.0,3911.779,2133.482,5450.558,-6.229,1.908,3.806,3.355,LISTENING
85458.669,3539.161,2240.996,5662.881,-6.478,1.762,3.434,3.355,SENSING
85458.669,3539.161,2240.996,5662.881,-6.478,1.762,3.434,3.355,LISTENING
85460.0,3530.542,2243.334,5667.442,-6.484,1.758,3.425,3.355,SENSING
85460.0,3530.542,2243.334,5667.442,-6.484,1.758,3.425,3.355,LISTENING
85479.895,3400.856,2277.755,5734.267,-6.562,1.707,3.296,3.355,SENSING
85479.895,3400.856,2277.755,5734.267,-6.562,1.707,3.296,3.355,LISTENING
85480.0,3400.168,2277.934,5734.613,-6.563,1.707,3.295,3.355,SENSING
85480.0,3400.168,2277.934,5734.613,-6.563,1.707,3.295,3.355,LISTENING
85500.0,3268.245,2311.499,5799.171,-6.638,1.655,3.164,3.355,SENSING
85500.0,3268.245,2311.499,5799.171,-6.638,1.655,3.164,3.355,LISTENING
85600.0,2587.568,2463.308,6081.854,-6.972,1.383,2.488,3.355,SENSING
85600.0,2587.568,2463.308,6081.854,-6.972,1.383,2.488,3.355,LISTENING
85629.014,2384.238,2502.206,6151.081,-7.053,1.302,2.286,3.355,SENSING
85629.014,2384.238,2502.206,6151.081,-7.053,1.302,2.286,3.355,LISTENING
85630.0,2377.283,2503.487,6153.332,-7.056,1.299,2.279,3.355,SENSING
85630.0,2377.283,2503.487,6153.332,-7.056,1.299,2.279,3.355,LISTENING
85669.183,2099.013,2552.124,6237.225,-7.155,1.187,2.004,3.355,SENSING
85669.183,2099.013,2552.124,6237.225,-7.155,1.187,2.004,3.355,LISTENING
85669.891,2093.949,2552.962,6238.641,-7.157,1.185,1.999,3.355,SENSING
85669.891,2093.949,2552.962,6238.641,-7.157,1.185,1.999,3.355,LISTENING
85670.0,2093.17,2553.091,6238.859,-7.157,1.185,1.998,3.355,SENSING
85670.0,2093.17,2553.091,6238.859,-7.157,1.185,1.998,3.355,LISTENING
85678.614,2031.475,2563.172,6255.802,-7.178,1.16,1.938,3.355,SENSING
85678.614,2031.475,2563.172,6255.802,-7.178,1.16,1.938,3.355,LISTENING
85680.0,2021.53,2564.774,6258.48,-7.181,1.156,1.928,3.355,SENSING
85680.0,2021.53,2564.774,6258.48,-7.181,1.156,1.928,3.355,LISTENING
85697.4,1896.335,2584.412,6290.931,-7.219,1.105,1.804,3.355,SENSING
85697.4,1896.335,2584.412,6290.931,-7.219,1.105,1.804,3.355,LISTENING
85700.0,1877.57,2587.271,6295.595,-7.225,1.097,1.786,3.355,SENSING
85700.0,1877.57,2587.271,6295.595,-7.225,1.097,1.786,3.355,LISTENING
85800.0,1146.361,2682.073,6438.188,-7.396,0.8,1.065,3.355,SENSING
85800.0,1146.361,2682.073,6438.188,-7.396,0.8,1.065,3.355,LISTENING
85900.0,402.241,2746.74,6508.248,-7.483,0.494,0.336,3.355,SENSING
85900.0,402.241,2746.74,6508.248,-7.483,0.494,0.336,3.355,LISTENING
85919.907,253.302,2755.955,6513.474,-7.49,0.433,0.19,3.355,SENSING
85919.907,253.302,2755.955,6513.474,-7.49,0.433,0.19,3.355,LISTENING
85920.0,252.606,2755.995,6513.492,-7.491,0.432,0.189,3.355,SENSING
85920.0,252.606,2755.995,6513.492,-7.491,0.432,0.189,3.355,LISTENING
85948.039,42.65,2766.891,6515.916,-7.495,0.345,-0.016,3.355,SENSING
85948.039,42.65,2766.891,6515.916,-7.495,0.345,-0.016,3.355,LISTENING
85950.0,27.962,2767.562,6515.871,-7.495,0.339,-0.03,3.355,SENSING
85950.0,27.962,2767.562,6515.871,-7.495,0.339,-0.03,3.355,LISTENING
86000.0,-346.395,2780.641,6505.216,-7.486,0.184,-0.396,3.355,SENSING
86000.0,-346.395,2780.641,6505.216,-7.486,0.184,-0.396,3.355,LISTENING
86100.0,-1091.155,2783.494,6429.359,-7.406,-0.127,-1.12,3.355,SENSING
86100.0,-1091.155,2783.494,6429.359,-7.406,-0.127,-1.12,3.355,LISTENING
86200.0,-1823.744,2755.365,6281.749,-7.243,-0.436,-1.83,3.355,SENSING
86200.0,-1823.744,2755.365,6281.749,-7.243,-0.436,-1.83,3.355,LISTENING
86300.0,-2536.051,2696.659,6064.251,-7.0,-0.74,-2.518,3.355,SENSING
86300.0,-2536.051,2696.659,6064.251,-7.0,-0.74,-2.518,3.355,LISTENING
86400.0,-3220.238,2608.116,5779.483,-6.681,-1.034,-3.175,3.355,SENSING
