t,x_pos,y_pos,z_pos,x_vel,y_vel,z_vel,attitude,status
0.0,7007.22,0.0,0.0,-0.0,2.962,6.977,0.0,SENSING
0.0,7007.22,0.0,0.0,-0.0,2.962,6.977,0.0,MESSAGING
0.0,7007.22,0.0,0.0,-0.0,2.962,6.977,0.0,SENSING
0.0,7007.22,0.0,0.0,-0.0,2.962,6.977,0.0,MANEUVERING
0.0,7007.22,0.0,0.0,-0.0,2.962,6.977,0.0,LISTENING
0.0,7007.22,0.0,0.0,-0.0,2.962,6.977,0.0,MANEUVERING
0.0,7007.22,0.0,0.0,-0.0,2.962,6.977,0.0,SENSING
0.0,7007.22,0.0,0.0,-0.0,2.962,6.977,0.0,MANEUVERING
0.0,7007.22,0.0,0.0,-0.0,2.962,6.977,0.0,LISTENING
41.05,7000.391,121.317,286.176,-0.333,2.959,6.97,41.05,MANEUVERING
41.05,7000.391,121.317,286.176,-0.333,2.959,6.97,41.05,SENSING
41.05,7000.391,121.317,286.176,-0.333,2.959,6.97,41.05,MANEUVERING
41.05,7000.391,121.317,286.176,-0.333,2.959,6.97,41.05,LISTENING
43.68,6999.488,129.084,304.498,-0.354,2.958,6.97,43.68,MANEUVERING
43.68,6999.488,129.084,304.498,-0.354,2.958,6.97,43.68,SENSING
43.68,6999.488,129.084,304.498,-0.354,2.958,6.97,43.68,TRAVELING
43.68,6999.488,129.084,304.498,-0.354,2.958,6.97,43.68,LISTENING
240.0,6775.087,701.682,1655.152,-1.925,2.864,6.746,43.68,TRAVELING
240.0,6775.087,701.682,1655.152,-1.925,2.864,6.746,43.68,SENSING
240.0,6775.087,701.682,1655.152,-1.925,2.864,6.746,43.68,TRAVELING
240.0,6775.087,701.682,1655.152,-1.925,2.864,6.746,43.68,LISTENING
242.86,6769.554,709.854,1674.428,-1.947,2.861,6.741,43.68,TRAVELING
242.86,6769.554,709.854,1674.428,-1.947,2.861,6.741,43.68,SENSING
242.86,6769.554,709.854,1674.428,-1.947,2.861,6.741,43.68,TRAVELING
242.86,6769.554,709.854,1674.428,-1.947,2.861,6.741,43.68,LISTENING
250.0,6755.462,730.227,1722.481,-2.003,2.856,6.727,43.68,TRAVELING
250.0,6755.462,730.227,1722.481,-2.003,2.856,6.727,43.68,SENSING
250.0,6755.462,730.227,1722.481,-2.003,2.856,6.727,43.68,TRAVELING
250.0,6755.462,730.227,1722.481,-2.003,2.856,6.727,43.68,LISTENING
257.02,6741.219,750.216,1769.628,-2.058,2.85,6.712,43.68,TRAVELING
257.02,6741.219,750.216,1769.628,-2.058,2.85,6.712,43.68,SENSING
257.02,6741.219,750.216,1769.628,-2.058,2.85,6.712,43.68,LISTENING
260.0,6735.057,758.688,1789.611,-2.081,2.847,6.706,43.68,SENSING
260.0,6735.057,758.688,1789.611,-2.081,2.847,6.706,43.68,MEASURING
260.0,6735.057,758.688,1789.611,-2.081,2.847,6.706,43.68,SENSING
260.0,6735.057,758.688,1789.611,-2.081,2.847,6.706,43.68,MANEUVERING
260.0,6735.057,758.688,1789.611,-2.081,2.847,6.706,43.68,LISTENING
260.71,6733.579,760.706,1794.37,-2.087,2.846,6.705,44.39,MANEUVERING
260.71,6733.579,760.706,1794.37,-2.087,2.846,6.705,44.39,SENSING
260.71,6733.579,760.706,1794.37,-2.087,2.846,6.705,44.39,MANEUVERING
260.71,6733.579,760.706,1794.37,-2.087,2.846,6.705,44.39,LISTENING
267.1,6720.096,778.843,1837.149,-2.136,2.841,6.691,50.78,MANEUVERING
267.1,6720.096,778.843,1837.149,-2.136,2.841,6.691,50.78,SENSING
267.1,6720.096,778.843,1837.149,-2.136,2.841,6.691,50.78,TRAVELING
267.1,6720.096,778.843,1837.149,-2.136,2.841,6.691,50.78,SENSING
267.1,6720.096,778.843,1837.149,-2.136,2.841,6.691,50.78,LISTENING
270.0,6713.873,787.062,1856.534,-2.159,2.838,6.685,50.78,SENSING
270.0,6713.873,787.062,1856.534,-2.159,2.838,6.685,50.78,MEASURING
270.0,6713.873,787.062,1856.534,-2.159,2.838,6.685,50.78,SENSING
270.0,6713.873,787.062,1856.534,-2.159,2.838,6.685,50.78,MANEUVERING
270.0,6713.873,787.062,1856.534,-2.159,2.838,6.685,50.78,LISTENING
270.62,6712.534,788.818,1860.677,-2.164,2.837,6.684,51.4,MANEUVERING
270.62,6712.534,788.818,1860.677,-2.164,2.837,6.684,51.4,SENSING
270.62,6712.534,788.818,1860.677,-2.164,2.837,6.684,51.4,TRAVELING
270.62,6712.534,788.818,1860.677,-2.164,2.837,6.684,51.4,LISTENING
273.11,6707.127,795.868,1877.304,-2.183,2.835,6.678,51.4,TRAVELING
273.11,6707.127,795.868,1877.304,-2.183,2.835,6.678,51.4,SENSING
273.11,6707.127,795.868,1877.304,-2.183,2.835,6.678,51.4,TRAVELING
273.11,6707.127,795.868,1877.304,-2.183,2.835,6.678,51.4,LISTENING
280.0,6691.914,815.345,1923.243,-2.236,2.829,6.663,51.4,TRAVELING
280.0,6691.914,815.345,1923.243,-2.236,2.829,6.663,51.4,SENSING
280.0,6691.914,815.345,1923.243,-2.236,2.829,6.663,51.4,TRAVELING
280.0,6691.914,815.345,1923.243,-2.236,2.829,6.663,51.4,LISTENING
285.56,6679.37,831.029,1960.238,-2.279,2.823,6.651,51.4,TRAVELING
285.56,6679.37,831.029,1960.238,-2.279,2.823,6.651,51.4,SENSING
285.56,6679.37,831.029,1960.238,-2.279,2.823,6.651,51.4,LISTENING
290.0,6669.181,843.533,1989.73,-2.313,2.819,6.641,51.4,SENSING
290.0,6669.181,843.533,1989.73,-2.313,2.819,6.641,51.4,MEASURING
290.0,6669.181,843.533,1989.73,-2.313,2.819,6.641,51.4,SENSING
290.0,6669.181,843.533,1989.73,-2.313,2.819,6.641,51.4,MANEUVERING
290.0,6669.181,843.533,1989.73,-2.313,2.819,6.641,51.4,LISTENING
293.19,6661.767,852.505,2010.891,-2.338,2.816,6.633,54.59,MANEUVERING
293.19,6661.767,852.505,2010.891,-2.338,2.816,6.633,54.59,SENSING
293.19,6661.767,852.505,2010.891,-2.338,2.816,6.633,54.59,TRAVELING
293.19,6661.767,852.505,2010.891,-2.338,2.816,6.633,54.59,LISTENING
296.86,6653.141,862.815,2035.207,-2.366,2.812,6.625,54.59,TRAVELING
296.86,6653.141,862.815,2035.207,-2.366,2.812,6.625,54.59,SENSING
296.86,6653.141,862.815,2035.207,-2.366,2.812,6.625,54.59,LISTENING
300.0,6645.678,871.625,2055.986,-2.39,2.809,6.617,54.59,SENSING
300.0,6645.678,871.625,2055.986,-2.39,2.809,6.617,54.59,MEASURING
300.0,6645.678,871.625,2055.986,-2.39,2.809,6.617,54.59,SENSING
300.0,6645.678,871.625,2055.986,-2.39,2.809,6.617,54.59,MANEUVERING
300.0,6645.678,871.625,2055.986,-2.39,2.809,6.617,54.59,LISTENING
305.63,6632.108,887.397,2093.185,-2.434,2.804,6.604,48.96,MANEUVERING
305.63,6632.108,887.397,2093.185,-2.434,2.804,6.604,48.96,SENSING
305.63,6632.108,887.397,2093.185,-2.434,2.804,6.604,48.96,TRAVELING
305.63,6632.108,887.397,2093.185,-2.434,2.804,6.604,48.96,SENSING
305.63,6632.108,887.397,2093.185,-2.434,2.804,6.604,48.96,LISTENING
310.0,6621.408,899.616,2122.005,-2.467,2.799,6.593,48.96,SENSING
310.0,6621.408,899.616,2122.005,-2.467,2.799,6.593,48.96,MEASURING
310.0,6621.408,899.616,2122.005,-2.467,2.799,6.593,48.96,SENSING
310.0,6621.408,899.616,2122.005,-2.467,2.799,6.593,48.96,MANEUVERING
310.0,6621.408,899.616,2122.005,-2.467,2.799,6.593,48.96,LISTENING
316.76,6604.567,918.48,2166.496,-2.519,2.792,6.576,42.2,MANEUVERING
316.76,6604.567,918.48,2166.496,-2.519,2.792,6.576,42.2,SENSING
316.76,6604.567,918.48,2166.496,-2.519,2.792,6.576,42.2,TRAVELING
316.76,6604.567,918.48,2166.496,-2.519,2.792,6.576,42.2,LISTENING
330.0,6570.575,955.284,2253.3,-2.62,2.778,6.543,42.2,TRAVELING
330.0,6570.575,955.284,2253.3,-2.62,2.778,6.543,42.2,SENSING
330.0,6570.575,955.284,2253.3,-2.62,2.778,6.543,42.2,TRAVELING
330.0,6570.575,955.284,2253.3,-2.62,2.778,6.543,42.2,LISTENING
330.25,6569.921,955.977,2254.934,-2.621,2.777,6.542,42.2,TRAVELING
330.25,6569.921,955.977,2254.934,-2.621,2.777,6.542,42.2,SENSING
330.25,6569.921,955.977,2254.934,-2.621,2.777,6.542,42.2,TRAVELING
330.25,6569.921,955.977,2254.934,-2.621,2.777,6.542,42.2,LISTENING
340.0,6544.019,982.955,2318.561,-2.695,2.766,6.516,42.2,TRAVELING
340.0,6544.019,982.955,2318.561,-2.695,2.766,6.516,42.2,SENSING
340.0,6544.019,982.955,2318.561,-2.695,2.766,6.516,42.2,MEASURING
340.0,6544.019,982.955,2318.561,-2.695,2.766,6.516,42.2,SENSING
340.0,6544.019,982.955,2318.561,-2.695,2.766,6.516,42.2,MANEUVERING
340.0,6544.019,982.955,2318.561,-2.695,2.766,6.516,42.2,LISTENING
340.6,6542.402,984.612,2322.468,-2.7,2.766,6.515,41.6,MANEUVERING
340.6,6542.402,984.612,2322.468,-2.7,2.766,6.515,41.6,SENSING
340.6,6542.402,984.612,2322.468,-2.7,2.766,6.515,41.6,TRAVELING
340.6,6542.402,984.612,2322.468,-2.7,2.766,6.515,41.6,LISTENING
344.73,6531.195,996.004,2349.336,-2.731,2.761,6.503,41.6,TRAVELING
344.73,6531.195,996.004,2349.336,-2.731,2.761,6.503,41.6,SENSING
344.73,6531.195,996.004,2349.336,-2.731,2.761,6.503,41.6,TRAVELING
344.73,6531.195,996.004,2349.336,-2.731,2.761,6.503,41.6,LISTENING
350.0,6516.708,1010.512,2383.553,-2.771,2.755,6.489,41.6,TRAVELING
350.0,6516.708,1010.512,2383.553,-2.771,2.755,6.489,41.6,SENSING
350.0,6516.708,1010.512,2383.553,-2.771,2.755,6.489,41.6,MEASURING
350.0,6516.708,1010.512,2383.553,-2.771,2.755,6.489,41.6,SENSING
350.0,6516.708,1010.512,2383.553,-2.771,2.755,6.489,41.6,MANEUVERING
350.0,6516.708,1010.512,2383.553,-2.771,2.755,6.489,41.6,LISTENING
353.82,6506.076,1021.009,2408.308,-2.8,2.75,6.478,45.42,MANEUVERING
353.82,6506.076,1021.009,2408.308,-2.8,2.75,6.478,45.42,SENSING
353.82,6506.076,1021.009,2408.308,-2.8,2.75,6.478,45.42,TRAVELING
353.82,6506.076,1021.009,2408.308,-2.8,2.75,6.478,45.42,LISTENING
360.0,6488.644,1037.953,2448.271,-2.846,2.743,6.461,45.42,TRAVELING
360.0,6488.644,1037.953,2448.271,-2.846,2.743,6.461,45.42,SENSING
360.0,6488.644,1037.953,2448.271,-2.846,2.743,6.461,45.42,MEASURING
360.0,6488.644,1037.953,2448.271,-2.846,2.743,6.461,45.42,SENSING
360.0,6488.644,1037.953,2448.271,-2.846,2.743,6.461,45.42,MANEUVERING
360.0,6488.644,1037.953,2448.271,-2.846,2.743,6.461,45.42,LISTENING
361.77,6483.599,1042.798,2459.697,-2.859,2.741,6.456,47.19,MANEUVERING
361.77,6483.599,1042.798,2459.697,-2.859,2.741,6.456,47.19,SENSING
361.77,6483.599,1042.798,2459.697,-2.859,2.741,6.456,47.19,MANEUVERING
361.77,6483.599,1042.798,2459.697,-2.859,2.741,6.456,47.19,LISTENING
361.8,6483.513,1042.88,2459.89,-2.859,2.741,6.456,47.22,MANEUVERING
361.8,6483.513,1042.88,2459.89,-2.859,2.741,6.456,47.22,SENSING
361.8,6483.513,1042.88,2459.89,-2.859,2.741,6.456,47.22,TRAVELING
361.8,6483.513,1042.88,2459.89,-2.859,2.741,6.456,47.22,LISTENING
370.0,6459.832,1065.274,2512.706,-2.921,2.731,6.432,47.22,TRAVELING
370.0,6459.832,1065.274,2512.706,-2.921,2.731,6.432,47.22,SENSING
370.0,6459.832,1065.274,2512.706,-2.921,2.731,6.432,47.22,MEASURING
370.0,6459.832,1065.274,2512.706,-2.921,2.731,6.432,47.22,SENSING
370.0,6459.832,1065.274,2512.706,-2.921,2.731,6.432,47.22,MANEUVERING
370.0,6459.832,1065.274,2512.706,-2.921,2.731,6.432,47.22,LISTENING
371.77,6454.654,1070.098,2524.081,-2.934,2.729,6.427,45.45,MANEUVERING
371.77,6454.654,1070.098,2524.081,-2.934,2.729,6.427,45.45,SENSING
371.77,6454.654,1070.098,2524.081,-2.934,2.729,6.427,45.45,TRAVELING
371.77,6454.654,1070.098,2524.081,-2.934,2.729,6.427,45.45,LISTENING
380.0,6430.274,1092.473,2576.851,-2.995,2.719,6.403,45.45,TRAVELING
380.0,6430.274,1092.473,2576.851,-2.995,2.719,6.403,45.45,SENSING
380.0,6430.274,1092.473,2576.851,-2.995,2.719,6.403,45.45,TRAVELING
380.0,6430.274,1092.473,2576.851,-2.995,2.719,6.403,45.45,LISTENING
385.36,6414.125,1107.0,2611.11,-3.035,2.712,6.387,45.45,TRAVELING
385.36,6414.125,1107.0,2611.11,-3.035,2.712,6.387,45.45,SENSING
385.36,6414.125,1107.0,2611.11,-3.035,2.712,6.387,45.45,LISTENING
390.0,6399.973,1119.546,2640.698,-3.069,2.706,6.373,45.45,SENSING
390.0,6399.973,1119.546,2640.698,-3.069,2.706,6.373,45.45,MEASURING
390.0,6399.973,1119.546,2640.698,-3.069,2.706,6.373,45.45,SENSING
390.0,6399.973,1119.546,2640.698,-3.069,2.706,6.373,45.45,MANEUVERING
390.0,6399.973,1119.546,2640.698,-3.069,2.706,6.373,45.45,LISTENING
390.45,6398.593,1120.761,2643.564,-3.073,2.705,6.371,45.9,MANEUVERING
390.45,6398.593,1120.761,2643.564,-3.073,2.705,6.371,45.9,SENSING
390.45,6398.593,1120.761,2643.564,-3.073,2.705,6.371,45.9,MANEUVERING
390.45,6398.593,1120.761,2643.564,-3.073,2.705,6.371,45.9,LISTENING
395.31,6383.584,1133.87,2674.477,-3.108,2.699,6.357,50.76,MANEUVERING
395.31,6383.584,1133.87,2674.477,-3.108,2.699,6.357,50.76,SENSING
395.31,6383.584,1133.87,2674.477,-3.108,2.699,6.357,50.76,TRAVELING
395.31,6383.584,1133.87,2674.477,-3.108,2.699,6.357,50.76,SENSING
395.31,6383.584,1133.87,2674.477,-3.108,2.699,6.357,50.76,LISTENING
400.0,6368.935,1146.49,2704.241,-3.143,2.693,6.342,50.76,SENSING
400.0,6368.935,1146.49,2704.241,-3.143,2.693,6.342,50.76,MEASURING
400.0,6368.935,1146.49,2704.241,-3.143,2.693,6.342,50.76,SENSING
400.0,6368.935,1146.49,2704.241,-3.143,2.693,6.342,50.76,MANEUVERING
400.0,6368.935,1146.49,2704.241,-3.143,2.693,6.342,50.76,LISTENING
400.45,6367.521,1147.699,2707.093,-3.146,2.692,6.341,50.31,MANEUVERING
400.45,6367.521,1147.699,2707.093,-3.146,2.692,6.341,50.31,SENSING
400.45,6367.521,1147.699,2707.093,-3.146,2.692,6.341,50.31,TRAVELING
400.45,6367.521,1147.699,2707.093,-3.146,2.692,6.341,50.31,LISTENING
400.81,6366.388,1148.667,2709.374,-3.149,2.692,6.339,50.31,TRAVELING
400.81,6366.388,1148.667,2709.374,-3.149,2.692,6.339,50.31,SENSING
400.81,6366.388,1148.667,2709.374,-3.149,2.692,6.339,50.31,TRAVELING
400.81,6366.388,1148.667,2709.374,-3.149,2.692,6.339,50.31,LISTENING
410.0,6337.161,1173.302,2767.471,-3.216,2.679,6.31,50.31,TRAVELING
410.0,6337.161,1173.302,2767.471,-3.216,2.679,6.31,50.31,SENSING
410.0,6337.161,1173.302,2767.471,-3.216,2.679,6.31,50.31,MEASURING
410.0,6337.161,1173.302,2767.471,-3.216,2.679,6.31,50.31,SENSING
410.0,6337.161,1173.302,2767.471,-3.216,2.679,6.31,50.31,MANEUVERING
410.0,6337.161,1173.302,2767.471,-3.216,2.679,6.31,50.31,LISTENING
410.94,6334.137,1175.815,2773.398,-3.223,2.678,6.307,51.25,MANEUVERING
410.94,6334.137,1175.815,2773.398,-3.223,2.678,6.307,51.25,SENSING
410.94,6334.137,1175.815,2773.398,-3.223,2.678,6.307,51.25,TRAVELING
410.94,6334.137,1175.815,2773.398,-3.223,2.678,6.307,51.25,LISTENING
420.0,6304.657,1199.979,2830.382,-3.289,2.666,6.278,51.25,TRAVELING
420.0,6304.657,1199.979,2830.382,-3.289,2.666,6.278,51.25,SENSING
420.0,6304.657,1199.979,2830.382,-3.289,2.666,6.278,51.25,MEASURING
420.0,6304.657,1199.979,2830.382,-3.289,2.666,6.278,51.25,SENSING
420.0,6304.657,1199.979,2830.382,-3.289,2.666,6.278,51.25,MANEUVERING
420.0,6304.657,1199.979,2830.382,-3.289,2.666,6.278,51.25,LISTENING
421.32,6300.312,1203.49,2838.662,-3.299,2.664,6.274,49.93,MANEUVERING
421.32,6300.312,1203.49,2838.662,-3.299,2.664,6.274,49.93,SENSING
421.32,6300.312,1203.49,2838.662,-3.299,2.664,6.274,49.93,MANEUVERING
421.32,6300.312,1203.49,2838.662,-3.299,2.664,6.274,49.93,LISTENING
421.87,6298.498,1204.952,2842.11,-3.303,2.663,6.272,49.38,MANEUVERING
421.87,6298.498,1204.952,2842.11,-3.303,2.663,6.272,49.38,SENSING
421.87,6298.498,1204.952,2842.11,-3.303,2.663,6.272,49.38,TRAVELING
421.87,6298.498,1204.952,2842.11,-3.303,2.663,6.272,49.38,LISTENING
430.0,6271.425,1226.518,2892.966,-3.362,2.652,6.245,49.38,TRAVELING
430.0,6271.425,1226.518,2892.966,-3.362,2.652,6.245,49.38,SENSING
430.0,6271.425,1226.518,2892.966,-3.362,2.652,6.245,49.38,TRAVELING
430.0,6271.425,1226.518,2892.966,-3.362,2.652,6.245,49.38,LISTENING
430.95,6268.231,1229.032,2898.894,-3.369,2.65,6.242,49.38,TRAVELING
430.95,6268.231,1229.032,2898.894,-3.369,2.65,6.242,49.38,SENSING
430.95,6268.231,1229.032,2898.894,-3.369,2.65,6.242,49.38,TRAVELING
430.95,6268.231,1229.032,2898.894,-3.369,2.65,6.242,49.38,LISTENING
440.0,6237.471,1252.916,2955.217,-3.434,2.637,6.211,49.38,TRAVELING
440.0,6237.471,1252.916,2955.217,-3.434,2.637,6.211,49.38,SENSING
440.0,6237.471,1252.916,2955.217,-3.434,2.637,6.211,49.38,MEASURING
440.0,6237.471,1252.916,2955.217,-3.434,2.637,6.211,49.38,SENSING
440.0,6237.471,1252.916,2955.217,-3.434,2.637,6.211,49.38,MANEUVERING
440.0,6237.471,1252.916,2955.217,-3.434,2.637,6.211,49.38,LISTENING
441.37,6232.763,1256.521,2963.719,-3.444,2.635,6.207,50.75,MANEUVERING
441.37,6232.763,1256.521,2963.719,-3.444,2.635,6.207,50.75,SENSING
441.37,6232.763,1256.521,2963.719,-3.444,2.635,6.207,50.75,TRAVELING
441.37,6232.763,1256.521,2963.719,-3.444,2.635,6.207,50.75,LISTENING
450.0,6202.796,1279.169,3017.127,-3.506,2.623,6.177,50.75,TRAVELING
450.0,6202.796,1279.169,3017.127,-3.506,2.623,6.177,50.75,SENSING
450.0,6202.796,1279.169,3017.127,-3.506,2.623,6.177,50.75,MEASURING
450.0,6202.796,1279.169,3017.127,-3.506,2.623,6.177,50.75,SENSING
450.0,6202.796,1279.169,3017.127,-3.506,2.623,6.177,50.75,MANEUVERING
450.0,6202.796,1279.169,3017.127,-3.506,2.623,6.177,50.75,LISTENING
450.96,6199.43,1281.682,3023.052,-3.513,2.621,6.174,51.71,MANEUVERING
450.96,6199.43,1281.682,3023.052,-3.513,2.621,6.174,51.71,SENSING
450.96,6199.43,1281.682,3023.052,-3.513,2.621,6.174,51.71,TRAVELING
450.96,6199.43,1281.682,3023.052,-3.513,2.621,6.174,51.71,LISTENING
460.0,6167.407,1305.276,3078.689,-3.577,2.608,6.142,51.71,TRAVELING
460.0,6167.407,1305.276,3078.689,-3.577,2.608,6.142,51.71,SENSING
460.0,6167.407,1305.276,3078.689,-3.577,2.608,6.142,51.71,TRAVELING
460.0,6167.407,1305.276,3078.689,-3.577,2.608,6.142,51.71,LISTENING
461.35,6162.575,1308.789,3086.972,-3.587,2.606,6.137,51.71,TRAVELING
461.35,6162.575,1308.789,3086.972,-3.587,2.606,6.137,51.71,SENSING
461.35,6162.575,1308.789,3086.972,-3.587,2.606,6.137,51.71,TRAVELING
461.35,6162.575,1308.789,3086.972,-3.587,2.606,6.137,51.71,LISTENING
470.0,6131.307,1331.232,3139.895,-3.648,2.593,6.106,51.71,TRAVELING
470.0,6131.307,1331.232,3139.895,-3.648,2.593,6.106,51.71,SENSING
470.0,6131.307,1331.232,3139.895,-3.648,2.593,6.106,51.71,TRAVELING
470.0,6131.307,1331.232,3139.895,-3.648,2.593,6.106,51.71,LISTENING
471.79,6124.771,1335.862,3150.813,-3.661,2.59,6.099,51.71,TRAVELING
471.79,6124.771,1335.862,3150.813,-3.661,2.59,6.099,51.71,SENSING
471.79,6124.771,1335.862,3150.813,-3.661,2.59,6.099,51.71,TRAVELING
471.79,6124.771,1335.862,3150.813,-3.661,2.59,6.099,51.71,LISTENING
480.0,6094.5,1357.035,3200.74,-3.719,2.577,6.069,51.71,TRAVELING
480.0,6094.5,1357.035,3200.74,-3.719,2.577,6.069,51.71,SENSING
480.0,6094.5,1357.035,3200.74,-3.719,2.577,6.069,51.71,MEASURING
480.0,6094.5,1357.035,3200.74,-3.719,2.577,6.069,51.71,SENSING
480.0,6094.5,1357.035,3200.74,-3.719,2.577,6.069,51.71,MANEUVERING
480.0,6094.5,1357.035,3200.74,-3.719,2.577,6.069,51.71,LISTENING
483.75,6080.517,1366.671,3223.462,-3.745,2.571,6.055,47.96,MANEUVERING
483.75,6080.517,1366.671,3223.462,-3.745,2.571,6.055,47.96,SENSING
483.75,6080.517,1366.671,3223.462,-3.745,2.571,6.055,47.96,TRAVELING
483.75,6080.517,1366.671,3223.462,-3.745,2.571,6.055,47.96,LISTENING
487.05,6068.129,1375.133,3243.414,-3.768,2.566,6.043,47.96,TRAVELING
487.05,6068.129,1375.133,3243.414,-3.768,2.566,6.043,47.96,SENSING
487.05,6068.129,1375.133,3243.414,-3.768,2.566,6.043,47.96,LISTENING
490.0,6056.991,1382.682,3261.216,-3.789,2.561,6.032,47.96,SENSING
490.0,6056.991,1382.682,3261.216,-3.789,2.561,6.032,47.96,MEASURING
490.0,6056.991,1382.682,3261.216,-3.789,2.561,6.032,47.96,SENSING
490.0,6056.991,1382.682,3261.216,-3.789,2.561,6.032,47.96,MANEUVERING
490.0,6056.991,1382.682,3261.216,-3.789,2.561,6.032,47.96,LISTENING
493.34,6044.308,1391.213,3281.331,-3.812,2.556,6.019,51.3,MANEUVERING
493.34,6044.308,1391.213,3281.331,-3.812,2.556,6.019,51.3,SENSING
493.34,6044.308,1391.213,3281.331,-3.812,2.556,6.019,51.3,TRAVELING
493.34,6044.308,1391.213,3281.331,-3.812,2.556,6.019,51.3,LISTENING
494.42,6040.19,1393.968,3287.827,-3.819,2.554,6.015,51.3,TRAVELING
494.42,6040.19,1393.968,3287.827,-3.819,2.554,6.015,51.3,SENSING
494.42,6040.19,1393.968,3287.827,-3.819,2.554,6.015,51.3,TRAVELING
494.42,6040.19,1393.968,3287.827,-3.819,2.554,6.015,51.3,LISTENING
500.0,6018.785,1408.171,3321.316,-3.858,2.545,5.994,51.3,TRAVELING
500.0,6018.785,1408.171,3321.316,-3.858,2.545,5.994,51.3,SENSING
500.0,6018.785,1408.171,3321.316,-3.858,2.545,5.994,51.3,MEASURING
500.0,6018.785,1408.171,3321.316,-3.858,2.545,5.994,51.3,SENSING
500.0,6018.785,1408.171,3321.316,-3.858,2.545,5.994,51.3,MANEUVERING
500.0,6018.785,1408.171,3321.316,-3.858,2.545,5.994,51.3,LISTENING
500.46,6017.01,1409.339,3324.071,-3.861,2.545,5.992,51.76,MANEUVERING
500.46,6017.01,1409.339,3324.071,-3.861,2.545,5.992,51.76,SENSING
500.46,6017.01,1409.339,3324.071,-3.861,2.545,5.992,51.76,TRAVELING
500.46,6017.01,1409.339,3324.071,-3.861,2.545,5.992,51.76,LISTENING
501.58,6012.684,1412.183,3330.777,-3.869,2.543,5.988,51.76,TRAVELING
501.58,6012.684,1412.183,3330.777,-3.869,2.543,5.988,51.76,SENSING
501.58,6012.684,1412.183,3330.777,-3.869,2.543,5.988,51.76,TRAVELING
501.58,6012.684,1412.183,3330.777,-3.869,2.543,5.988,51.76,LISTENING
510.0,5979.884,1433.497,3381.033,-3.927,2.529,5.955,51.76,TRAVELING
510.0,5979.884,1433.497,3381.033,-3.927,2.529,5.955,51.76,SENSING
510.0,5979.884,1433.497,3381.033,-3.927,2.529,5.955,51.76,MEASURING
510.0,5979.884,1433.497,3381.033,-3.927,2.529,5.955,51.76,SENSING
510.0,5979.884,1433.497,3381.033,-3.927,2.529,5.955,51.76,MANEUVERING
510.0,5979.884,1433.497,3381.033,-3.927,2.529,5.955,51.76,LISTENING
510.97,5976.074,1435.945,3386.805,-3.934,2.527,5.952,50.79,MANEUVERING
510.97,5976.074,1435.945,3386.805,-3.934,2.527,5.952,50.79,SENSING
510.97,5976.074,1435.945,3386.805,-3.934,2.527,5.952,50.79,MANEUVERING
510.97,5976.074,1435.945,3386.805,-3.934,2.527,5.952,50.79,LISTENING
513.12,5967.606,1441.365,3399.585,-3.949,2.524,5.943,48.64,MANEUVERING
513.12,5967.606,1441.365,3399.585,-3.949,2.524,5.943,48.64,SENSING
513.12,5967.606,1441.365,3399.585,-3.949,2.524,5.943,48.64,TRAVELING
513.12,5967.606,1441.365,3399.585,-3.949,2.524,5.943,48.64,LISTENING
520.0,5940.295,1458.659,3440.36,-3.996,2.512,5.916,48.64,TRAVELING
520.0,5940.295,1458.659,3440.36,-3.996,2.512,5.916,48.64,SENSING
520.0,5940.295,1458.659,3440.36,-3.996,2.512,5.916,48.64,MEASURING
520.0,5940.295,1458.659,3440.36,-3.996,2.512,5.916,48.64,SENSING
520.0,5940.295,1458.659,3440.36,-3.996,2.512,5.916,48.64,MANEUVERING
520.0,5940.295,1458.659,3440.36,-3.996,2.512,5.916,48.64,LISTENING
521.95,5932.496,1463.546,3451.883,-4.009,2.509,5.908,50.59,MANEUVERING
521.95,5932.496,1463.546,3451.883,-4.009,2.509,5.908,50.59,SENSING
521.95,5932.496,1463.546,3451.883,-4.009,2.509,5.908,50.59,TRAVELING
521.95,5932.496,1463.546,3451.883,-4.009,2.509,5.908,50.59,LISTENING
523.64,5925.715,1467.776,3461.858,-4.021,2.506,5.902,50.59,TRAVELING
523.64,5925.715,1467.776,3461.858,-4.021,2.506,5.902,50.59,SENSING
523.64,5925.715,1467.776,3461.858,-4.021,2.506,5.902,50.59,TRAVELING
523.64,5925.715,1467.776,3461.858,-4.021,2.506,5.902,50.59,LISTENING
530.0,5900.022,1483.653,3499.291,-4.064,2.495,5.876,50.59,TRAVELING
530.0,5900.022,1483.653,3499.291,-4.064,2.495,5.876,50.59,SENSING
530.0,5900.022,1483.653,3499.291,-4.064,2.495,5.876,50.59,MEASURING
530.0,5900.022,1483.653,3499.291,-4.064,2.495,5.876,50.59,SENSING
530.0,5900.022,1483.653,3499.291,-4.064,2.495,5.876,50.59,MANEUVERING
530.0,5900.022,1483.653,3499.291,-4.064,2.495,5.876,50.59,LISTENING
535.78,5876.434,1498.022,3533.17,-4.103,2.486,5.853,44.81,MANEUVERING
535.78,5876.434,1498.022,3533.17,-4.103,2.486,5.853,44.81,SENSING
535.78,5876.434,1498.022,3533.17,-4.103,2.486,5.853,44.81,TRAVELING
535.78,5876.434,1498.022,3533.17,-4.103,2.486,5.853,44.81,SENSING
535.78,5876.434,1498.022,3533.17,-4.103,2.486,5.853,44.81,LISTENING
537.26,5870.358,1501.692,3541.824,-4.113,2.483,5.847,44.81,SENSING
537.26,5870.358,1501.692,3541.824,-4.113,2.483,5.847,44.81,LISTENING
540.0,5859.07,1508.476,3557.82,-4.132,2.478,5.835,44.81,SENSING
540.0,5859.07,1508.476,3557.82,-4.132,2.478,5.835,44.81,MEASURING
540.0,5859.07,1508.476,3557.82,-4.132,2.478,5.835,44.81,SENSING
540.0,5859.07,1508.476,3557.82,-4.132,2.478,5.835,44.81,MANEUVERING
540.0,5859.07,1508.476,3557.82,-4.132,2.478,5.835,44.81,LISTENING
540.35,5857.624,1509.342,3559.861,-4.134,2.478,5.834,44.46,MANEUVERING
540.35,5857.624,1509.342,3559.861,-4.134,2.478,5.834,44.46,SENSING
540.35,5857.624,1509.342,3559.861,-4.134,2.478,5.834,44.46,TRAVELING
540.35,5857.624,1509.342,3559.861,-4.134,2.478,5.834,44.46,LISTENING
545.18,5837.591,1521.267,3587.977,-4.167,2.469,5.814,44.46,TRAVELING
545.18,5837.591,1521.267,3587.977,-4.167,2.469,5.814,44.46,SENSING
545.18,5837.591,1521.267,3587.977,-4.167,2.469,5.814,44.46,LISTENING
550.0,5817.443,1533.126,3615.938,-4.199,2.461,5.794,44.46,SENSING
550.0,5817.443,1533.126,3615.938,-4.199,2.461,5.794,44.46,MEASURING
550.0,5817.443,1533.126,3615.938,-4.199,2.461,5.794,44.46,SENSING
550.0,5817.443,1533.126,3615.938,-4.199,2.461,5.794,44.46,MANEUVERING
550.0,5817.443,1533.126,3615.938,-4.199,2.461,5.794,44.46,LISTENING
550.66,5814.672,1534.747,3619.759,-4.204,2.46,5.791,45.12,MANEUVERING
550.66,5814.672,1534.747,3619.759,-4.204,2.46,5.791,45.12,SENSING
550.66,5814.672,1534.747,3619.759,-4.204,2.46,5.791,45.12,MANEUVERING
550.66,5814.672,1534.747,3619.759,-4.204,2.46,5.791,45.12,LISTENING
552.79,5805.709,1539.973,3632.079,-4.218,2.456,5.782,47.25,MANEUVERING
552.79,5805.709,1539.973,3632.079,-4.218,2.456,5.782,47.25,SENSING
552.79,5805.709,1539.973,3632.079,-4.218,2.456,5.782,47.25,TRAVELING
552.79,5805.709,1539.973,3632.079,-4.218,2.456,5.782,47.25,LISTENING
560.0,5775.147,1557.601,3673.64,-4.266,2.443,5.752,47.25,TRAVELING
560.0,5775.147,1557.601,3673.64,-4.266,2.443,5.752,47.25,SENSING
560.0,5775.147,1557.601,3673.64,-4.266,2.443,5.752,47.25,MEASURING
560.0,5775.147,1557.601,3673.64,-4.266,2.443,5.752,47.25,SENSING
560.0,5775.147,1557.601,3673.64,-4.266,2.443,5.752,47.25,MANEUVERING
560.0,5775.147,1557.601,3673.64,-4.266,2.443,5.752,47.25,LISTENING
564.82,5754.522,1569.334,3701.302,-4.298,2.434,5.732,42.43,MANEUVERING
564.82,5754.522,1569.334,3701.302,-4.298,2.434,5.732,42.43,SENSING
564.82,5754.522,1569.334,3701.302,-4.298,2.434,5.732,42.43,MANEUVERING
564.82,5754.522,1569.334,3701.302,-4.298,2.434,5.732,42.43,LISTENING
565.05,5753.534,1569.892,3702.619,-4.3,2.434,5.731,42.2,MANEUVERING
565.05,5753.534,1569.892,3702.619,-4.3,2.434,5.731,42.2,SENSING
565.05,5753.534,1569.892,3702.619,-4.3,2.434,5.731,42.2,TRAVELING
565.05,5753.534,1569.892,3702.619,-4.3,2.434,5.731,42.2,SENSING
565.05,5753.534,1569.892,3702.619,-4.3,2.434,5.731,42.2,LISTENING
570.0,5732.186,1581.896,3730.919,-4.332,2.425,5.709,42.2,SENSING
570.0,5732.186,1581.896,3730.919,-4.332,2.425,5.709,42.2,MEASURING
570.0,5732.186,1581.896,3730.919,-4.332,2.425,5.709,42.2,SENSING
570.0,5732.186,1581.896,3730.919,-4.332,2.425,5.709,42.2,MANEUVERING
570.0,5732.186,1581.896,3730.919,-4.332,2.425,5.709,42.2,LISTENING
573.74,5715.949,1590.936,3752.232,-4.357,2.418,5.693,45.94,MANEUVERING
573.74,5715.949,1590.936,3752.232,-4.357,2.418,5.693,45.94,SENSING
573.74,5715.949,1590.936,3752.232,-4.357,2.418,5.693,45.94,MANEUVERING
573.74,5715.949,1590.936,3752.232,-4.357,2.418,5.693,45.94,LISTENING
577.68,5698.744,1600.432,3774.618,-4.383,2.411,5.676,49.88,MANEUVERING
577.68,5698.744,1600.432,3774.618,-4.383,2.411,5.676,49.88,SENSING
577.68,5698.744,1600.432,3774.618,-4.383,2.411,5.676,49.88,TRAVELING
577.68,5698.744,1600.432,3774.618,-4.383,2.411,5.676,49.88,SENSING
577.68,5698.744,1600.432,3774.618,-4.383,2.411,5.676,49.88,LISTENING
580.0,5688.565,1606.01,3787.769,-4.398,2.407,5.666,49.88,SENSING
580.0,5688.565,1606.01,3787.769,-4.398,2.407,5.666,49.88,MEASURING
580.0,5688.565,1606.01,3787.769,-4.398,2.407,5.666,49.88,SENSING
580.0,5688.565,1606.01,3787.769,-4.398,2.407,5.666,49.88,MANEUVERING
580.0,5688.565,1606.01,3787.769,-4.398,2.407,5.666,49.88,LISTENING
582.25,5678.66,1611.41,3800.5,-4.413,2.402,5.656,52.13,MANEUVERING
582.25,5678.66,1611.41,3800.5,-4.413,2.402,5.656,52.13,SENSING
582.25,5678.66,1611.41,3800.5,-4.413,2.402,5.656,52.13,TRAVELING
582.25,5678.66,1611.41,3800.5,-4.413,2.402,5.656,52.13,LISTENING
583.49,5673.187,1614.382,3807.507,-4.421,2.4,5.651,52.13,TRAVELING
583.49,5673.187,1614.382,3807.507,-4.421,2.4,5.651,52.13,SENSING
583.49,5673.187,1614.382,3807.507,-4.421,2.4,5.651,52.13,TRAVELING
583.49,5673.187,1614.382,3807.507,-4.421,2.4,5.651,52.13,LISTENING
590.0,5644.29,1629.939,3844.183,-4.463,2.388,5.622,52.13,TRAVELING
590.0,5644.29,1629.939,3844.183,-4.463,2.388,5.622,52.13,SENSING
590.0,5644.29,1629.939,3844.183,-4.463,2.388,5.622,52.13,MEASURING
590.0,5644.29,1629.939,3844.183,-4.463,2.388,5.622,52.13,SENSING
590.0,5644.29,1629.939,3844.183,-4.463,2.388,5.622,52.13,MANEUVERING
590.0,5644.29,1629.939,3844.183,-4.463,2.388,5.622,52.13,LISTENING
594.38,5624.693,1640.362,3868.753,-4.492,2.38,5.603,47.75,MANEUVERING
594.38,5624.693,1640.362,3868.753,-4.492,2.38,5.603,47.75,SENSING
594.38,5624.693,1640.362,3868.753,-4.492,2.38,5.603,47.75,TRAVELING
594.38,5624.693,1640.362,3868.753,-4.492,2.38,5.603,47.75,LISTENING
595.19,5621.055,1642.285,3873.288,-4.497,2.378,5.599,47.75,TRAVELING
595.19,5621.055,1642.285,3873.288,-4.497,2.378,5.599,47.75,SENSING
595.19,5621.055,1642.285,3873.288,-4.497,2.378,5.599,47.75,LISTENING
600.0,5599.366,1653.682,3900.154,-4.528,2.369,5.578,47.75,SENSING
600.0,5599.366,1653.682,3900.154,-4.528,2.369,5.578,47.75,MEASURING
600.0,5599.366,1653.682,3900.154,-4.528,2.369,5.578,47.75,SENSING
600.0,5599.366,1653.682,3900.154,-4.528,2.369,5.578,47.75,MANEUVERING
600.0,5599.366,1653.682,3900.154,-4.528,2.369,5.578,47.75,LISTENING
601.42,5592.935,1657.038,3908.066,-4.537,2.366,5.571,49.17,MANEUVERING
601.42,5592.935,1657.038,3908.066,-4.537,2.366,5.571,49.17,SENSING
601.42,5592.935,1657.038,3908.066,-4.537,2.366,5.571,49.17,TRAVELING
601.42,5592.935,1657.038,3908.066,-4.537,2.366,5.571,49.17,LISTENING
602.3,5588.942,1659.116,3912.965,-4.543,2.365,5.567,49.17,TRAVELING
602.3,5588.942,1659.116,3912.965,-4.543,2.365,5.567,49.17,SENSING
602.3,5588.942,1659.116,3912.965,-4.543,2.365,5.567,49.17,TRAVELING
602.3,5588.942,1659.116,3912.965,-4.543,2.365,5.567,49.17,LISTENING
610.0,5553.798,1677.234,3955.677,-4.592,2.35,5.532,49.17,TRAVELING
610.0,5553.798,1677.234,3955.677,-4.592,2.35,5.532,49.17,SENSING
610.0,5553.798,1677.234,3955.677,-4.592,2.35,5.532,49.17,MEASURING
610.0,5553.798,1677.234,3955.677,-4.592,2.35,5.532,49.17,SENSING
610.0,5553.798,1677.234,3955.677,-4.592,2.35,5.532,49.17,MANEUVERING
610.0,5553.798,1677.234,3955.677,-4.592,2.35,5.532,49.17,LISTENING
610.22,5552.789,1677.75,3956.893,-4.593,2.349,5.531,48.95,MANEUVERING
610.22,5552.789,1677.75,3956.893,-4.593,2.349,5.531,48.95,SENSING
610.22,5552.789,1677.75,3956.893,-4.593,2.349,5.531,48.95,TRAVELING
610.22,5552.789,1677.75,3956.893,-4.593,2.349,5.531,48.95,LISTENING
620.0,5507.592,1700.595,4010.745,-4.656,2.331,5.487,48.95,TRAVELING
620.0,5507.592,1700.595,4010.745,-4.656,2.331,5.487,48.95,SENSING
620.0,5507.592,1700.595,4010.745,-4.656,2.331,5.487,48.95,MEASURING
620.0,5507.592,1700.595,4010.745,-4.656,2.331,5.487,48.95,SENSING
620.0,5507.592,1700.595,4010.745,-4.656,2.331,5.487,48.95,MANEUVERING
620.0,5507.592,1700.595,4010.745,-4.656,2.331,5.487,48.95,LISTENING
623.73,5490.194,1709.258,4031.167,-4.679,2.323,5.469,52.68,MANEUVERING
623.73,5490.194,1709.258,4031.167,-4.679,2.323,5.469,52.68,SENSING
623.73,5490.194,1709.258,4031.167,-4.679,2.323,5.469,52.68,MANEUVERING
623.73,5490.194,1709.258,4031.167,-4.679,2.323,5.469,52.68,LISTENING
624.95,5484.485,1712.086,4037.833,-4.687,2.321,5.464,53.9,MANEUVERING
624.95,5484.485,1712.086,4037.833,-4.687,2.321,5.464,53.9,SENSING
624.95,5484.485,1712.086,4037.833,-4.687,2.321,5.464,53.9,TRAVELING
624.95,5484.485,1712.086,4037.833,-4.687,2.321,5.464,53.9,LISTENING
630.0,5460.752,1723.76,4065.352,-4.719,2.311,5.44,53.9,TRAVELING
630.0,5460.752,1723.76,4065.352,-4.719,2.311,5.44,53.9,SENSING
630.0,5460.752,1723.76,4065.352,-4.719,2.311,5.44,53.9,MEASURING
630.0,5460.752,1723.76,4065.352,-4.719,2.311,5.44,53.9,SENSING
630.0,5460.752,1723.76,4065.352,-4.719,2.311,5.44,53.9,MANEUVERING
630.0,5460.752,1723.76,4065.352,-4.719,2.311,5.44,53.9,LISTENING
633.07,5446.246,1730.832,4082.022,-4.738,2.305,5.426,50.83,MANEUVERING
633.07,5446.246,1730.832,4082.022,-4.738,2.305,5.426,50.83,SENSING
633.07,5446.246,1730.832,4082.022,-4.738,2.305,5.426,50.83,MANEUVERING
633.07,5446.246,1730.832,4082.022,-4.738,2.305,5.426,50.83,LISTENING
640.0,5413.285,1746.727,4119.491,-4.781,2.291,5.393,43.9,MANEUVERING
640.0,5413.285,1746.727,4119.491,-4.781,2.291,5.393,43.9,SENSING
640.0,5413.285,1746.727,4119.491,-4.781,2.291,5.393,43.9,MANEUVERING
640.0,5413.285,1746.727,4119.491,-4.781,2.291,5.393,43.9,LISTENING
640.51,5410.848,1747.893,4122.239,-4.784,2.29,5.391,43.39,MANEUVERING
640.51,5410.848,1747.893,4122.239,-4.784,2.29,5.391,43.39,SENSING
640.51,5410.848,1747.893,4122.239,-4.784,2.29,5.391,43.39,MANEUVERING
640.51,5410.848,1747.893,4122.239,-4.784,2.29,5.391,43.39,LISTENING
647.78,5375.925,1764.458,4161.284,-4.83,2.275,5.356,36.12,MANEUVERING
647.78,5375.925,1764.458,4161.284,-4.83,2.275,5.356,36.12,SENSING
647.78,5375.925,1764.458,4161.284,-4.83,2.275,5.356,36.12,TRAVELING
647.78,5375.925,1764.458,4161.284,-4.83,2.275,5.356,36.12,SENSING
647.78,5375.925,1764.458,4161.284,-4.83,2.275,5.356,36.12,LISTENING
650.0,5365.196,1769.495,4173.157,-4.843,2.271,5.345,36.12,SENSING
650.0,5365.196,1769.495,4173.157,-4.843,2.271,5.345,36.12,MEASURING
650.0,5365.196,1769.495,4173.157,-4.843,2.271,5.345,36.12,SENSING
650.0,5365.196,1769.495,4173.157,-4.843,2.271,5.345,36.12,MANEUVERING
650.0,5365.196,1769.495,4173.157,-4.843,2.271,5.345,36.12,LISTENING
655.87,5336.681,1782.765,4204.435,-4.879,2.259,5.317,41.99,MANEUVERING
655.87,5336.681,1782.765,4204.435,-4.879,2.259,5.317,41.99,SENSING
655.87,5336.681,1782.765,4204.435,-4.879,2.259,5.317,41.99,MANEUVERING
655.87,5336.681,1782.765,4204.435,-4.879,2.259,5.317,41.99,LISTENING
659.65,5318.206,1791.273,4224.49,-4.903,2.251,5.299,45.77,MANEUVERING
659.65,5318.206,1791.273,4224.49,-4.903,2.251,5.299,45.77,SENSING
659.65,5318.206,1791.273,4224.49,-4.903,2.251,5.299,45.77,TRAVELING
659.65,5318.206,1791.273,4224.49,-4.903,2.251,5.299,45.77,SENSING
659.65,5318.206,1791.273,4224.49,-4.903,2.251,5.299,45.77,LISTENING
660.0,5316.491,1792.059,4226.343,-4.905,2.25,5.297,45.77,SENSING
660.0,5316.491,1792.059,4226.343,-4.905,2.25,5.297,45.77,MEASURING
660.0,5316.491,1792.059,4226.343,-4.905,2.25,5.297,45.77,SENSING
660.0,5316.491,1792.059,4226.343,-4.905,2.25,5.297,45.77,MANEUVERING
660.0,5316.491,1792.059,4226.343,-4.905,2.25,5.297,45.77,LISTENING
664.72,5293.29,1802.638,4251.278,-4.933,2.241,5.274,50.49,MANEUVERING
664.72,5293.29,1802.638,4251.278,-4.933,2.241,5.274,50.49,SENSING
664.72,5293.29,1802.638,4251.278,-4.933,2.241,5.274,50.49,TRAVELING
664.72,5293.29,1802.638,4251.278,-4.933,2.241,5.274,50.49,LISTENING
670.0,5267.175,1814.418,4279.043,-4.965,2.23,5.248,50.49,TRAVELING
670.0,5267.175,1814.418,4279.043,-4.965,2.23,5.248,50.49,SENSING
670.0,5267.175,1814.418,4279.043,-4.965,2.23,5.248,50.49,MEASURING
670.0,5267.175,1814.418,4279.043,-4.965,2.23,5.248,50.49,SENSING
670.0,5267.175,1814.418,4279.043,-4.965,2.23,5.248,50.49,MANEUVERING
670.0,5267.175,1814.418,4279.043,-4.965,2.23,5.248,50.49,LISTENING
670.76,5263.402,1816.109,4283.029,-4.97,2.228,5.245,51.25,MANEUVERING
670.76,5263.402,1816.109,4283.029,-4.97,2.228,5.245,51.25,SENSING
670.76,5263.402,1816.109,4283.029,-4.97,2.228,5.245,51.25,TRAVELING
670.76,5263.402,1816.109,4283.029,-4.97,2.228,5.245,51.25,LISTENING
680.0,5217.254,1836.569,4331.253,-5.026,2.209,5.199,51.25,TRAVELING
680.0,5217.254,1836.569,4331.253,-5.026,2.209,5.199,51.25,SENSING
680.0,5217.254,1836.569,4331.253,-5.026,2.209,5.199,51.25,MEASURING
680.0,5217.254,1836.569,4331.253,-5.026,2.209,5.199,51.25,SENSING
680.0,5217.254,1836.569,4331.253,-5.026,2.209,5.199,51.25,MANEUVERING
680.0,5217.254,1836.569,4331.253,-5.026,2.209,5.199,51.25,LISTENING
683.95,5197.37,1845.261,4351.738,-5.049,2.2,5.179,47.3,MANEUVERING
683.95,5197.37,1845.261,4351.738,-5.049,2.2,5.179,47.3,SENSING
683.95,5197.37,1845.261,4351.738,-5.049,2.2,5.179,47.3,MANEUVERING
683.95,5197.37,1845.261,4351.738,-5.049,2.2,5.179,47.3,LISTENING
687.74,5178.204,1853.57,4371.321,-5.072,2.192,5.16,43.51,MANEUVERING
687.74,5178.204,1853.57,4371.321,-5.072,2.192,5.16,43.51,SENSING
687.74,5178.204,1853.57,4371.321,-5.072,2.192,5.16,43.51,TRAVELING
687.74,5178.204,1853.57,4371.321,-5.072,2.192,5.16,43.51,LISTENING
690.0,5166.734,1858.51,4382.964,-5.085,2.187,5.149,43.51,TRAVELING
690.0,5166.734,1858.51,4382.964,-5.085,2.187,5.149,43.51,SENSING
690.0,5166.734,1858.51,4382.964,-5.085,2.187,5.149,43.51,TRAVELING
690.0,5166.734,1858.51,4382.964,-5.085,2.187,5.149,43.51,LISTENING
710.0,5063.922,1901.751,4484.872,-5.203,2.144,5.047,43.51,TRAVELING
710.0,5063.922,1901.751,4484.872,-5.203,2.144,5.047,43.51,SENSING
710.0,5063.922,1901.751,4484.872,-5.203,2.144,5.047,43.51,MEASURING
710.0,5063.922,1901.751,4484.872,-5.203,2.144,5.047,43.51,SENSING
710.0,5063.922,1901.751,4484.872,-5.203,2.144,5.047,43.51,MANEUVERING
710.0,5063.922,1901.751,4484.872,-5.203,2.144,5.047,43.51,LISTENING
711.32,5057.054,1904.574,4491.526,-5.211,2.141,5.04,44.83,MANEUVERING
711.32,5057.054,1904.574,4491.526,-5.211,2.141,5.04,44.83,SENSING
711.32,5057.054,1904.574,4491.526,-5.211,2.141,5.04,44.83,TRAVELING
711.32,5057.054,1904.574,4491.526,-5.211,2.141,5.04,44.83,LISTENING
716.64,5029.272,1915.915,4518.252,-5.241,2.13,5.013,44.83,TRAVELING
716.64,5029.272,1915.915,4518.252,-5.241,2.13,5.013,44.83,SENSING
716.64,5029.272,1915.915,4518.252,-5.241,2.13,5.013,44.83,LISTENING
720.0,5011.641,1923.046,4535.056,-5.261,2.122,4.995,44.83,SENSING
720.0,5011.641,1923.046,4535.056,-5.261,2.122,4.995,44.83,MEASURING
720.0,5011.641,1923.046,4535.056,-5.261,2.122,4.995,44.83,SENSING
720.0,5011.641,1923.046,4535.056,-5.261,2.122,4.995,44.83,MANEUVERING
720.0,5011.641,1923.046,4535.056,-5.261,2.122,4.995,44.83,LISTENING
722.66,4997.637,1928.673,4548.318,-5.276,2.116,4.981,47.49,MANEUVERING
722.66,4997.637,1928.673,4548.318,-5.276,2.116,4.981,47.49,SENSING
722.66,4997.637,1928.673,4548.318,-5.276,2.116,4.981,47.49,TRAVELING
722.66,4997.637,1928.673,4548.318,-5.276,2.116,4.981,47.49,LISTENING
728.02,4969.296,1939.965,4574.929,-5.307,2.105,4.953,47.49,TRAVELING
728.02,4969.296,1939.965,4574.929,-5.307,2.105,4.953,47.49,SENSING
728.02,4969.296,1939.965,4574.929,-5.307,2.105,4.953,47.49,LISTENING
730.0,4958.786,1944.121,4584.72,-5.318,2.1,4.943,47.49,SENSING
730.0,4958.786,1944.121,4584.72,-5.318,2.1,4.943,47.49,MEASURING
730.0,4958.786,1944.121,4584.72,-5.318,2.1,4.943,47.49,SENSING
730.0,4958.786,1944.121,4584.72,-5.318,2.1,4.943,47.49,MANEUVERING
730.0,4958.786,1944.121,4584.72,-5.318,2.1,4.943,47.49,LISTENING
731.39,4951.394,1947.033,4591.582,-5.326,2.097,4.935,46.1,MANEUVERING
731.39,4951.394,1947.033,4591.582,-5.326,2.097,4.935,46.1,SENSING
731.39,4951.394,1947.033,4591.582,-5.326,2.097,4.935,46.1,MANEUVERING
731.39,4951.394,1947.033,4591.582,-5.326,2.097,4.935,46.1,LISTENING
733.42,4940.578,1951.277,4601.585,-5.337,2.093,4.925,44.07,MANEUVERING
733.42,4940.578,1951.277,4601.585,-5.337,2.093,4.925,44.07,SENSING
733.42,4940.578,1951.277,4601.585,-5.337,2.093,4.925,44.07,TRAVELING
733.42,4940.578,1951.277,4601.585,-5.337,2.093,4.925,44.07,LISTENING
740.0,4905.361,1964.973,4633.859,-5.374,2.078,4.89,44.07,TRAVELING
740.0,4905.361,1964.973,4633.859,-5.374,2.078,4.89,44.07,SENSING
740.0,4905.361,1964.973,4633.859,-5.374,2.078,4.89,44.07,MEASURING
740.0,4905.361,1964.973,4633.859,-5.374,2.078,4.89,44.07,SENSING
740.0,4905.361,1964.973,4633.859,-5.374,2.078,4.89,44.07,MANEUVERING
740.0,4905.361,1964.973,4633.859,-5.374,2.078,4.89,44.07,LISTENING
740.69,4901.654,1966.404,4637.23,-5.378,2.076,4.886,44.76,MANEUVERING
740.69,4901.654,1966.404,4637.23,-5.378,2.076,4.886,44.76,SENSING
740.69,4901.654,1966.404,4637.23,-5.378,2.076,4.886,44.76,MANEUVERING
740.69,4901.654,1966.404,4637.23,-5.378,2.076,4.886,44.76,LISTENING
748.12,4861.567,1981.74,4673.368,-5.42,2.059,4.846,52.19,MANEUVERING
748.12,4861.567,1981.74,4673.368,-5.42,2.059,4.846,52.19,SENSING
748.12,4861.567,1981.74,4673.368,-5.42,2.059,4.846,52.19,TRAVELING
748.12,4861.567,1981.74,4673.368,-5.42,2.059,4.846,52.19,SENSING
748.12,4861.567,1981.74,4673.368,-5.42,2.059,4.846,52.19,LISTENING
750.0,4851.375,1985.601,4682.465,-5.43,2.055,4.836,52.19,SENSING
750.0,4851.375,1985.601,4682.465,-5.43,2.055,4.836,52.19,MEASURING
750.0,4851.375,1985.601,4682.465,-5.43,2.055,4.836,52.19,SENSING
750.0,4851.375,1985.601,4682.465,-5.43,2.055,4.836,52.19,MANEUVERING
750.0,4851.375,1985.601,4682.465,-5.43,2.055,4.836,52.19,LISTENING
751.39,4843.826,1988.45,4689.179,-5.438,2.052,4.829,50.8,MANEUVERING
751.39,4843.826,1988.45,4689.179,-5.438,2.052,4.829,50.8,SENSING
751.39,4843.826,1988.45,4689.179,-5.438,2.052,4.829,50.8,TRAVELING
751.39,4843.826,1988.45,4689.179,-5.438,2.052,4.829,50.8,LISTENING
760.0,4796.832,2006.001,4730.535,-5.486,2.032,4.782,50.8,TRAVELING
760.0,4796.832,2006.001,4730.535,-5.486,2.032,4.782,50.8,SENSING
760.0,4796.832,2006.001,4730.535,-5.486,2.032,4.782,50.8,MEASURING
760.0,4796.832,2006.001,4730.535,-5.486,2.032,4.782,50.8,SENSING
760.0,4796.832,2006.001,4730.535,-5.486,2.032,4.782,50.8,MANEUVERING
760.0,4796.832,2006.001,4730.535,-5.486,2.032,4.782,50.8,LISTENING
760.7,4792.993,2007.421,4733.88,-5.49,2.031,4.779,50.1,MANEUVERING
760.7,4792.993,2007.421,4733.88,-5.49,2.031,4.779,50.1,SENSING
760.7,4792.993,2007.421,4733.88,-5.49,2.031,4.779,50.1,TRAVELING
760.7,4792.993,2007.421,4733.88,-5.49,2.031,4.779,50.1,LISTENING
766.19,4762.794,2018.514,4760.019,-5.52,2.018,4.749,50.1,TRAVELING
766.19,4762.794,2018.514,4760.019,-5.52,2.018,4.749,50.1,SENSING
766.19,4762.794,2018.514,4760.019,-5.52,2.018,4.749,50.1,LISTENING
770.0,4741.74,2026.173,4778.063,-5.54,2.009,4.728,50.1,SENSING
770.0,4741.74,2026.173,4778.063,-5.54,2.009,4.728,50.1,MEASURING
770.0,4741.74,2026.173,4778.063,-5.54,2.009,4.728,50.1,SENSING
770.0,4741.74,2026.173,4778.063,-5.54,2.009,4.728,50.1,MANEUVERING
770.0,4741.74,2026.173,4778.063,-5.54,2.009,4.728,50.1,LISTENING
779.05,4691.412,2044.228,4820.603,-5.589,1.988,4.678,41.05,MANEUVERING
779.05,4691.412,2044.228,4820.603,-5.589,1.988,4.678,41.05,SENSING
779.05,4691.412,2044.228,4820.603,-5.589,1.988,4.678,41.05,TRAVELING
779.05,4691.412,2044.228,4820.603,-5.589,1.988,4.678,41.05,SENSING
779.05,4691.412,2044.228,4820.603,-5.589,1.988,4.678,41.05,LISTENING
779.42,4689.346,2044.962,4822.333,-5.591,1.987,4.676,41.05,SENSING
779.42,4689.346,2044.962,4822.333,-5.591,1.987,4.676,41.05,LISTENING
780.0,4686.104,2046.112,4825.042,-5.594,1.986,4.673,41.05,SENSING
780.0,4686.104,2046.112,4825.042,-5.594,1.986,4.673,41.05,MEASURING
780.0,4686.104,2046.112,4825.042,-5.594,1.986,4.673,41.05,SENSING
780.0,4686.104,2046.112,4825.042,-5.594,1.986,4.673,41.05,MANEUVERING
780.0,4686.104,2046.112,4825.042,-5.594,1.986,4.673,41.05,LISTENING
781.12,4679.839,2048.331,4830.27,-5.601,1.983,4.667,39.93,MANEUVERING
781.12,4679.839,2048.331,4830.27,-5.601,1.983,4.667,39.93,SENSING
781.12,4679.839,2048.331,4830.27,-5.601,1.983,4.667,39.93,MANEUVERING
781.12,4679.839,2048.331,4830.27,-5.601,1.983,4.667,39.93,LISTENING
787.29,4645.207,2060.501,4858.943,-5.633,1.969,4.632,33.76,MANEUVERING
787.29,4645.207,2060.501,4858.943,-5.633,1.969,4.632,33.76,SENSING
787.29,4645.207,2060.501,4858.943,-5.633,1.969,4.632,33.76,TRAVELING
787.29,4645.207,2060.501,4858.943,-5.633,1.969,4.632,33.76,SENSING
787.29,4645.207,2060.501,4858.943,-5.633,1.969,4.632,33.76,LISTENING
790.0,4629.931,2065.818,4871.47,-5.648,1.962,4.617,33.76,SENSING
790.0,4629.931,2065.818,4871.47,-5.648,1.962,4.617,33.76,MEASURING
790.0,4629.931,2065.818,4871.47,-5.648,1.962,4.617,33.76,SENSING
790.0,4629.931,2065.818,4871.47,-5.648,1.962,4.617,33.76,MANEUVERING
790.0,4629.931,2065.818,4871.47,-5.648,1.962,4.617,33.76,LISTENING
790.45,4627.391,2066.699,4873.546,-5.65,1.961,4.615,33.31,MANEUVERING
790.45,4627.391,2066.699,4873.546,-5.65,1.961,4.615,33.31,SENSING
790.45,4627.391,2066.699,4873.546,-5.65,1.961,4.615,33.31,MANEUVERING
790.45,4627.391,2066.699,4873.546,-5.65,1.961,4.615,33.31,LISTENING
799.5,4576.077,2084.32,4915.058,-5.698,1.94,4.564,24.26,MANEUVERING
799.5,4576.077,2084.32,4915.058,-5.698,1.94,4.564,24.26,SENSING
799.5,4576.077,2084.32,4915.058,-5.698,1.94,4.564,24.26,TRAVELING
799.5,4576.077,2084.32,4915.058,-5.698,1.94,4.564,24.26,SENSING
799.5,4576.077,2084.32,4915.058,-5.698,1.94,4.564,24.26,LISTENING
800.0,4573.229,2085.287,4917.338,-5.701,1.939,4.561,24.26,SENSING
800.0,4573.229,2085.287,4917.338,-5.701,1.939,4.561,24.26,MEASURING
800.0,4573.229,2085.287,4917.338,-5.701,1.939,4.561,24.26,SENSING
800.0,4573.229,2085.287,4917.338,-5.701,1.939,4.561,24.26,MANEUVERING
800.0,4573.229,2085.287,4917.338,-5.701,1.939,4.561,24.26,LISTENING
802.4,4559.542,2089.925,4928.263,-5.713,1.933,4.548,26.66,MANEUVERING
802.4,4559.542,2089.925,4928.263,-5.713,1.933,4.548,26.66,SENSING
802.4,4559.542,2089.925,4928.263,-5.713,1.933,4.548,26.66,MANEUVERING
802.4,4559.542,2089.925,4928.263,-5.713,1.933,4.548,26.66,LISTENING
805.5,4541.819,2095.894,4942.326,-5.729,1.925,4.53,29.76,MANEUVERING
805.5,4541.819,2095.894,4942.326,-5.729,1.925,4.53,29.76,SENSING
805.5,4541.819,2095.894,4942.326,-5.729,1.925,4.53,29.76,TRAVELING
805.5,4541.819,2095.894,4942.326,-5.729,1.925,4.53,29.76,SENSING
805.5,4541.819,2095.894,4942.326,-5.729,1.925,4.53,29.76,LISTENING
810.0,4516.003,2104.519,4962.644,-5.753,1.915,4.505,29.76,SENSING
810.0,4516.003,2104.519,4962.644,-5.753,1.915,4.505,29.76,MEASURING
810.0,4516.003,2104.519,4962.644,-5.753,1.915,4.505,29.76,SENSING
810.0,4516.003,2104.519,4962.644,-5.753,1.915,4.505,29.76,MANEUVERING
810.0,4516.003,2104.519,4962.644,-5.753,1.915,4.505,29.76,LISTENING
814.63,4489.332,2113.342,4983.428,-5.777,1.903,4.478,25.13,MANEUVERING
814.63,4489.332,2113.342,4983.428,-5.777,1.903,4.478,25.13,SENSING
814.63,4489.332,2113.342,4983.428,-5.777,1.903,4.478,25.13,TRAVELING
814.63,4489.332,2113.342,4983.428,-5.777,1.903,4.478,25.13,LISTENING
815.08,4486.734,2114.197,4985.442,-5.779,1.902,4.476,25.13,TRAVELING
815.08,4486.734,2114.197,4985.442,-5.779,1.902,4.476,25.13,SENSING
815.08,4486.734,2114.197,4985.442,-5.779,1.902,4.476,25.13,LISTENING
820.0,4458.26,2123.51,5007.381,-5.804,1.89,4.447,25.13,SENSING
820.0,4458.26,2123.51,5007.381,-5.804,1.89,4.447,25.13,MEASURING
820.0,4458.26,2123.51,5007.381,-5.804,1.89,4.447,25.13,SENSING
820.0,4458.26,2123.51,5007.381,-5.804,1.89,4.447,25.13,MANEUVERING
820.0,4458.26,2123.51,5007.381,-5.804,1.89,4.447,25.13,LISTENING
823.13,4440.081,2129.404,5021.267,-5.82,1.883,4.429,22.0,MANEUVERING
823.13,4440.081,2129.404,5021.267,-5.82,1.883,4.429,22.0,SENSING
823.13,4440.081,2129.404,5021.267,-5.82,1.883,4.429,22.0,MANEUVERING
823.13,4440.081,2129.404,5021.267,-5.82,1.883,4.429,22.0,LISTENING
825.05,4428.905,2133.009,5029.756,-5.83,1.878,4.418,20.08,MANEUVERING
825.05,4428.905,2133.009,5029.756,-5.83,1.878,4.418,20.08,SENSING
825.05,4428.905,2133.009,5029.756,-5.83,1.878,4.418,20.08,TRAVELING
825.05,4428.905,2133.009,5029.756,-5.83,1.878,4.418,20.08,SENSING
825.05,4428.905,2133.009,5029.756,-5.83,1.878,4.418,20.08,LISTENING
830.0,4400.006,2142.259,5051.546,-5.855,1.866,4.39,20.08,SENSING
830.0,4400.006,2142.259,5051.546,-5.855,1.866,4.39,20.08,MEASURING
830.0,4400.006,2142.259,5051.546,-5.855,1.866,4.39,20.08,SENSING
830.0,4400.006,2142.259,5051.546,-5.855,1.866,4.39,20.08,MANEUVERING
830.0,4400.006,2142.259,5051.546,-5.855,1.866,4.39,20.08,LISTENING
833.64,4378.677,2149.023,5067.478,-5.873,1.857,4.369,16.44,MANEUVERING
833.64,4378.677,2149.023,5067.478,-5.873,1.857,4.369,16.44,SENSING
833.64,4378.677,2149.023,5067.478,-5.873,1.857,4.369,16.44,MANEUVERING
833.64,4378.677,2149.023,5067.478,-5.873,1.857,4.369,16.44,LISTENING
835.2,4369.515,2151.911,5074.283,-5.881,1.853,4.36,14.88,MANEUVERING
835.2,4369.515,2151.911,5074.283,-5.881,1.853,4.36,14.88,SENSING
835.2,4369.515,2151.911,5074.283,-5.881,1.853,4.36,14.88,TRAVELING
835.2,4369.515,2151.911,5074.283,-5.881,1.853,4.36,14.88,SENSING
835.2,4369.515,2151.911,5074.283,-5.881,1.853,4.36,14.88,LISTENING
840.0,4341.25,2160.763,5095.132,-5.905,1.841,4.332,14.88,SENSING
840.0,4341.25,2160.763,5095.132,-5.905,1.841,4.332,14.88,MEASURING
840.0,4341.25,2160.763,5095.132,-5.905,1.841,4.332,14.88,SENSING
840.0,4341.25,2160.763,5095.132,-5.905,1.841,4.332,14.88,MANEUVERING
840.0,4341.25,2160.763,5095.132,-5.905,1.841,4.332,14.88,LISTENING
840.06,4340.896,2160.873,5095.391,-5.905,1.841,4.331,14.94,MANEUVERING
840.06,4340.896,2160.873,5095.391,-5.905,1.841,4.331,14.94,SENSING
840.06,4340.896,2160.873,5095.391,-5.905,1.841,4.331,14.94,MANEUVERING
840.06,4340.896,2160.873,5095.391,-5.905,1.841,4.331,14.94,LISTENING
842.32,4327.547,2165.021,5105.16,-5.916,1.836,4.318,17.2,MANEUVERING
842.32,4327.547,2165.021,5105.16,-5.916,1.836,4.318,17.2,SENSING
842.32,4327.547,2165.021,5105.16,-5.916,1.836,4.318,17.2,TRAVELING
842.32,4327.547,2165.021,5105.16,-5.916,1.836,4.318,17.2,LISTENING
850.0,4281.997,2179.02,5138.135,-5.954,1.817,4.273,17.2,TRAVELING
850.0,4281.997,2179.02,5138.135,-5.954,1.817,4.273,17.2,SENSING
850.0,4281.997,2179.02,5138.135,-5.954,1.817,4.273,17.2,MEASURING
850.0,4281.997,2179.02,5138.135,-5.954,1.817,4.273,17.2,SENSING
850.0,4281.997,2179.02,5138.135,-5.954,1.817,4.273,17.2,MANEUVERING
850.0,4281.997,2179.02,5138.135,-5.954,1.817,4.273,17.2,LISTENING
851.99,4270.147,2182.624,5146.622,-5.964,1.812,4.261,15.21,MANEUVERING
851.99,4270.147,2182.624,5146.622,-5.964,1.812,4.261,15.21,SENSING
851.99,4270.147,2182.624,5146.622,-5.964,1.812,4.261,15.21,MANEUVERING
851.99,4270.147,2182.624,5146.622,-5.964,1.812,4.261,15.21,LISTENING
858.33,4232.265,2194.039,5173.508,-5.995,1.796,4.224,8.87,MANEUVERING
858.33,4232.265,2194.039,5173.508,-5.995,1.796,4.224,8.87,SENSING
858.33,4232.265,2194.039,5173.508,-5.995,1.796,4.224,8.87,TRAVELING
858.33,4232.265,2194.039,5173.508,-5.995,1.796,4.224,8.87,SENSING
858.33,4232.265,2194.039,5173.508,-5.995,1.796,4.224,8.87,LISTENING
860.0,4222.254,2197.029,5180.55,-6.003,1.792,4.214,8.87,SENSING
860.0,4222.254,2197.029,5180.55,-6.003,1.792,4.214,8.87,MEASURING
860.0,4222.254,2197.029,5180.55,-6.003,1.792,4.214,8.87,SENSING
860.0,4222.254,2197.029,5180.55,-6.003,1.792,4.214,8.87,MANEUVERING
860.0,4222.254,2197.029,5180.55,-6.003,1.792,4.214,8.87,LISTENING
861.79,4211.509,2200.226,5188.08,-6.011,1.787,4.204,10.66,MANEUVERING
861.79,4211.509,2200.226,5188.08,-6.011,1.787,4.204,10.66,SENSING
861.79,4211.509,2200.226,5188.08,-6.011,1.787,4.204,10.66,TRAVELING
861.79,4211.509,2200.226,5188.08,-6.011,1.787,4.204,10.66,LISTENING
866.2,4184.971,2208.069,5206.55,-6.033,1.776,4.177,10.66,TRAVELING
866.2,4184.971,2208.069,5206.55,-6.033,1.776,4.177,10.66,SENSING
866.2,4184.971,2208.069,5206.55,-6.033,1.776,4.177,10.66,LISTENING
870.0,4162.029,2214.787,5222.373,-6.051,1.766,4.155,10.66,SENSING
870.0,4162.029,2214.787,5222.373,-6.051,1.766,4.155,10.66,MEASURING
870.0,4162.029,2214.787,5222.373,-6.051,1.766,4.155,10.66,SENSING
870.0,4162.029,2214.787,5222.373,-6.051,1.766,4.155,10.66,MANEUVERING
870.0,4162.029,2214.787,5222.373,-6.051,1.766,4.155,10.66,LISTENING
871.07,4155.556,2216.673,5226.812,-6.056,1.764,4.148,11.73,MANEUVERING
871.07,4155.556,2216.673,5226.812,-6.056,1.764,4.148,11.73,SENSING
871.07,4155.556,2216.673,5226.812,-6.056,1.764,4.148,11.73,TRAVELING
871.07,4155.556,2216.673,5226.812,-6.056,1.764,4.148,11.73,LISTENING
877.23,4118.189,2227.47,5252.239,-6.085,1.748,4.111,11.73,TRAVELING
877.23,4118.189,2227.47,5252.239,-6.085,1.748,4.111,11.73,SENSING
877.23,4118.189,2227.47,5252.239,-6.085,1.748,4.111,11.73,LISTENING
880.0,4101.327,2232.293,5263.599,-6.098,1.741,4.095,11.73,SENSING
880.0,4101.327,2232.293,5263.599,-6.098,1.741,4.095,11.73,MEASURING
880.0,4101.327,2232.293,5263.599,-6.098,1.741,4.095,11.73,SENSING
880.0,4101.327,2232.293,5263.599,-6.098,1.741,4.095,11.73,MANEUVERING
880.0,4101.327,2232.293,5263.599,-6.098,1.741,4.095,11.73,LISTENING
882.55,4085.774,2236.717,5274.015,-6.11,1.735,4.079,14.28,MANEUVERING
882.55,4085.774,2236.717,5274.015,-6.11,1.735,4.079,14.28,SENSING
882.55,4085.774,2236.717,5274.015,-6.11,1.735,4.079,14.28,MANEUVERING
882.55,4085.774,2236.717,5274.015,-6.11,1.735,4.079,14.28,LISTENING
885.56,4067.375,2241.916,5286.26,-6.124,1.727,4.061,17.29,MANEUVERING
885.56,4067.375,2241.916,5286.26,-6.124,1.727,4.061,17.29,SENSING
885.56,4067.375,2241.916,5286.26,-6.124,1.727,4.061,17.29,TRAVELING
885.56,4067.375,2241.916,5286.26,-6.124,1.727,4.061,17.29,SENSING
885.56,4067.375,2241.916,5286.26,-6.124,1.727,4.061,17.29,LISTENING
890.0,4040.158,2249.544,5304.223,-6.145,1.715,4.034,17.29,SENSING
890.0,4040.158,2249.544,5304.223,-6.145,1.715,4.034,17.29,MEASURING
890.0,4040.158,2249.544,5304.223,-6.145,1.715,4.034,17.29,SENSING
890.0,4040.158,2249.544,5304.223,-6.145,1.715,4.034,17.29,MANEUVERING
890.0,4040.158,2249.544,5304.223,-6.145,1.715,4.034,17.29,LISTENING
894.61,4011.803,2257.411,5322.746,-6.166,1.704,4.006,12.68,MANEUVERING
894.61,4011.803,2257.411,5322.746,-6.166,1.704,4.006,12.68,SENSING
894.61,4011.803,2257.411,5322.746,-6.166,1.704,4.006,12.68,MANEUVERING
894.61,4011.803,2257.411,5322.746,-6.166,1.704,4.006,12.68,LISTENING
899.81,3979.702,2266.219,5343.486,-6.189,1.69,3.975,7.48,MANEUVERING
899.81,3979.702,2266.219,5343.486,-6.189,1.69,3.975,7.48,SENSING
899.81,3979.702,2266.219,5343.486,-6.189,1.69,3.975,7.48,TRAVELING
899.81,3979.702,2266.219,5343.486,-6.189,1.69,3.975,7.48,SENSING
899.81,3979.702,2266.219,5343.486,-6.189,1.69,3.975,7.48,LISTENING
900.0,3978.527,2266.539,5344.241,-6.19,1.69,3.973,7.48,SENSING
900.0,3978.527,2266.539,5344.241,-6.19,1.69,3.973,7.48,MEASURING
900.0,3978.527,2266.539,5344.241,-6.19,1.69,3.973,7.48,SENSING
900.0,3978.527,2266.539,5344.241,-6.19,1.69,3.973,7.48,MANEUVERING
900.0,3978.527,2266.539,5344.241,-6.19,1.69,3.973,7.48,LISTENING
902.01,3966.084,2269.924,5352.211,-6.199,1.684,3.961,5.47,MANEUVERING
902.01,3966.084,2269.924,5352.211,-6.199,1.684,3.961,5.47,SENSING
902.01,3966.084,2269.924,5352.211,-6.199,1.684,3.961,5.47,TRAVELING
902.01,3966.084,2269.924,5352.211,-6.199,1.684,3.961,5.47,LISTENING
908.79,3923.977,2281.265,5378.912,-6.23,1.667,3.92,5.47,TRAVELING
908.79,3923.977,2281.265,5378.912,-6.23,1.667,3.92,5.47,SENSING
908.79,3923.977,2281.265,5378.912,-6.23,1.667,3.92,5.47,LISTENING
910.0,3916.441,2283.276,5383.648,-6.235,1.664,3.912,5.47,SENSING
910.0,3916.441,2283.276,5383.648,-6.235,1.664,3.912,5.47,MEASURING
910.0,3916.441,2283.276,5383.648,-6.235,1.664,3.912,5.47,SENSING
910.0,3916.441,2283.276,5383.648,-6.235,1.664,3.912,5.47,MANEUVERING
910.0,3916.441,2283.276,5383.648,-6.235,1.664,3.912,5.47,LISTENING
914.44,3888.732,2290.624,5400.948,-6.255,1.652,3.885,9.91,MANEUVERING
914.44,3888.732,2290.624,5400.948,-6.255,1.652,3.885,9.91,SENSING
914.44,3888.732,2290.624,5400.948,-6.255,1.652,3.885,9.91,TRAVELING
914.44,3888.732,2290.624,5400.948,-6.255,1.652,3.885,9.91,LISTENING
918.6,3862.69,2297.461,5417.047,-6.274,1.641,3.859,9.91,TRAVELING
918.6,3862.69,2297.461,5417.047,-6.274,1.641,3.859,9.91,SENSING
918.6,3862.69,2297.461,5417.047,-6.274,1.641,3.859,9.91,LISTENING
920.0,3853.909,2299.752,5422.441,-6.28,1.638,3.85,9.91,SENSING
920.0,3853.909,2299.752,5422.441,-6.28,1.638,3.85,9.91,MEASURING
920.0,3853.909,2299.752,5422.441,-6.28,1.638,3.85,9.91,SENSING
920.0,3853.909,2299.752,5422.441,-6.28,1.638,3.85,9.91,MANEUVERING
920.0,3853.909,2299.752,5422.441,-6.28,1.638,3.85,9.91,LISTENING
921.8,3842.606,2302.69,5429.358,-6.288,1.633,3.839,8.11,MANEUVERING
921.8,3842.606,2302.69,5429.358,-6.288,1.633,3.839,8.11,SENSING
921.8,3842.606,2302.69,5429.358,-6.288,1.633,3.839,8.11,TRAVELING
921.8,3842.606,2302.69,5429.358,-6.288,1.633,3.839,8.11,LISTENING
929.77,3792.389,2315.597,5459.743,-6.323,1.612,3.79,8.11,TRAVELING
929.77,3792.389,2315.597,5459.743,-6.323,1.612,3.79,8.11,SENSING
929.77,3792.389,2315.597,5459.743,-6.323,1.612,3.79,8.11,LISTENING
930.0,3790.936,2315.967,5460.614,-6.324,1.611,3.788,8.11,SENSING
930.0,3790.936,2315.967,5460.614,-6.324,1.611,3.788,8.11,MEASURING
930.0,3790.936,2315.967,5460.614,-6.324,1.611,3.788,8.11,SENSING
930.0,3790.936,2315.967,5460.614,-6.324,1.611,3.788,8.11,MANEUVERING
930.0,3790.936,2315.967,5460.614,-6.324,1.611,3.788,8.11,LISTENING
932.3,3776.391,2319.659,5469.306,-6.333,1.605,3.774,5.81,MANEUVERING
932.3,3776.391,2319.659,5469.306,-6.333,1.605,3.774,5.81,SENSING
932.3,3776.391,2319.659,5469.306,-6.333,1.605,3.774,5.81,MANEUVERING
932.3,3776.391,2319.659,5469.306,-6.333,1.605,3.774,5.81,LISTENING
936.05,3752.627,2325.649,5483.407,-6.35,1.595,3.75,2.06,MANEUVERING
936.05,3752.627,2325.649,5483.407,-6.35,1.595,3.75,2.06,SENSING
936.05,3752.627,2325.649,5483.407,-6.35,1.595,3.75,2.06,TRAVELING
936.05,3752.627,2325.649,5483.407,-6.35,1.595,3.75,2.06,SENSING
936.05,3752.627,2325.649,5483.407,-6.35,1.595,3.75,2.06,LISTENING
940.0,3727.531,2331.918,5498.164,-6.366,1.585,3.726,2.06,SENSING
940.0,3727.531,2331.918,5498.164,-6.366,1.585,3.726,2.06,MEASURING
940.0,3727.531,2331.918,5498.164,-6.366,1.585,3.726,2.06,SENSING
940.0,3727.531,2331.918,5498.164,-6.366,1.585,3.726,2.06,MANEUVERING
940.0,3727.531,2331.918,5498.164,-6.366,1.585,3.726,2.06,LISTENING
945.41,3693.051,2340.437,5518.217,-6.389,1.57,3.692,-3.35,MANEUVERING
945.41,3693.051,2340.437,5518.217,-6.389,1.57,3.692,-3.35,SENSING
945.41,3693.051,2340.437,5518.217,-6.389,1.57,3.692,-3.35,MANEUVERING
945.41,3693.051,2340.437,5518.217,-6.389,1.57,3.692,-3.35,LISTENING
948.25,3674.901,2344.878,5528.671,-6.401,1.563,3.674,-6.19,MANEUVERING
948.25,3674.901,2344.878,5528.671,-6.401,1.563,3.674,-6.19,SENSING
948.25,3674.901,2344.878,5528.671,-6.401,1.563,3.674,-6.19,TRAVELING
948.25,3674.901,2344.878,5528.671,-6.401,1.563,3.674,-6.19,SENSING
948.25,3674.901,2344.878,5528.671,-6.401,1.563,3.674,-6.19,LISTENING
950.0,3663.701,2347.603,5535.087,-6.409,1.558,3.663,-6.19,SENSING
950.0,3663.701,2347.603,5535.087,-6.409,1.558,3.663,-6.19,MEASURING
950.0,3663.701,2347.603,5535.087,-6.409,1.558,3.663,-6.19,SENSING
950.0,3663.701,2347.603,5535.087,-6.409,1.558,3.663,-6.19,MANEUVERING
950.0,3663.701,2347.603,5535.087,-6.409,1.558,3.663,-6.19,LISTENING
953.24,3642.93,2352.628,5546.914,-6.422,1.549,3.642,-9.43,MANEUVERING
953.24,3642.93,2352.628,5546.914,-6.422,1.549,3.642,-9.43,SENSING
953.24,3642.93,2352.628,5546.914,-6.422,1.549,3.642,-9.43,TRAVELING
953.24,3642.93,2352.628,5546.914,-6.422,1.549,3.642,-9.43,LISTENING
954.59,3634.262,2354.714,5551.823,-6.428,1.546,3.634,-9.43,TRAVELING
954.59,3634.262,2354.714,5551.823,-6.428,1.546,3.634,-9.43,SENSING
954.59,3634.262,2354.714,5551.823,-6.428,1.546,3.634,-9.43,TRAVELING
954.59,3634.262,2354.714,5551.823,-6.428,1.546,3.634,-9.43,LISTENING
960.0,3599.453,2363.022,5571.378,-6.45,1.531,3.599,-9.43,TRAVELING
960.0,3599.453,2363.022,5571.378,-6.45,1.531,3.599,-9.43,SENSING
960.0,3599.453,2363.022,5571.378,-6.45,1.531,3.599,-9.43,MEASURING
960.0,3599.453,2363.022,5571.378,-6.45,1.531,3.599,-9.43,SENSING
960.0,3599.453,2363.022,5571.378,-6.45,1.531,3.599,-9.43,MANEUVERING
960.0,3599.453,2363.022,5571.378,-6.45,1.531,3.599,-9.43,LISTENING
962.5,3583.326,2366.834,5580.351,-6.46,1.524,3.583,-11.93,MANEUVERING
962.5,3583.326,2366.834,5580.351,-6.46,1.524,3.583,-11.93,SENSING
962.5,3583.326,2366.834,5580.351,-6.46,1.524,3.583,-11.93,MANEUVERING
962.5,3583.326,2366.834,5580.351,-6.46,1.524,3.583,-11.93,LISTENING
966.99,3554.299,2373.64,5596.368,-6.479,1.512,3.555,-16.42,MANEUVERING
966.99,3554.299,2373.64,5596.368,-6.479,1.512,3.555,-16.42,SENSING
966.99,3554.299,2373.64,5596.368,-6.479,1.512,3.555,-16.42,TRAVELING
966.99,3554.299,2373.64,5596.368,-6.479,1.512,3.555,-16.42,SENSING
966.99,3554.299,2373.64,5596.368,-6.479,1.512,3.555,-16.42,LISTENING
970.0,3534.794,2378.171,5607.034,-6.491,1.504,3.535,-16.42,SENSING
970.0,3534.794,2378.171,5607.034,-6.491,1.504,3.535,-16.42,MEASURING
970.0,3534.794,2378.171,5607.034,-6.491,1.504,3.535,-16.42,SENSING
970.0,3534.794,2378.171,5607.034,-6.491,1.504,3.535,-16.42,MANEUVERING
970.0,3534.794,2378.171,5607.034,-6.491,1.504,3.535,-16.42,LISTENING
974.47,3505.761,2384.856,5622.765,-6.509,1.492,3.507,-20.89,MANEUVERING
974.47,3505.761,2384.856,5622.765,-6.509,1.492,3.507,-20.89,SENSING
974.47,3505.761,2384.856,5622.765,-6.509,1.492,3.507,-20.89,MANEUVERING
974.47,3505.761,2384.856,5622.765,-6.509,1.492,3.507,-20.89,LISTENING
977.9,3483.429,2389.948,5634.75,-6.522,1.483,3.485,-24.32,MANEUVERING
977.9,3483.429,2389.948,5634.75,-6.522,1.483,3.485,-24.32,SENSING
977.9,3483.429,2389.948,5634.75,-6.522,1.483,3.485,-24.32,TRAVELING
977.9,3483.429,2389.948,5634.75,-6.522,1.483,3.485,-24.32,SENSING
977.9,3483.429,2389.948,5634.75,-6.522,1.483,3.485,-24.32,LISTENING
980.0,3469.733,2393.05,5642.05,-6.531,1.477,3.471,-24.32,SENSING
980.0,3469.733,2393.05,5642.05,-6.531,1.477,3.471,-24.32,MEASURING
980.0,3469.733,2393.05,5642.05,-6.531,1.477,3.471,-24.32,SENSING
980.0,3469.733,2393.05,5642.05,-6.531,1.477,3.471,-24.32,MANEUVERING
980.0,3469.733,2393.05,5642.05,-6.531,1.477,3.471,-24.32,LISTENING
985.51,3433.715,2401.133,5661.069,-6.552,1.462,3.436,-29.83,MANEUVERING
985.51,3433.715,2401.133,5661.069,-6.552,1.462,3.436,-29.83,SENSING
985.51,3433.715,2401.133,5661.069,-6.552,1.462,3.436,-29.83,MANEUVERING
985.51,3433.715,2401.133,5661.069,-6.552,1.462,3.436,-29.83,LISTENING
989.12,3410.052,2406.383,5673.424,-6.566,1.452,3.412,-33.44,MANEUVERING
989.12,3410.052,2406.383,5673.424,-6.566,1.452,3.412,-33.44,SENSING
989.12,3410.052,2406.383,5673.424,-6.566,1.452,3.412,-33.44,TRAVELING
989.12,3410.052,2406.383,5673.424,-6.566,1.452,3.412,-33.44,SENSING
989.12,3410.052,2406.383,5673.424,-6.566,1.452,3.412,-33.44,LISTENING
990.0,3404.276,2407.657,5676.423,-6.57,1.45,3.407,-33.44,SENSING
990.0,3404.276,2407.657,5676.423,-6.57,1.45,3.407,-33.44,MEASURING
990.0,3404.276,2407.657,5676.423,-6.57,1.45,3.407,-33.44,SENSING
990.0,3404.276,2407.657,5676.423,-6.57,1.45,3.407,-33.44,MANEUVERING
990.0,3404.276,2407.657,5676.423,-6.57,1.45,3.407,-33.44,LISTENING
998.06,3351.235,2419.232,5703.657,-6.601,1.427,3.354,-25.38,MANEUVERING
998.06,3351.235,2419.232,5703.657,-6.601,1.427,3.354,-25.38,SENSING
998.06,3351.235,2419.232,5703.657,-6.601,1.427,3.354,-25.38,MANEUVERING
998.06,3351.235,2419.232,5703.657,-6.601,1.427,3.354,-25.38,LISTENING
998.31,3349.586,2419.588,5704.495,-6.602,1.427,3.353,-25.13,MANEUVERING
998.31,3349.586,2419.588,5704.495,-6.602,1.427,3.353,-25.13,SENSING
998.31,3349.586,2419.588,5704.495,-6.602,1.427,3.353,-25.13,TRAVELING
998.31,3349.586,2419.588,5704.495,-6.602,1.427,3.353,-25.13,SENSING
998.31,3349.586,2419.588,5704.495,-6.602,1.427,3.353,-25.13,LISTENING
1000.0,3338.432,2421.991,5710.149,-6.608,1.422,3.342,-25.13,SENSING
1000.0,3338.432,2421.991,5710.149,-6.608,1.422,3.342,-25.13,MEASURING
1000.0,3338.432,2421.991,5710.149,-6.608,1.422,3.342,-25.13,SENSING
1000.0,3338.432,2421.991,5710.149,-6.608,1.422,3.342,-25.13,MANEUVERING
1000.0,3338.432,2421.991,5710.149,-6.608,1.422,3.342,-25.13,LISTENING
1003.14,3317.678,2426.435,5720.605,-6.62,1.413,3.321,-28.27,MANEUVERING
1003.14,3317.678,2426.435,5720.605,-6.62,1.413,3.321,-28.27,SENSING
1003.14,3317.678,2426.435,5720.605,-6.62,1.413,3.321,-28.27,MANEUVERING
1003.14,3317.678,2426.435,5720.605,-6.62,1.413,3.321,-28.27,LISTENING
1004.13,3311.126,2427.83,5723.889,-6.624,1.411,3.315,-29.26,MANEUVERING
1004.13,3311.126,2427.83,5723.889,-6.624,1.411,3.315,-29.26,SENSING
1004.13,3311.126,2427.83,5723.889,-6.624,1.411,3.315,-29.26,TRAVELING
1004.13,3311.126,2427.83,5723.889,-6.624,1.411,3.315,-29.26,LISTENING
1010.0,3272.207,2436.049,5743.225,-6.646,1.394,3.277,-29.26,TRAVELING
1010.0,3272.207,2436.049,5743.225,-6.646,1.394,3.277,-29.26,SENSING
1010.0,3272.207,2436.049,5743.225,-6.646,1.394,3.277,-29.26,MEASURING
1010.0,3272.207,2436.049,5743.225,-6.646,1.394,3.277,-29.26,SENSING
1010.0,3272.207,2436.049,5743.225,-6.646,1.394,3.277,-29.26,MANEUVERING
1010.0,3272.207,2436.049,5743.225,-6.646,1.394,3.277,-29.26,LISTENING
1014.09,3245.013,2441.719,5756.565,-6.661,1.383,3.25,-25.17,MANEUVERING
1014.09,3245.013,2441.719,5756.565,-6.661,1.383,3.25,-25.17,SENSING
1014.09,3245.013,2441.719,5756.565,-6.661,1.383,3.25,-25.17,MANEUVERING
1014.09,3245.013,2441.719,5756.565,-6.661,1.383,3.25,-25.17,LISTENING
1019.48,3209.082,2449.121,5773.977,-6.681,1.368,3.214,-19.78,MANEUVERING
1019.48,3209.082,2449.121,5773.977,-6.681,1.368,3.214,-19.78,SENSING
1019.48,3209.082,2449.121,5773.977,-6.681,1.368,3.214,-19.78,TRAVELING
1019.48,3209.082,2449.121,5773.977,-6.681,1.368,3.214,-19.78,SENSING
1019.48,3209.082,2449.121,5773.977,-6.681,1.368,3.214,-19.78,LISTENING
1020.0,3205.61,2449.83,5775.646,-6.683,1.367,3.211,-19.78,SENSING
1020.0,3205.61,2449.83,5775.646,-6.683,1.367,3.211,-19.78,MEASURING
1020.0,3205.61,2449.83,5775.646,-6.683,1.367,3.211,-19.78,SENSING
1020.0,3205.61,2449.83,5775.646,-6.683,1.367,3.211,-19.78,MANEUVERING
1020.0,3205.61,2449.83,5775.646,-6.683,1.367,3.211,-19.78,LISTENING
1021.8,3193.583,2452.281,5781.413,-6.689,1.362,3.199,-21.58,MANEUVERING
1021.8,3193.583,2452.281,5781.413,-6.689,1.362,3.199,-21.58,SENSING
1021.8,3193.583,2452.281,5781.413,-6.689,1.362,3.199,-21.58,TRAVELING
1021.8,3193.583,2452.281,5781.413,-6.689,1.362,3.199,-21.58,LISTENING
1025.89,3166.213,2457.817,5794.435,-6.704,1.35,3.172,-21.58,TRAVELING
1025.89,3166.213,2457.817,5794.435,-6.704,1.35,3.172,-21.58,SENSING
1025.89,3166.213,2457.817,5794.435,-6.704,1.35,3.172,-21.58,LISTENING
1030.0,3138.648,2463.333,5807.41,-6.719,1.339,3.145,-21.58,SENSING
1030.0,3138.648,2463.333,5807.41,-6.719,1.339,3.145,-21.58,MEASURING
1030.0,3138.648,2463.333,5807.41,-6.719,1.339,3.145,-21.58,SENSING
1030.0,3138.648,2463.333,5807.41,-6.719,1.339,3.145,-21.58,MANEUVERING
1030.0,3138.648,2463.333,5807.41,-6.719,1.339,3.145,-21.58,LISTENING
1033.63,3114.252,2468.166,5818.777,-6.732,1.329,3.121,-17.95,MANEUVERING
1033.63,3114.252,2468.166,5818.777,-6.732,1.329,3.121,-17.95,SENSING
1033.63,3114.252,2468.166,5818.777,-6.732,1.329,3.121,-17.95,MANEUVERING
1033.63,3114.252,2468.166,5818.777,-6.732,1.329,3.121,-17.95,LISTENING
1033.83,3112.906,2468.431,5819.401,-6.733,1.328,3.12,-17.75,MANEUVERING
1033.83,3112.906,2468.431,5819.401,-6.733,1.328,3.12,-17.75,SENSING
1033.83,3112.906,2468.431,5819.401,-6.733,1.328,3.12,-17.75,TRAVELING
1033.83,3112.906,2468.431,5819.401,-6.733,1.328,3.12,-17.75,LISTENING
1040.0,3071.328,2476.557,5838.513,-6.754,1.311,3.079,-17.75,TRAVELING
1040.0,3071.328,2476.557,5838.513,-6.754,1.311,3.079,-17.75,SENSING
1040.0,3071.328,2476.557,5838.513,-6.754,1.311,3.079,-17.75,MEASURING
1040.0,3071.328,2476.557,5838.513,-6.754,1.311,3.079,-17.75,SENSING
1040.0,3071.328,2476.557,5838.513,-6.754,1.311,3.079,-17.75,MANEUVERING
1040.0,3071.328,2476.557,5838.513,-6.754,1.311,3.079,-17.75,LISTENING
1041.67,3060.052,2478.738,5843.643,-6.76,1.306,3.068,-16.08,MANEUVERING
1041.67,3060.052,2478.738,5843.643,-6.76,1.306,3.068,-16.08,SENSING
1041.67,3060.052,2478.738,5843.643,-6.76,1.306,3.068,-16.08,MANEUVERING
1041.67,3060.052,2478.738,5843.643,-6.76,1.306,3.068,-16.08,LISTENING
1047.51,3020.541,2486.303,5861.435,-6.78,1.289,3.029,-10.24,MANEUVERING
1047.51,3020.541,2486.303,5861.435,-6.78,1.289,3.029,-10.24,SENSING
1047.51,3020.541,2486.303,5861.435,-6.78,1.289,3.029,-10.24,TRAVELING
1047.51,3020.541,2486.303,5861.435,-6.78,1.289,3.029,-10.24,SENSING
1047.51,3020.541,2486.303,5861.435,-6.78,1.289,3.029,-10.24,LISTENING
1050.0,3003.66,2489.499,5868.951,-6.789,1.282,3.012,-10.24,SENSING
1050.0,3003.66,2489.499,5868.951,-6.789,1.282,3.012,-10.24,MEASURING
1050.0,3003.66,2489.499,5868.951,-6.789,1.282,3.012,-10.24,SENSING
1050.0,3003.66,2489.499,5868.951,-6.789,1.282,3.012,-10.24,MANEUVERING
1050.0,3003.66,2489.499,5868.951,-6.789,1.282,3.012,-10.24,LISTENING
1050.47,3000.471,2490.101,5870.366,-6.791,1.281,3.009,-9.77,MANEUVERING
1050.47,3000.471,2490.101,5870.366,-6.791,1.281,3.009,-9.77,SENSING
1050.47,3000.471,2490.101,5870.366,-6.791,1.281,3.009,-9.77,TRAVELING
1050.47,3000.471,2490.101,5870.366,-6.791,1.281,3.009,-9.77,LISTENING
1060.0,2935.649,2502.159,5898.722,-6.823,1.254,2.945,-9.77,TRAVELING
1060.0,2935.649,2502.159,5898.722,-6.823,1.254,2.945,-9.77,SENSING
1060.0,2935.649,2502.159,5898.722,-6.823,1.254,2.945,-9.77,MEASURING
1060.0,2935.649,2502.159,5898.722,-6.823,1.254,2.945,-9.77,SENSING
1060.0,2935.649,2502.159,5898.722,-6.823,1.254,2.945,-9.77,MANEUVERING
1060.0,2935.649,2502.159,5898.722,-6.823,1.254,2.945,-9.77,LISTENING
1062.55,2918.253,2505.342,5906.206,-6.831,1.247,2.928,-7.22,MANEUVERING
1062.55,2918.253,2505.342,5906.206,-6.831,1.247,2.928,-7.22,SENSING
1062.55,2918.253,2505.342,5906.206,-6.831,1.247,2.928,-7.22,TRAVELING
1062.55,2918.253,2505.342,5906.206,-6.831,1.247,2.928,-7.22,LISTENING
1066.65,2890.237,2510.421,5918.148,-6.845,1.235,2.9,-7.22,TRAVELING
1066.65,2890.237,2510.421,5918.148,-6.845,1.235,2.9,-7.22,SENSING
1066.65,2890.237,2510.421,5918.148,-6.845,1.235,2.9,-7.22,LISTENING
1070.0,2867.306,2514.535,5927.822,-6.856,1.226,2.878,-7.22,SENSING
1070.0,2867.306,2514.535,5927.822,-6.856,1.226,2.878,-7.22,MEASURING
1070.0,2867.306,2514.535,5927.822,-6.856,1.226,2.878,-7.22,SENSING
1070.0,2867.306,2514.535,5927.822,-6.856,1.226,2.878,-7.22,MANEUVERING
1070.0,2867.306,2514.535,5927.822,-6.856,1.226,2.878,-7.22,LISTENING
1080.0,2798.636,2526.626,5956.248,-6.888,1.197,2.81,2.78,MANEUVERING
1080.0,2798.636,2526.626,5956.248,-6.888,1.197,2.81,2.78,SENSING
1080.0,2798.636,2526.626,5956.248,-6.888,1.197,2.81,2.78,MANEUVERING
1080.0,2798.636,2526.626,5956.248,-6.888,1.197,2.81,2.78,LISTENING
1080.23,2797.053,2526.901,5956.893,-6.889,1.196,2.809,3.01,MANEUVERING
1080.23,2797.053,2526.901,5956.893,-6.889,1.196,2.809,3.01,SENSING
1080.23,2797.053,2526.901,5956.893,-6.889,1.196,2.809,3.01,MANEUVERING
1080.23,2797.053,2526.901,5956.893,-6.889,1.196,2.809,3.01,LISTENING
1090.0,2729.648,2538.43,5983.996,-6.919,1.168,2.742,12.78,MANEUVERING
1090.0,2729.648,2538.43,5983.996,-6.919,1.168,2.742,12.78,SENSING
1090.0,2729.648,2538.43,5983.996,-6.919,1.168,2.742,12.78,MANEUVERING
1090.0,2729.648,2538.43,5983.996,-6.919,1.168,2.742,12.78,LISTENING
1092.18,2714.567,2540.966,5989.955,-6.926,1.162,2.727,14.96,MANEUVERING
1092.18,2714.567,2540.966,5989.955,-6.926,1.162,2.727,14.96,SENSING
1092.18,2714.567,2540.966,5989.955,-6.926,1.162,2.727,14.96,MANEUVERING
1092.18,2714.567,2540.966,5989.955,-6.926,1.162,2.727,14.96,LISTENING
1100.0,2660.35,2549.947,6011.065,-6.95,1.139,2.674,22.78,MANEUVERING
1100.0,2660.35,2549.947,6011.065,-6.95,1.139,2.674,22.78,SENSING
1100.0,2660.35,2549.947,6011.065,-6.95,1.139,2.674,22.78,MANEUVERING
1100.0,2660.35,2549.947,6011.065,-6.95,1.139,2.674,22.78,LISTENING
1105.41,2622.733,2556.057,6025.425,-6.966,1.124,2.637,28.19,MANEUVERING
1105.41,2622.733,2556.057,6025.425,-6.966,1.124,2.637,28.19,SENSING
1105.41,2622.733,2556.057,6025.425,-6.966,1.124,2.637,28.19,MANEUVERING
1105.41,2622.733,2556.057,6025.425,-6.966,1.124,2.637,28.19,LISTENING
1110.0,2590.75,2561.175,6037.451,-6.98,1.11,2.606,32.78,MANEUVERING
1110.0,2590.75,2561.175,6037.451,-6.98,1.11,2.606,32.78,SENSING
1110.0,2590.75,2561.175,6037.451,-6.98,1.11,2.606,32.78,MANEUVERING
1110.0,2590.75,2561.175,6037.451,-6.98,1.11,2.606,32.78,LISTENING
1112.6,2572.605,2564.047,6044.199,-6.987,1.103,2.588,35.38,MANEUVERING
1112.6,2572.605,2564.047,6044.199,-6.987,1.103,2.588,35.38,SENSING
1112.6,2572.605,2564.047,6044.199,-6.987,1.103,2.588,35.38,MANEUVERING
1112.6,2572.605,2564.047,6044.199,-6.987,1.103,2.588,35.38,LISTENING
1120.0,2520.856,2572.113,6063.151,-7.009,1.081,2.537,42.78,MANEUVERING
1120.0,2520.856,2572.113,6063.151,-7.009,1.081,2.537,42.78,SENSING
1120.0,2520.856,2572.113,6063.151,-7.009,1.081,2.537,42.78,MANEUVERING
1120.0,2520.856,2572.113,6063.151,-7.009,1.081,2.537,42.78,LISTENING
1129.07,2457.214,2581.781,6085.866,-7.034,1.055,2.474,51.85,MANEUVERING
1129.07,2457.214,2581.781,6085.866,-7.034,1.055,2.474,51.85,SENSING
1129.07,2457.214,2581.781,6085.866,-7.034,1.055,2.474,51.85,TRAVELING
1129.07,2457.214,2581.781,6085.866,-7.034,1.055,2.474,51.85,SENSING
1129.07,2457.214,2581.781,6085.866,-7.034,1.055,2.474,51.85,LISTENING
1129.15,2456.652,2581.866,6086.064,-7.035,1.054,2.474,51.85,SENSING
1129.15,2456.652,2581.866,6086.064,-7.035,1.054,2.474,51.85,LISTENING
1130.0,2450.676,2582.759,6088.163,-7.037,1.052,2.468,51.85,SENSING
1130.0,2450.676,2582.759,6088.163,-7.037,1.052,2.468,51.85,MEASURING
1130.0,2450.676,2582.759,6088.163,-7.037,1.052,2.468,51.85,SENSING
1130.0,2450.676,2582.759,6088.163,-7.037,1.052,2.468,51.85,MANEUVERING
1130.0,2450.676,2582.759,6088.163,-7.037,1.052,2.468,51.85,LISTENING
1131.08,2443.079,2583.892,6090.823,-7.04,1.049,2.46,50.77,MANEUVERING
1131.08,2443.079,2583.892,6090.823,-7.04,1.049,2.46,50.77,SENSING
1131.08,2443.079,2583.892,6090.823,-7.04,1.049,2.46,50.77,MANEUVERING
1131.08,2443.079,2583.892,6090.823,-7.04,1.049,2.46,50.77,LISTENING
1136.03,2408.222,2589.038,6102.911,-7.054,1.034,2.426,45.82,MANEUVERING
1136.03,2408.222,2589.038,6102.911,-7.054,1.034,2.426,45.82,SENSING
1136.03,2408.222,2589.038,6102.911,-7.054,1.034,2.426,45.82,TRAVELING
1136.03,2408.222,2589.038,6102.911,-7.054,1.034,2.426,45.82,SENSING
1136.03,2408.222,2589.038,6102.911,-7.054,1.034,2.426,45.82,LISTENING
1140.0,2380.217,2593.113,6112.484,-7.064,1.023,2.399,45.82,SENSING
1140.0,2380.217,2593.113,6112.484,-7.064,1.023,2.399,45.82,MEASURING
1140.0,2380.217,2593.113,6112.484,-7.064,1.023,2.399,45.82,SENSING
1140.0,2380.217,2593.113,6112.484,-7.064,1.023,2.399,45.82,MANEUVERING
1140.0,2380.217,2593.113,6112.484,-7.064,1.023,2.399,45.82,LISTENING
1140.47,2376.899,2593.593,6113.61,-7.066,1.021,2.395,46.29,MANEUVERING
1140.47,2376.899,2593.593,6113.61,-7.066,1.021,2.395,46.29,SENSING
1140.47,2376.899,2593.593,6113.61,-7.066,1.021,2.395,46.29,MANEUVERING
1140.47,2376.899,2593.593,6113.61,-7.066,1.021,2.395,46.29,LISTENING
1143.51,2355.422,2596.678,6120.856,-7.074,1.012,2.374,49.33,MANEUVERING
1143.51,2355.422,2596.678,6120.856,-7.074,1.012,2.374,49.33,SENSING
1143.51,2355.422,2596.678,6120.856,-7.074,1.012,2.374,49.33,TRAVELING
1143.51,2355.422,2596.678,6120.856,-7.074,1.012,2.374,49.33,LISTENING
1150.0,2309.489,2603.174,6136.111,-7.091,0.993,2.329,49.33,TRAVELING
1150.0,2309.489,2603.174,6136.111,-7.091,0.993,2.329,49.33,SENSING
1150.0,2309.489,2603.174,6136.111,-7.091,0.993,2.329,49.33,MEASURING
1150.0,2309.489,2603.174,6136.111,-7.091,0.993,2.329,49.33,SENSING
1150.0,2309.489,2603.174,6136.111,-7.091,0.993,2.329,49.33,MANEUVERING
1150.0,2309.489,2603.174,6136.111,-7.091,0.993,2.329,49.33,LISTENING
1151.37,2299.779,2604.529,6139.294,-7.095,0.989,2.32,50.7,MANEUVERING
1151.37,2299.779,2604.529,6139.294,-7.095,0.989,2.32,50.7,SENSING
1151.37,2299.779,2604.529,6139.294,-7.095,0.989,2.32,50.7,MANEUVERING
1151.37,2299.779,2604.529,6139.294,-7.095,0.989,2.32,50.7,LISTENING
1154.66,2276.44,2607.762,6146.883,-7.103,0.979,2.297,53.99,MANEUVERING
1154.66,2276.44,2607.762,6146.883,-7.103,0.979,2.297,53.99,SENSING
1154.66,2276.44,2607.762,6146.883,-7.103,0.979,2.297,53.99,TRAVELING
1154.66,2276.44,2607.762,6146.883,-7.103,0.979,2.297,53.99,LISTENING
1160.0,2238.499,2612.94,6159.042,-7.117,0.964,2.259,53.99,TRAVELING
1160.0,2238.499,2612.94,6159.042,-7.117,0.964,2.259,53.99,SENSING
1160.0,2238.499,2612.94,6159.042,-7.117,0.964,2.259,53.99,MEASURING
1160.0,2238.499,2612.94,6159.042,-7.117,0.964,2.259,53.99,SENSING
1160.0,2238.499,2612.94,6159.042,-7.117,0.964,2.259,53.99,MANEUVERING
1160.0,2238.499,2612.94,6159.042,-7.117,0.964,2.259,53.99,LISTENING
1163.91,2210.673,2616.678,6167.818,-7.127,0.952,2.232,50.08,MANEUVERING
1163.91,2210.673,2616.678,6167.818,-7.127,0.952,2.232,50.08,SENSING
1163.91,2210.673,2616.678,6167.818,-7.127,0.952,2.232,50.08,TRAVELING
1163.91,2210.673,2616.678,6167.818,-7.127,0.952,2.232,50.08,LISTENING
1170.0,2167.255,2622.41,6181.275,-7.142,0.934,2.189,50.08,TRAVELING
1170.0,2167.255,2622.41,6181.275,-7.142,0.934,2.189,50.08,SENSING
1170.0,2167.255,2622.41,6181.275,-7.142,0.934,2.189,50.08,MEASURING
1170.0,2167.255,2622.41,6181.275,-7.142,0.934,2.189,50.08,SENSING
1170.0,2167.255,2622.41,6181.275,-7.142,0.934,2.189,50.08,MANEUVERING
1170.0,2167.255,2622.41,6181.275,-7.142,0.934,2.189,50.08,LISTENING
1198.25,1964.692,2647.56,6240.289,-7.208,0.85,1.99,21.83,MANEUVERING
1198.25,1964.692,2647.56,6240.289,-7.208,0.85,1.99,21.83,SENSING
1198.25,1964.692,2647.56,6240.289,-7.208,0.85,1.99,21.83,MANEUVERING
1198.25,1964.692,2647.56,6240.289,-7.208,0.85,1.99,21.83,LISTENING
1200.0,1952.083,2649.039,6243.76,-7.212,0.844,1.978,20.08,MANEUVERING
1200.0,1952.083,2649.039,6243.76,-7.212,0.844,1.978,20.08,SENSING
1200.0,1952.083,2649.039,6243.76,-7.212,0.844,1.978,20.08,MANEUVERING
1200.0,1952.083,2649.039,6243.76,-7.212,0.844,1.978,20.08,LISTENING
1204.46,1919.919,2652.769,6252.507,-7.222,0.831,1.946,15.62,MANEUVERING
1204.46,1919.919,2652.769,6252.507,-7.222,0.831,1.946,15.62,SENSING
1204.46,1919.919,2652.769,6252.507,-7.222,0.831,1.946,15.62,MANEUVERING
1204.46,1919.919,2652.769,6252.507,-7.222,0.831,1.946,15.62,LISTENING
1210.0,1879.906,2657.318,6263.176,-7.234,0.814,1.907,10.08,MANEUVERING
1210.0,1879.906,2657.318,6263.176,-7.234,0.814,1.907,10.08,SENSING
1210.0,1879.906,2657.318,6263.176,-7.234,0.814,1.907,10.08,MANEUVERING
1210.0,1879.906,2657.318,6263.176,-7.234,0.814,1.907,10.08,LISTENING
1211.01,1872.604,2658.138,6265.098,-7.236,0.811,1.9,9.07,MANEUVERING
1211.01,1872.604,2658.138,6265.098,-7.236,0.811,1.9,9.07,SENSING
1211.01,1872.604,2658.138,6265.098,-7.236,0.811,1.9,9.07,TRAVELING
1211.01,1872.604,2658.138,6265.098,-7.236,0.811,1.9,9.07,LISTENING
1219.99,1807.589,2665.289,6281.866,-7.254,0.784,1.836,9.07,TRAVELING
1219.99,1807.589,2665.289,6281.866,-7.254,0.784,1.836,9.07,SENSING
1219.99,1807.589,2665.289,6281.866,-7.254,0.784,1.836,9.07,LISTENING
1220.0,1807.517,2665.297,6281.884,-7.255,0.784,1.836,9.07,SENSING
1220.0,1807.517,2665.297,6281.884,-7.255,0.784,1.836,9.07,MEASURING
1220.0,1807.517,2665.297,6281.884,-7.255,0.784,1.836,9.07,SENSING
1220.0,1807.517,2665.297,6281.884,-7.255,0.784,1.836,9.07,MANEUVERING
1220.0,1807.517,2665.297,6281.884,-7.255,0.784,1.836,9.07,LISTENING
1224.37,1775.818,2668.69,6289.836,-7.263,0.771,1.805,13.44,MANEUVERING
1224.37,1775.818,2668.69,6289.836,-7.263,0.771,1.805,13.44,SENSING
1224.37,1775.818,2668.69,6289.836,-7.263,0.771,1.805,13.44,TRAVELING
1224.37,1775.818,2668.69,6289.836,-7.263,0.771,1.805,13.44,LISTENING
1225.43,1768.123,2669.504,6291.744,-7.266,0.768,1.798,13.44,TRAVELING
1225.43,1768.123,2669.504,6291.744,-7.266,0.768,1.798,13.44,SENSING
1225.43,1768.123,2669.504,6291.744,-7.266,0.768,1.798,13.44,LISTENING
1230.0,1734.922,2672.975,6299.88,-7.275,0.754,1.765,13.44,SENSING
1230.0,1734.922,2672.975,6299.88,-7.275,0.754,1.765,13.44,MEASURING
1230.0,1734.922,2672.975,6299.88,-7.275,0.754,1.765,13.44,SENSING
1230.0,1734.922,2672.975,6299.88,-7.275,0.754,1.765,13.44,MANEUVERING
1230.0,1734.922,2672.975,6299.88,-7.275,0.754,1.765,13.44,LISTENING
1239.24,1667.67,2679.802,6315.876,-7.292,0.726,1.699,22.68,MANEUVERING
1239.24,1667.67,2679.802,6315.876,-7.292,0.726,1.699,22.68,SENSING
1239.24,1667.67,2679.802,6315.876,-7.292,0.726,1.699,22.68,TRAVELING
1239.24,1667.67,2679.802,6315.876,-7.292,0.726,1.699,22.68,SENSING
1239.24,1667.67,2679.802,6315.876,-7.292,0.726,1.699,22.68,LISTENING
1240.0,1662.132,2680.352,6317.164,-7.294,0.724,1.694,22.68,SENSING
1240.0,1662.132,2680.352,6317.164,-7.294,0.724,1.694,22.68,MEASURING
1240.0,1662.132,2680.352,6317.164,-7.294,0.724,1.694,22.68,SENSING
1240.0,1662.132,2680.352,6317.164,-7.294,0.724,1.694,22.68,MANEUVERING
1240.0,1662.132,2680.352,6317.164,-7.294,0.724,1.694,22.68,LISTENING
1242.77,1641.935,2682.341,6321.825,-7.299,0.715,1.674,25.45,MANEUVERING
1242.77,1641.935,2682.341,6321.825,-7.299,0.715,1.674,25.45,SENSING
1242.77,1641.935,2682.341,6321.825,-7.299,0.715,1.674,25.45,TRAVELING
1242.77,1641.935,2682.341,6321.825,-7.299,0.715,1.674,25.45,LISTENING
1250.0,1589.153,2687.425,6333.733,-7.312,0.693,1.622,25.45,TRAVELING
1250.0,1589.153,2687.425,6333.733,-7.312,0.693,1.622,25.45,SENSING
1250.0,1589.153,2687.425,6333.733,-7.312,0.693,1.622,25.45,MEASURING
1250.0,1589.153,2687.425,6333.733,-7.312,0.693,1.622,25.45,SENSING
1250.0,1589.153,2687.425,6333.733,-7.312,0.693,1.622,25.45,MANEUVERING
1250.0,1589.153,2687.425,6333.733,-7.312,0.693,1.622,25.45,LISTENING
1251.56,1577.752,2688.502,6336.253,-7.315,0.689,1.611,27.01,MANEUVERING
1251.56,1577.752,2688.502,6336.253,-7.315,0.689,1.611,27.01,SENSING
1251.56,1577.752,2688.502,6336.253,-7.315,0.689,1.611,27.01,MANEUVERING
1251.56,1577.752,2688.502,6336.253,-7.315,0.689,1.611,27.01,LISTENING
1260.0,1515.995,2694.196,6349.586,-7.33,0.663,1.55,35.45,MANEUVERING
1260.0,1515.995,2694.196,6349.586,-7.33,0.663,1.55,35.45,SENSING
1260.0,1515.995,2694.196,6349.586,-7.33,0.663,1.55,35.45,MANEUVERING
1260.0,1515.995,2694.196,6349.586,-7.33,0.663,1.55,35.45,LISTENING
1267.44,1461.454,2699.037,6360.915,-7.342,0.64,1.497,42.89,MANEUVERING
1267.44,1461.454,2699.037,6360.915,-7.342,0.64,1.497,42.89,SENSING
1267.44,1461.454,2699.037,6360.915,-7.342,0.64,1.497,42.89,MANEUVERING
1267.44,1461.454,2699.037,6360.915,-7.342,0.64,1.497,42.89,LISTENING
1276.43,1395.428,2704.661,6374.073,-7.357,0.613,1.432,51.88,MANEUVERING
1276.43,1395.428,2704.661,6374.073,-7.357,0.613,1.432,51.88,SENSING
1276.43,1395.428,2704.661,6374.073,-7.357,0.613,1.432,51.88,TRAVELING
1276.43,1395.428,2704.661,6374.073,-7.357,0.613,1.432,51.88,SENSING
1276.43,1395.428,2704.661,6374.073,-7.357,0.613,1.432,51.88,LISTENING
1280.0,1369.173,2706.826,6379.137,-7.362,0.602,1.406,51.88,SENSING
1280.0,1369.173,2706.826,6379.137,-7.362,0.602,1.406,51.88,MEASURING
1280.0,1369.173,2706.826,6379.137,-7.362,0.602,1.406,51.88,SENSING
1280.0,1369.173,2706.826,6379.137,-7.362,0.602,1.406,51.88,MANEUVERING
1280.0,1369.173,2706.826,6379.137,-7.362,0.602,1.406,51.88,LISTENING
1292.95,1273.772,2714.353,6396.734,-7.382,0.562,1.313,38.93,MANEUVERING
1292.95,1273.772,2714.353,6396.734,-7.382,0.562,1.313,38.93,SENSING
1292.95,1273.772,2714.353,6396.734,-7.382,0.562,1.313,38.93,TRAVELING
1292.95,1273.772,2714.353,6396.734,-7.382,0.562,1.313,38.93,LISTENING
1390.0,552.397,2754.377,6489.892,-7.482,0.263,0.607,38.93,TRAVELING
1390.0,552.397,2754.377,6489.892,-7.482,0.263,0.607,38.93,SENSING
1390.0,552.397,2754.377,6489.892,-7.482,0.263,0.607,38.93,TRAVELING
1390.0,552.397,2754.377,6489.892,-7.482,0.263,0.607,38.93,LISTENING
1402.22,460.991,2757.357,6496.756,-7.489,0.225,0.517,38.93,TRAVELING
1402.22,460.991,2757.357,6496.756,-7.489,0.225,0.517,38.93,SENSING
1402.22,460.991,2757.357,6496.756,-7.489,0.225,0.517,38.93,TRAVELING
1402.22,460.991,2757.357,6496.756,-7.489,0.225,0.517,38.93,LISTENING
1410.0,402.756,2759.013,6500.557,-7.493,0.201,0.46,38.93,TRAVELING
1410.0,402.756,2759.013,6500.557,-7.493,0.201,0.46,38.93,SENSING
1410.0,402.756,2759.013,6500.557,-7.493,0.201,0.46,38.93,MEASURING
1410.0,402.756,2759.013,6500.557,-7.493,0.201,0.46,38.93,SENSING
1410.0,402.756,2759.013,6500.557,-7.493,0.201,0.46,38.93,MANEUVERING
1410.0,402.756,2759.013,6500.557,-7.493,0.201,0.46,38.93,LISTENING
1422.35,310.257,2761.258,6505.682,-7.497,0.163,0.37,51.28,MANEUVERING
1422.35,310.257,2761.258,6505.682,-7.497,0.163,0.37,51.28,SENSING
1422.35,310.257,2761.258,6505.682,-7.497,0.163,0.37,51.28,TRAVELING
1422.35,310.257,2761.258,6505.682,-7.497,0.163,0.37,51.28,LISTENING
1430.0,252.933,2762.411,6508.296,-7.5,0.139,0.314,51.28,TRAVELING
1430.0,252.933,2762.411,6508.296,-7.5,0.139,0.314,51.28,SENSING
1430.0,252.933,2762.411,6508.296,-7.5,0.139,0.314,51.28,TRAVELING
1430.0,252.933,2762.411,6508.296,-7.5,0.139,0.314,51.28,LISTENING
1433.09,229.774,2762.826,6509.231,-7.501,0.13,0.291,51.28,TRAVELING
1433.09,229.774,2762.826,6509.231,-7.501,0.13,0.291,51.28,SENSING
1433.09,229.774,2762.826,6509.231,-7.501,0.13,0.291,51.28,TRAVELING
1433.09,229.774,2762.826,6509.231,-7.501,0.13,0.291,51.28,LISTENING
1440.0,177.975,2763.645,6511.068,-7.502,0.108,0.241,51.28,TRAVELING
1440.0,177.975,2763.645,6511.068,-7.502,0.108,0.241,51.28,SENSING
1440.0,177.975,2763.645,6511.068,-7.502,0.108,0.241,51.28,MEASURING
1440.0,177.975,2763.645,6511.068,-7.502,0.108,0.241,51.28,SENSING
1440.0,177.975,2763.645,6511.068,-7.502,0.108,0.241,51.28,MANEUVERING
1440.0,177.975,2763.645,6511.068,-7.502,0.108,0.241,51.28,LISTENING
1443.05,155.108,2763.96,6511.768,-7.503,0.099,0.218,54.33,MANEUVERING
1443.05,155.108,2763.96,6511.768,-7.503,0.099,0.218,54.33,SENSING
1443.05,155.108,2763.96,6511.768,-7.503,0.099,0.218,54.33,TRAVELING
1443.05,155.108,2763.96,6511.768,-7.503,0.099,0.218,54.33,LISTENING
1450.0,102.997,2764.57,6513.109,-7.504,0.077,0.167,54.33,TRAVELING
1450.0,102.997,2764.57,6513.109,-7.504,0.077,0.167,54.33,SENSING
1450.0,102.997,2764.57,6513.109,-7.504,0.077,0.167,54.33,MEASURING
1450.0,102.997,2764.57,6513.109,-7.504,0.077,0.167,54.33,SENSING
1450.0,102.997,2764.57,6513.109,-7.504,0.077,0.167,54.33,MANEUVERING
1450.0,102.997,2764.57,6513.109,-7.504,0.077,0.167,54.33,LISTENING
1548.38,-633.934,2757.161,6494.198,-7.475,-0.228,-0.551,-44.05,MANEUVERING
1548.38,-633.934,2757.161,6494.198,-7.475,-0.228,-0.551,-44.05,SENSING
1548.38,-633.934,2757.161,6494.198,-7.475,-0.228,-0.551,-44.05,MANEUVERING
1548.38,-633.934,2757.161,6494.198,-7.475,-0.228,-0.551,-44.05,LISTENING
1550.0,-646.033,2756.789,6493.296,-7.473,-0.233,-0.563,-45.67,MANEUVERING
1550.0,-646.033,2756.789,6493.296,-7.473,-0.233,-0.563,-45.67,SENSING
1550.0,-646.033,2756.789,6493.296,-7.473,-0.233,-0.563,-45.67,MANEUVERING
1550.0,-646.033,2756.789,6493.296,-7.473,-0.233,-0.563,-45.67,LISTENING
1552.47,-664.477,2756.206,6491.884,-7.472,-0.24,-0.581,-48.14,MANEUVERING
1552.47,-664.477,2756.206,6491.884,-7.472,-0.24,-0.581,-48.14,SENSING
1552.47,-664.477,2756.206,6491.884,-7.472,-0.24,-0.581,-48.14,MANEUVERING
1552.47,-664.477,2756.206,6491.884,-7.472,-0.24,-0.581,-48.14,LISTENING
1558.34,-708.291,2754.745,6488.349,-7.467,-0.258,-0.624,-54.01,MANEUVERING
1558.34,-708.291,2754.745,6488.349,-7.467,-0.258,-0.624,-54.01,SENSING
1558.34,-708.291,2754.745,6488.349,-7.467,-0.258,-0.624,-54.01,TRAVELING
1558.34,-708.291,2754.745,6488.349,-7.467,-0.258,-0.624,-54.01,LISTENING
1560.0,-720.676,2754.312,6487.303,-7.466,-0.264,-0.636,-54.01,TRAVELING
1560.0,-720.676,2754.312,6487.303,-7.466,-0.264,-0.636,-54.01,SENSING
1560.0,-720.676,2754.312,6487.303,-7.466,-0.264,-0.636,-54.01,TRAVELING
1560.0,-720.676,2754.312,6487.303,-7.466,-0.264,-0.636,-54.01,LISTENING
1570.0,-795.238,2751.528,6480.584,-7.457,-0.294,-0.709,-54.01,TRAVELING
1570.0,-795.238,2751.528,6480.584,-7.457,-0.294,-0.709,-54.01,SENSING
1570.0,-795.238,2751.528,6480.584,-7.457,-0.294,-0.709,-54.01,MEASURING
1570.0,-795.238,2751.528,6480.584,-7.457,-0.294,-0.709,-54.01,SENSING
1570.0,-795.238,2751.528,6480.584,-7.457,-0.294,-0.709,-54.01,MANEUVERING
1570.0,-795.238,2751.528,6480.584,-7.457,-0.294,-0.709,-54.01,LISTENING
1572.45,-813.493,2750.799,6478.827,-7.455,-0.302,-0.726,-51.56,MANEUVERING
1572.45,-813.493,2750.799,6478.827,-7.455,-0.302,-0.726,-51.56,SENSING
1572.45,-813.493,2750.799,6478.827,-7.455,-0.302,-0.726,-51.56,TRAVELING
1572.45,-813.493,2750.799,6478.827,-7.455,-0.302,-0.726,-51.56,LISTENING
1580.0,-869.712,2748.437,6473.14,-7.448,-0.325,-0.781,-51.56,TRAVELING
1580.0,-869.712,2748.437,6473.14,-7.448,-0.325,-0.781,-51.56,SENSING
1580.0,-869.712,2748.437,6473.14,-7.448,-0.325,-0.781,-51.56,MEASURING
1580.0,-869.712,2748.437,6473.14,-7.448,-0.325,-0.781,-51.56,SENSING
1580.0,-869.712,2748.437,6473.14,-7.448,-0.325,-0.781,-51.56,MANEUVERING
1580.0,-869.712,2748.437,6473.14,-7.448,-0.325,-0.781,-51.56,LISTENING
1586.0,-914.35,2746.435,6468.325,-7.442,-0.344,-0.825,-45.56,MANEUVERING
1586.0,-914.35,2746.435,6468.325,-7.442,-0.344,-0.825,-45.56,SENSING
1586.0,-914.35,2746.435,6468.325,-7.442,-0.344,-0.825,-45.56,MANEUVERING
1586.0,-914.35,2746.435,6468.325,-7.442,-0.344,-0.825,-45.56,LISTENING
1606.12,-1063.756,2738.916,6450.28,-7.42,-0.405,-0.97,-25.44,MANEUVERING
1606.12,-1063.756,2738.916,6450.28,-7.42,-0.405,-0.97,-25.44,SENSING
1606.12,-1063.756,2738.916,6450.28,-7.42,-0.405,-0.97,-25.44,TRAVELING
1606.12,-1063.756,2738.916,6450.28,-7.42,-0.405,-0.97,-25.44,LISTENING
1620.0,-1166.55,2733.008,6436.129,-7.402,-0.448,-1.07,-25.44,TRAVELING
1620.0,-1166.55,2733.008,6436.129,-7.402,-0.448,-1.07,-25.44,SENSING
1620.0,-1166.55,2733.008,6436.129,-7.402,-0.448,-1.07,-25.44,TRAVELING
1620.0,-1166.55,2733.008,6436.129,-7.402,-0.448,-1.07,-25.44,LISTENING
1622.59,-1185.704,2731.841,6433.335,-7.399,-0.456,-1.089,-25.44,TRAVELING
1622.59,-1185.704,2731.841,6433.335,-7.399,-0.456,-1.089,-25.44,SENSING
1622.59,-1185.704,2731.841,6433.335,-7.399,-0.456,-1.089,-25.44,TRAVELING
1622.59,-1185.704,2731.841,6433.335,-7.399,-0.456,-1.089,-25.44,LISTENING
1630.0,-1240.454,2728.388,6425.075,-7.389,-0.478,-1.142,-25.44,TRAVELING
1630.0,-1240.454,2728.388,6425.075,-7.389,-0.478,-1.142,-25.44,SENSING
1630.0,-1240.454,2728.388,6425.075,-7.389,-0.478,-1.142,-25.44,TRAVELING
1630.0,-1240.454,2728.388,6425.075,-7.389,-0.478,-1.142,-25.44,LISTENING
1639.27,-1308.84,2723.834,6414.186,-7.376,-0.506,-1.208,-25.44,TRAVELING
1639.27,-1308.84,2723.834,6414.186,-7.376,-0.506,-1.208,-25.44,SENSING
1639.27,-1308.84,2723.834,6414.186,-7.376,-0.506,-1.208,-25.44,LISTENING
1640.0,-1314.22,2723.464,6413.302,-7.375,-0.509,-1.214,-25.44,SENSING
1640.0,-1314.22,2723.464,6413.302,-7.375,-0.509,-1.214,-25.44,MEASURING
1640.0,-1314.22,2723.464,6413.302,-7.375,-0.509,-1.214,-25.44,SENSING
1640.0,-1314.22,2723.464,6413.302,-7.375,-0.509,-1.214,-25.44,MANEUVERING
1640.0,-1314.22,2723.464,6413.302,-7.375,-0.509,-1.214,-25.44,LISTENING
1642.76,-1334.554,2722.051,6409.927,-7.371,-0.517,-1.233,-28.2,MANEUVERING
1642.76,-1334.554,2722.051,6409.927,-7.371,-0.517,-1.233,-28.2,SENSING
1642.76,-1334.554,2722.051,6409.927,-7.371,-0.517,-1.233,-28.2,TRAVELING
1642.76,-1334.554,2722.051,6409.927,-7.371,-0.517,-1.233,-28.2,LISTENING
1649.54,-1384.456,2718.483,6401.404,-7.36,-0.538,-1.282,-28.2,TRAVELING
1649.54,-1384.456,2718.483,6401.404,-7.36,-0.538,-1.282,-28.2,SENSING
1649.54,-1384.456,2718.483,6401.404,-7.36,-0.538,-1.282,-28.2,LISTENING
1650.0,-1387.839,2718.236,6400.813,-7.36,-0.539,-1.285,-28.2,SENSING
1650.0,-1387.839,2718.236,6400.813,-7.36,-0.539,-1.285,-28.2,MEASURING
1650.0,-1387.839,2718.236,6400.813,-7.36,-0.539,-1.285,-28.2,SENSING
1650.0,-1387.839,2718.236,6400.813,-7.36,-0.539,-1.285,-28.2,MANEUVERING
1650.0,-1387.839,2718.236,6400.813,-7.36,-0.539,-1.285,-28.2,LISTENING
1650.28,-1389.898,2718.086,6400.453,-7.359,-0.54,-1.287,-27.92,MANEUVERING
1650.28,-1389.898,2718.086,6400.453,-7.359,-0.54,-1.287,-27.92,SENSING
1650.28,-1389.898,2718.086,6400.453,-7.359,-0.54,-1.287,-27.92,MANEUVERING
1650.28,-1389.898,2718.086,6400.453,-7.359,-0.54,-1.287,-27.92,LISTENING
1659.27,-1455.946,2713.12,6388.598,-7.345,-0.567,-1.352,-18.93,MANEUVERING
1659.27,-1455.946,2713.12,6388.598,-7.345,-0.567,-1.352,-18.93,SENSING
1659.27,-1455.946,2713.12,6388.598,-7.345,-0.567,-1.352,-18.93,TRAVELING
1659.27,-1455.946,2713.12,6388.598,-7.345,-0.567,-1.352,-18.93,SENSING
1659.27,-1455.946,2713.12,6388.598,-7.345,-0.567,-1.352,-18.93,LISTENING
1660.0,-1461.303,2712.706,6387.61,-7.344,-0.569,-1.357,-18.93,SENSING
1660.0,-1461.303,2712.706,6387.61,-7.344,-0.569,-1.357,-18.93,MEASURING
1660.0,-1461.303,2712.706,6387.61,-7.344,-0.569,-1.357,-18.93,SENSING
1660.0,-1461.303,2712.706,6387.61,-7.344,-0.569,-1.357,-18.93,MANEUVERING
1660.0,-1461.303,2712.706,6387.61,-7.344,-0.569,-1.357,-18.93,LISTENING
1664.85,-1496.875,2709.915,6380.949,-7.336,-0.584,-1.391,-14.08,MANEUVERING
1664.85,-1496.875,2709.915,6380.949,-7.336,-0.584,-1.391,-14.08,SENSING
1664.85,-1496.875,2709.915,6380.949,-7.336,-0.584,-1.391,-14.08,MANEUVERING
1664.85,-1496.875,2709.915,6380.949,-7.336,-0.584,-1.391,-14.08,LISTENING
1669.16,-1528.453,2707.375,6374.89,-7.328,-0.597,-1.422,-9.77,MANEUVERING
1669.16,-1528.453,2707.375,6374.89,-7.328,-0.597,-1.422,-9.77,SENSING
1669.16,-1528.453,2707.375,6374.89,-7.328,-0.597,-1.422,-9.77,TRAVELING
1669.16,-1528.453,2707.375,6374.89,-7.328,-0.597,-1.422,-9.77,SENSING
1669.16,-1528.453,2707.375,6374.89,-7.328,-0.597,-1.422,-9.77,LISTENING
1670.0,-1534.604,2706.874,6373.693,-7.327,-0.599,-1.428,-9.77,SENSING
1670.0,-1534.604,2706.874,6373.693,-7.327,-0.599,-1.428,-9.77,MEASURING
1670.0,-1534.604,2706.874,6373.693,-7.327,-0.599,-1.428,-9.77,SENSING
1670.0,-1534.604,2706.874,6373.693,-7.327,-0.599,-1.428,-9.77,MANEUVERING
1670.0,-1534.604,2706.874,6373.693,-7.327,-0.599,-1.428,-9.77,LISTENING
1670.36,-1537.24,2706.658,6373.179,-7.326,-0.601,-1.431,-9.41,MANEUVERING
1670.36,-1537.24,2706.658,6373.179,-7.326,-0.601,-1.431,-9.41,SENSING
1670.36,-1537.24,2706.658,6373.179,-7.326,-0.601,-1.431,-9.41,TRAVELING
1670.36,-1537.24,2706.658,6373.179,-7.326,-0.601,-1.431,-9.41,LISTENING
1679.67,-1605.323,2700.947,6359.559,-7.31,-0.629,-1.497,-9.41,TRAVELING
1679.67,-1605.323,2700.947,6359.559,-7.31,-0.629,-1.497,-9.41,SENSING
1679.67,-1605.323,2700.947,6359.559,-7.31,-0.629,-1.497,-9.41,LISTENING
1680.0,-1607.734,2700.74,6359.065,-7.309,-0.63,-1.499,-9.41,SENSING
1680.0,-1607.734,2700.74,6359.065,-7.309,-0.63,-1.499,-9.41,MEASURING
1680.0,-1607.734,2700.74,6359.065,-7.309,-0.63,-1.499,-9.41,SENSING
1680.0,-1607.734,2700.74,6359.065,-7.309,-0.63,-1.499,-9.41,MANEUVERING
1680.0,-1607.734,2700.74,6359.065,-7.309,-0.63,-1.499,-9.41,LISTENING
1683.34,-1632.12,2698.624,6354.021,-7.303,-0.64,-1.523,-12.75,MANEUVERING
1683.34,-1632.12,2698.624,6354.021,-7.303,-0.64,-1.523,-12.75,SENSING
1683.34,-1632.12,2698.624,6354.021,-7.303,-0.64,-1.523,-12.75,MANEUVERING
1683.34,-1632.12,2698.624,6354.021,-7.303,-0.64,-1.523,-12.75,LISTENING
1687.65,-1663.557,2695.845,6347.396,-7.295,-0.653,-1.553,-17.06,MANEUVERING
1687.65,-1663.557,2695.845,6347.396,-7.295,-0.653,-1.553,-17.06,SENSING
1687.65,-1663.557,2695.845,6347.396,-7.295,-0.653,-1.553,-17.06,TRAVELING
1687.65,-1663.557,2695.845,6347.396,-7.295,-0.653,-1.553,-17.06,SENSING
1687.65,-1663.557,2695.845,6347.396,-7.295,-0.653,-1.553,-17.06,LISTENING
1690.0,-1680.684,2694.306,6343.728,-7.291,-0.66,-1.57,-17.06,SENSING
1690.0,-1680.684,2694.306,6343.728,-7.291,-0.66,-1.57,-17.06,MEASURING
1690.0,-1680.684,2694.306,6343.728,-7.291,-0.66,-1.57,-17.06,SENSING
1690.0,-1680.684,2694.306,6343.728,-7.291,-0.66,-1.57,-17.06,MANEUVERING
1690.0,-1680.684,2694.306,6343.728,-7.291,-0.66,-1.57,-17.06,LISTENING
1695.56,-1721.164,2690.599,6334.894,-7.28,-0.676,-1.609,-11.5,MANEUVERING
1695.56,-1721.164,2690.599,6334.894,-7.28,-0.676,-1.609,-11.5,SENSING
1695.56,-1721.164,2690.599,6334.894,-7.28,-0.676,-1.609,-11.5,TRAVELING
1695.56,-1721.164,2690.599,6334.894,-7.28,-0.676,-1.609,-11.5,SENSING
1695.56,-1721.164,2690.599,6334.894,-7.28,-0.676,-1.609,-11.5,LISTENING
1700.0,-1753.447,2687.572,6327.683,-7.272,-0.69,-1.641,-11.5,SENSING
1700.0,-1753.447,2687.572,6327.683,-7.272,-0.69,-1.641,-11.5,MEASURING
1700.0,-1753.447,2687.572,6327.683,-7.272,-0.69,-1.641,-11.5,SENSING
1700.0,-1753.447,2687.572,6327.683,-7.272,-0.69,-1.641,-11.5,MANEUVERING
1700.0,-1753.447,2687.572,6327.683,-7.272,-0.69,-1.641,-11.5,LISTENING
1708.44,-1814.708,2681.656,6313.592,-7.255,-0.715,-1.7,-3.06,MANEUVERING
1708.44,-1814.708,2681.656,6313.592,-7.255,-0.715,-1.7,-3.06,SENSING
1708.44,-1814.708,2681.656,6313.592,-7.255,-0.715,-1.7,-3.06,TRAVELING
1708.44,-1814.708,2681.656,6313.592,-7.255,-0.715,-1.7,-3.06,SENSING
1708.44,-1814.708,2681.656,6313.592,-7.255,-0.715,-1.7,-3.06,LISTENING
1710.0,-1826.015,2680.539,6310.933,-7.252,-0.72,-1.711,-3.06,SENSING
1710.0,-1826.015,2680.539,6310.933,-7.252,-0.72,-1.711,-3.06,MEASURING
1710.0,-1826.015,2680.539,6310.933,-7.252,-0.72,-1.711,-3.06,SENSING
1710.0,-1826.015,2680.539,6310.933,-7.252,-0.72,-1.711,-3.06,MANEUVERING
1710.0,-1826.015,2680.539,6310.933,-7.252,-0.72,-1.711,-3.06,LISTENING
1714.94,-1861.789,2676.955,6302.398,-7.242,-0.734,-1.746,-8.0,MANEUVERING
1714.94,-1861.789,2676.955,6302.398,-7.242,-0.734,-1.746,-8.0,SENSING
1714.94,-1861.789,2676.955,6302.398,-7.242,-0.734,-1.746,-8.0,TRAVELING
1714.94,-1861.789,2676.955,6302.398,-7.242,-0.734,-1.746,-8.0,SENSING
1714.94,-1861.789,2676.955,6302.398,-7.242,-0.734,-1.746,-8.0,LISTENING
1715.84,-1868.301,2676.294,6300.825,-7.24,-0.737,-1.752,-8.0,SENSING
1715.84,-1868.301,2676.294,6300.825,-7.24,-0.737,-1.752,-8.0,LISTENING
1720.0,-1898.379,2673.209,6293.479,-7.231,-0.749,-1.781,-8.0,SENSING
1720.0,-1898.379,2673.209,6293.479,-7.231,-0.749,-1.781,-8.0,MEASURING
1720.0,-1898.379,2673.209,6293.479,-7.231,-0.749,-1.781,-8.0,SENSING
1720.0,-1898.379,2673.209,6293.479,-7.231,-0.749,-1.781,-8.0,MANEUVERING
1720.0,-1898.379,2673.209,6293.479,-7.231,-0.749,-1.781,-8.0,LISTENING
1724.27,-1929.215,2669.988,6285.812,-7.222,-0.762,-1.811,-12.27,MANEUVERING
1724.27,-1929.215,2669.988,6285.812,-7.222,-0.762,-1.811,-12.27,SENSING
1724.27,-1929.215,2669.988,6285.812,-7.222,-0.762,-1.811,-12.27,TRAVELING
1724.27,-1929.215,2669.988,6285.812,-7.222,-0.762,-1.811,-12.27,LISTENING
1729.63,-1967.866,2665.868,6276.008,-7.21,-0.778,-1.849,-12.27,TRAVELING
1729.63,-1967.866,2665.868,6276.008,-7.21,-0.778,-1.849,-12.27,SENSING
1729.63,-1967.866,2665.868,6276.008,-7.21,-0.778,-1.849,-12.27,LISTENING
1730.0,-1970.532,2665.581,6275.324,-7.21,-0.779,-1.851,-12.27,SENSING
1730.0,-1970.532,2665.581,6275.324,-7.21,-0.779,-1.851,-12.27,MEASURING
1730.0,-1970.532,2665.581,6275.324,-7.21,-0.779,-1.851,-12.27,SENSING
1730.0,-1970.532,2665.581,6275.324,-7.21,-0.779,-1.851,-12.27,MANEUVERING
1730.0,-1970.532,2665.581,6275.324,-7.21,-0.779,-1.851,-12.27,LISTENING
1734.34,-2001.779,2662.178,6267.227,-7.2,-0.792,-1.882,-16.61,MANEUVERING
1734.34,-2001.779,2662.178,6267.227,-7.2,-0.792,-1.882,-16.61,SENSING
1734.34,-2001.779,2662.178,6267.227,-7.2,-0.792,-1.882,-16.61,MANEUVERING
1734.34,-2001.779,2662.178,6267.227,-7.2,-0.792,-1.882,-16.61,LISTENING
1734.87,-2005.592,2661.759,6266.229,-7.199,-0.794,-1.885,-17.14,MANEUVERING
1734.87,-2005.592,2661.759,6266.229,-7.199,-0.794,-1.885,-17.14,SENSING
1734.87,-2005.592,2661.759,6266.229,-7.199,-0.794,-1.885,-17.14,TRAVELING
1734.87,-2005.592,2661.759,6266.229,-7.199,-0.794,-1.885,-17.14,LISTENING
1740.0,-2042.465,2657.657,6256.47,-7.187,-0.809,-1.921,-17.14,TRAVELING
1740.0,-2042.465,2657.657,6256.47,-7.187,-0.809,-1.921,-17.14,SENSING
1740.0,-2042.465,2657.657,6256.47,-7.187,-0.809,-1.921,-17.14,MEASURING
1740.0,-2042.465,2657.657,6256.47,-7.187,-0.809,-1.921,-17.14,SENSING
1740.0,-2042.465,2657.657,6256.47,-7.187,-0.809,-1.921,-17.14,MANEUVERING
1740.0,-2042.465,2657.657,6256.47,-7.187,-0.809,-1.921,-17.14,LISTENING
1749.51,-2110.663,2649.847,6237.893,-7.165,-0.837,-1.987,-26.65,MANEUVERING
1749.51,-2110.663,2649.847,6237.893,-7.165,-0.837,-1.987,-26.65,SENSING
1749.51,-2110.663,2649.847,6237.893,-7.165,-0.837,-1.987,-26.65,TRAVELING
1749.51,-2110.663,2649.847,6237.893,-7.165,-0.837,-1.987,-26.65,SENSING
1749.51,-2110.663,2649.847,6237.893,-7.165,-0.837,-1.987,-26.65,LISTENING
1750.0,-2114.171,2649.438,6236.919,-7.164,-0.838,-1.991,-26.65,SENSING
1750.0,-2114.171,2649.438,6236.919,-7.164,-0.838,-1.991,-26.65,MEASURING
1750.0,-2114.171,2649.438,6236.919,-7.164,-0.838,-1.991,-26.65,SENSING
1750.0,-2114.171,2649.438,6236.919,-7.164,-0.838,-1.991,-26.65,MANEUVERING
1750.0,-2114.171,2649.438,6236.919,-7.164,-0.838,-1.991,-26.65,LISTENING
1758.98,-2178.363,2641.806,6218.771,-7.143,-0.865,-2.053,-35.63,MANEUVERING
1758.98,-2178.363,2641.806,6218.771,-7.143,-0.865,-2.053,-35.63,SENSING
1758.98,-2178.363,2641.806,6218.771,-7.143,-0.865,-2.053,-35.63,MANEUVERING
1758.98,-2178.363,2641.806,6218.771,-7.143,-0.865,-2.053,-35.63,LISTENING
1760.0,-2185.642,2640.925,6216.674,-7.14,-0.868,-2.06,-36.65,MANEUVERING
1760.0,-2185.642,2640.925,6216.674,-7.14,-0.868,-2.06,-36.65,SENSING
1760.0,-2185.642,2640.925,6216.674,-7.14,-0.868,-2.06,-36.65,MANEUVERING
1760.0,-2185.642,2640.925,6216.674,-7.14,-0.868,-2.06,-36.65,LISTENING
1773.45,-2281.385,2629.012,6188.354,-7.107,-0.907,-2.153,-50.1,MANEUVERING
1773.45,-2281.385,2629.012,6188.354,-7.107,-0.907,-2.153,-50.1,SENSING
1773.45,-2281.385,2629.012,6188.354,-7.107,-0.907,-2.153,-50.1,TRAVELING
1773.45,-2281.385,2629.012,6188.354,-7.107,-0.907,-2.153,-50.1,LISTENING
1778.82,-2319.484,2624.109,6176.699,-7.093,-0.923,-2.19,-50.1,TRAVELING
1778.82,-2319.484,2624.109,6176.699,-7.093,-0.923,-2.19,-50.1,SENSING
1778.82,-2319.484,2624.109,6176.699,-7.093,-0.923,-2.19,-50.1,LISTENING
1780.0,-2327.846,2623.02,6174.111,-7.09,-0.926,-2.198,-50.1,SENSING
1780.0,-2327.846,2623.02,6174.111,-7.09,-0.926,-2.198,-50.1,MEASURING
1780.0,-2327.846,2623.02,6174.111,-7.09,-0.926,-2.198,-50.1,SENSING
1780.0,-2327.846,2623.02,6174.111,-7.09,-0.926,-2.198,-50.1,MANEUVERING
1780.0,-2327.846,2623.02,6174.111,-7.09,-0.926,-2.198,-50.1,LISTENING
1786.28,-2372.288,2617.157,6160.178,-7.074,-0.944,-2.241,-43.82,MANEUVERING
1786.28,-2372.288,2617.157,6160.178,-7.074,-0.944,-2.241,-43.82,SENSING
1786.28,-2372.288,2617.157,6160.178,-7.074,-0.944,-2.241,-43.82,TRAVELING
1786.28,-2372.288,2617.157,6160.178,-7.074,-0.944,-2.241,-43.82,SENSING
1786.28,-2372.288,2617.157,6160.178,-7.074,-0.944,-2.241,-43.82,LISTENING
1786.73,-2375.468,2616.733,6159.17,-7.072,-0.946,-2.244,-43.82,SENSING
1786.73,-2375.468,2616.733,6159.17,-7.072,-0.946,-2.244,-43.82,LISTENING
1790.0,-2398.564,2613.63,6151.798,-7.064,-0.955,-2.267,-43.82,SENSING
1790.0,-2398.564,2613.63,6151.798,-7.064,-0.955,-2.267,-43.82,MEASURING
1790.0,-2398.564,2613.63,6151.798,-7.064,-0.955,-2.267,-43.82,SENSING
1790.0,-2398.564,2613.63,6151.798,-7.064,-0.955,-2.267,-43.82,MANEUVERING
1790.0,-2398.564,2613.63,6151.798,-7.064,-0.955,-2.267,-43.82,LISTENING
1793.08,-2420.292,2610.68,6144.788,-7.055,-0.964,-2.288,-40.74,MANEUVERING
1793.08,-2420.292,2610.68,6144.788,-7.055,-0.964,-2.288,-40.74,SENSING
1793.08,-2420.292,2610.68,6144.788,-7.055,-0.964,-2.288,-40.74,MANEUVERING
1793.08,-2420.292,2610.68,6144.788,-7.055,-0.964,-2.288,-40.74,LISTENING
1800.0,-2469.015,2603.951,6128.801,-7.037,-0.984,-2.335,-33.82,MANEUVERING
1800.0,-2469.015,2603.951,6128.801,-7.037,-0.984,-2.335,-33.82,SENSING
1800.0,-2469.015,2603.951,6128.801,-7.037,-0.984,-2.335,-33.82,MANEUVERING
1800.0,-2469.015,2603.951,6128.801,-7.037,-0.984,-2.335,-33.82,LISTENING
1809.99,-2539.122,2593.993,6105.147,-7.009,-1.013,-2.403,-23.83,MANEUVERING
1809.99,-2539.122,2593.993,6105.147,-7.009,-1.013,-2.403,-23.83,SENSING
1809.99,-2539.122,2593.993,6105.147,-7.009,-1.013,-2.403,-23.83,MANEUVERING
1809.99,-2539.122,2593.993,6105.147,-7.009,-1.013,-2.403,-23.83,LISTENING
1810.0,-2539.192,2593.983,6105.123,-7.009,-1.013,-2.403,-23.82,MANEUVERING
1810.0,-2539.192,2593.983,6105.123,-7.009,-1.013,-2.403,-23.82,SENSING
1810.0,-2539.192,2593.983,6105.123,-7.009,-1.013,-2.403,-23.82,MANEUVERING
1810.0,-2539.192,2593.983,6105.123,-7.009,-1.013,-2.403,-23.82,LISTENING
1810.42,-2542.133,2593.558,6104.113,-7.008,-1.014,-2.406,-23.4,MANEUVERING
1810.42,-2542.133,2593.558,6104.113,-7.008,-1.014,-2.406,-23.4,SENSING
1810.42,-2542.133,2593.558,6104.113,-7.008,-1.014,-2.406,-23.4,MANEUVERING
1810.42,-2542.133,2593.558,6104.113,-7.008,-1.014,-2.406,-23.4,LISTENING
1819.57,-2606.087,2584.175,6081.827,-6.981,-1.041,-2.468,-14.25,MANEUVERING
1819.57,-2606.087,2584.175,6081.827,-6.981,-1.041,-2.468,-14.25,SENSING
1819.57,-2606.087,2584.175,6081.827,-6.981,-1.041,-2.468,-14.25,TRAVELING
1819.57,-2606.087,2584.175,6081.827,-6.981,-1.041,-2.468,-14.25,SENSING
1819.57,-2606.087,2584.175,6081.827,-6.981,-1.041,-2.468,-14.25,LISTENING
1820.0,-2609.087,2583.728,6080.766,-6.98,-1.042,-2.471,-14.25,SENSING
1820.0,-2609.087,2583.728,6080.766,-6.98,-1.042,-2.471,-14.25,MEASURING
1820.0,-2609.087,2583.728,6080.766,-6.98,-1.042,-2.471,-14.25,SENSING
1820.0,-2609.087,2583.728,6080.766,-6.98,-1.042,-2.471,-14.25,MANEUVERING
1820.0,-2609.087,2583.728,6080.766,-6.98,-1.042,-2.471,-14.25,LISTENING
1821.44,-2619.128,2582.227,6077.203,-6.976,-1.046,-2.481,-15.69,MANEUVERING
1821.44,-2619.128,2582.227,6077.203,-6.976,-1.046,-2.481,-15.69,SENSING
1821.44,-2619.128,2582.227,6077.203,-6.976,-1.046,-2.481,-15.69,TRAVELING
1821.44,-2619.128,2582.227,6077.203,-6.976,-1.046,-2.481,-15.69,LISTENING
1826.78,-2656.311,2576.612,6063.868,-6.96,-1.061,-2.517,-15.69,TRAVELING
1826.78,-2656.311,2576.612,6063.868,-6.96,-1.061,-2.517,-15.69,SENSING
1826.78,-2656.311,2576.612,6063.868,-6.96,-1.061,-2.517,-15.69,LISTENING
1830.0,-2678.692,2573.186,6055.734,-6.951,-1.07,-2.538,-15.69,SENSING
1830.0,-2678.692,2573.186,6055.734,-6.951,-1.07,-2.538,-15.69,MEASURING
1830.0,-2678.692,2573.186,6055.734,-6.951,-1.07,-2.538,-15.69,SENSING
1830.0,-2678.692,2573.186,6055.734,-6.951,-1.07,-2.538,-15.69,MANEUVERING
1830.0,-2678.692,2573.186,6055.734,-6.951,-1.07,-2.538,-15.69,LISTENING
1830.61,-2682.928,2572.534,6054.185,-6.949,-1.072,-2.542,-16.3,MANEUVERING
1830.61,-2682.928,2572.534,6054.185,-6.949,-1.072,-2.542,-16.3,SENSING
1830.61,-2682.928,2572.534,6054.185,-6.949,-1.072,-2.542,-16.3,MANEUVERING
1830.61,-2682.928,2572.534,6054.185,-6.949,-1.072,-2.542,-16.3,LISTENING
1831.02,-2685.775,2572.095,6053.143,-6.948,-1.073,-2.545,-16.71,MANEUVERING
1831.02,-2685.775,2572.095,6053.143,-6.948,-1.073,-2.545,-16.71,SENSING
1831.02,-2685.775,2572.095,6053.143,-6.948,-1.073,-2.545,-16.71,TRAVELING
1831.02,-2685.775,2572.095,6053.143,-6.948,-1.073,-2.545,-16.71,LISTENING
1840.0,-2748.0,2562.359,6030.029,-6.921,-1.099,-2.605,-16.71,TRAVELING
1840.0,-2748.0,2562.359,6030.029,-6.921,-1.099,-2.605,-16.71,SENSING
1840.0,-2748.0,2562.359,6030.029,-6.921,-1.099,-2.605,-16.71,MEASURING
1840.0,-2748.0,2562.359,6030.029,-6.921,-1.099,-2.605,-16.71,SENSING
1840.0,-2748.0,2562.359,6030.029,-6.921,-1.099,-2.605,-16.71,MANEUVERING
1840.0,-2748.0,2562.359,6030.029,-6.921,-1.099,-2.605,-16.71,LISTENING
1843.0,-2768.733,2559.056,6022.187,-6.911,-1.107,-2.625,-19.71,MANEUVERING
1843.0,-2768.733,2559.056,6022.187,-6.911,-1.107,-2.625,-19.71,SENSING
1843.0,-2768.733,2559.056,6022.187,-6.911,-1.107,-2.625,-19.71,MANEUVERING
1843.0,-2768.733,2559.056,6022.187,-6.911,-1.107,-2.625,-19.71,LISTENING
1845.95,-2789.093,2555.783,6014.417,-6.902,-1.116,-2.645,-22.66,MANEUVERING
1845.95,-2789.093,2555.783,6014.417,-6.902,-1.116,-2.645,-22.66,SENSING
1845.95,-2789.093,2555.783,6014.417,-6.902,-1.116,-2.645,-22.66,TRAVELING
1845.95,-2789.093,2555.783,6014.417,-6.902,-1.116,-2.645,-22.66,SENSING
1845.95,-2789.093,2555.783,6014.417,-6.902,-1.116,-2.645,-22.66,LISTENING
1850.0,-2817.002,2551.249,6003.655,-6.89,-1.127,-2.672,-22.66,SENSING
1850.0,-2817.002,2551.249,6003.655,-6.89,-1.127,-2.672,-22.66,MEASURING
1850.0,-2817.002,2551.249,6003.655,-6.89,-1.127,-2.672,-22.66,SENSING
1850.0,-2817.002,2551.249,6003.655,-6.89,-1.127,-2.672,-22.66,MANEUVERING
1850.0,-2817.002,2551.249,6003.655,-6.89,-1.127,-2.672,-22.66,LISTENING
1855.09,-2852.005,2545.485,5989.974,-6.874,-1.142,-2.706,-17.57,MANEUVERING
1855.09,-2852.005,2545.485,5989.974,-6.874,-1.142,-2.706,-17.57,SENSING
1855.09,-2852.005,2545.485,5989.974,-6.874,-1.142,-2.706,-17.57,MANEUVERING
1855.09,-2852.005,2545.485,5989.974,-6.874,-1.142,-2.706,-17.57,LISTENING
1857.03,-2865.324,2543.269,5984.715,-6.868,-1.147,-2.719,-15.63,MANEUVERING
1857.03,-2865.324,2543.269,5984.715,-6.868,-1.147,-2.719,-15.63,SENSING
1857.03,-2865.324,2543.269,5984.715,-6.868,-1.147,-2.719,-15.63,TRAVELING
1857.03,-2865.324,2543.269,5984.715,-6.868,-1.147,-2.719,-15.63,SENSING
1857.03,-2865.324,2543.269,5984.715,-6.868,-1.147,-2.719,-15.63,LISTENING
1860.0,-2885.692,2539.856,5976.614,-6.858,-1.156,-2.739,-15.63,SENSING
1860.0,-2885.692,2539.856,5976.614,-6.858,-1.156,-2.739,-15.63,MEASURING
1860.0,-2885.692,2539.856,5976.614,-6.858,-1.156,-2.739,-15.63,SENSING
1860.0,-2885.692,2539.856,5976.614,-6.858,-1.156,-2.739,-15.63,MANEUVERING
1860.0,-2885.692,2539.856,5976.614,-6.858,-1.156,-2.739,-15.63,LISTENING
1860.7,-2890.489,2539.048,5974.696,-6.856,-1.158,-2.743,-14.93,MANEUVERING
1860.7,-2890.489,2539.048,5974.696,-6.856,-1.158,-2.743,-14.93,SENSING
1860.7,-2890.489,2539.048,5974.696,-6.856,-1.158,-2.743,-14.93,MANEUVERING
1860.7,-2890.489,2539.048,5974.696,-6.856,-1.158,-2.743,-14.93,LISTENING
1868.72,-2945.329,2529.692,5952.493,-6.83,-1.18,-2.796,-6.91,MANEUVERING
1868.72,-2945.329,2529.692,5952.493,-6.83,-1.18,-2.796,-6.91,SENSING
1868.72,-2945.329,2529.692,5952.493,-6.83,-1.18,-2.796,-6.91,TRAVELING
1868.72,-2945.329,2529.692,5952.493,-6.83,-1.18,-2.796,-6.91,SENSING
1868.72,-2945.329,2529.692,5952.493,-6.83,-1.18,-2.796,-6.91,LISTENING
1870.0,-2954.062,2528.182,5948.91,-6.826,-1.184,-2.805,-6.91,SENSING
1870.0,-2954.062,2528.182,5948.91,-6.826,-1.184,-2.805,-6.91,MEASURING
1870.0,-2954.062,2528.182,5948.91,-6.826,-1.184,-2.805,-6.91,SENSING
1870.0,-2954.062,2528.182,5948.91,-6.826,-1.184,-2.805,-6.91,MANEUVERING
1870.0,-2954.062,2528.182,5948.91,-6.826,-1.184,-2.805,-6.91,LISTENING
1871.67,-2965.448,2526.205,5944.219,-6.82,-1.188,-2.816,-5.24,MANEUVERING
1871.67,-2965.448,2526.205,5944.219,-6.82,-1.188,-2.816,-5.24,SENSING
1871.67,-2965.448,2526.205,5944.219,-6.82,-1.188,-2.816,-5.24,TRAVELING
1871.67,-2965.448,2526.205,5944.219,-6.82,-1.188,-2.816,-5.24,LISTENING
1880.0,-3022.105,2516.229,5920.547,-6.792,-1.212,-2.871,-5.24,TRAVELING
1880.0,-3022.105,2516.229,5920.547,-6.792,-1.212,-2.871,-5.24,SENSING
1880.0,-3022.105,2516.229,5920.547,-6.792,-1.212,-2.871,-5.24,MEASURING
1880.0,-3022.105,2516.229,5920.547,-6.792,-1.212,-2.871,-5.24,SENSING
1880.0,-3022.105,2516.229,5920.547,-6.792,-1.212,-2.871,-5.24,MANEUVERING
1880.0,-3022.105,2516.229,5920.547,-6.792,-1.212,-2.871,-5.24,LISTENING
1884.52,-3052.751,2510.734,5907.51,-6.777,-1.224,-2.9,-0.72,MANEUVERING
1884.52,-3052.751,2510.734,5907.51,-6.777,-1.224,-2.9,-0.72,SENSING
1884.52,-3052.751,2510.734,5907.51,-6.777,-1.224,-2.9,-0.72,MANEUVERING
1884.52,-3052.751,2510.734,5907.51,-6.777,-1.224,-2.9,-0.72,LISTENING
1890.0,-3089.812,2503.997,5891.526,-6.759,-1.239,-2.936,4.76,MANEUVERING
1890.0,-3089.812,2503.997,5891.526,-6.759,-1.239,-2.936,4.76,SENSING
1890.0,-3089.812,2503.997,5891.526,-6.759,-1.239,-2.936,4.76,MANEUVERING
1890.0,-3089.812,2503.997,5891.526,-6.759,-1.239,-2.936,4.76,LISTENING
1891.98,-3103.178,2501.542,5885.703,-6.752,-1.245,-2.949,6.74,MANEUVERING
1891.98,-3103.178,2501.542,5885.703,-6.752,-1.245,-2.949,6.74,SENSING
1891.98,-3103.178,2501.542,5885.703,-6.752,-1.245,-2.949,6.74,TRAVELING
1891.98,-3103.178,2501.542,5885.703,-6.752,-1.245,-2.949,6.74,LISTENING
1899.38,-3153.011,2492.271,5863.711,-6.726,-1.265,-2.997,6.74,TRAVELING
1899.38,-3153.011,2492.271,5863.711,-6.726,-1.265,-2.997,6.74,SENSING
1899.38,-3153.011,2492.271,5863.711,-6.726,-1.265,-2.997,6.74,LISTENING
1900.0,-3157.177,2491.488,5861.853,-6.724,-1.267,-3.001,6.74,SENSING
1900.0,-3157.177,2491.488,5861.853,-6.724,-1.267,-3.001,6.74,MEASURING
1900.0,-3157.177,2491.488,5861.853,-6.724,-1.267,-3.001,6.74,SENSING
1900.0,-3157.177,2491.488,5861.853,-6.724,-1.267,-3.001,6.74,MANEUVERING
1900.0,-3157.177,2491.488,5861.853,-6.724,-1.267,-3.001,6.74,LISTENING
1900.31,-3159.26,2491.096,5860.923,-6.723,-1.268,-3.003,7.05,MANEUVERING
1900.31,-3159.26,2491.096,5860.923,-6.723,-1.268,-3.003,7.05,SENSING
1900.31,-3159.26,2491.096,5860.923,-6.723,-1.268,-3.003,7.05,TRAVELING
1900.31,-3159.26,2491.096,5860.923,-6.723,-1.268,-3.003,7.05,LISTENING
1908.22,-3212.29,2480.999,5836.975,-6.695,-1.29,-3.055,7.05,TRAVELING
1908.22,-3212.29,2480.999,5836.975,-6.695,-1.29,-3.055,7.05,SENSING
1908.22,-3212.29,2480.999,5836.975,-6.695,-1.29,-3.055,7.05,LISTENING
1910.0,-3224.193,2478.704,5831.53,-6.689,-1.295,-3.066,7.05,SENSING
1910.0,-3224.193,2478.704,5831.53,-6.689,-1.295,-3.066,7.05,MEASURING
1910.0,-3224.193,2478.704,5831.53,-6.689,-1.295,-3.066,7.05,SENSING
1910.0,-3224.193,2478.704,5831.53,-6.689,-1.295,-3.066,7.05,MANEUVERING
1910.0,-3224.193,2478.704,5831.53,-6.689,-1.295,-3.066,7.05,LISTENING
1920.0,-3290.851,2465.645,5800.56,-6.652,-1.322,-3.131,17.05,MANEUVERING
1920.0,-3290.851,2465.645,5800.56,-6.652,-1.322,-3.131,17.05,SENSING
1920.0,-3290.851,2465.645,5800.56,-6.652,-1.322,-3.131,17.05,MANEUVERING
1920.0,-3290.851,2465.645,5800.56,-6.652,-1.322,-3.131,17.05,LISTENING
1927.22,-3338.752,2456.048,5777.801,-6.626,-1.342,-3.177,24.27,MANEUVERING
1927.22,-3338.752,2456.048,5777.801,-6.626,-1.342,-3.177,24.27,SENSING
1927.22,-3338.752,2456.048,5777.801,-6.626,-1.342,-3.177,24.27,MANEUVERING
1927.22,-3338.752,2456.048,5777.801,-6.626,-1.342,-3.177,24.27,LISTENING
1939.03,-3416.689,2440.045,5739.854,-6.582,-1.374,-3.252,36.08,MANEUVERING
1939.03,-3416.689,2440.045,5739.854,-6.582,-1.374,-3.252,36.08,SENSING
1939.03,-3416.689,2440.045,5739.854,-6.582,-1.374,-3.252,36.08,TRAVELING
1939.03,-3416.689,2440.045,5739.854,-6.582,-1.374,-3.252,36.08,SENSING
1939.03,-3416.689,2440.045,5739.854,-6.582,-1.374,-3.252,36.08,LISTENING
1940.0,-3423.067,2438.714,5736.698,-6.578,-1.376,-3.259,36.08,SENSING
1940.0,-3423.067,2438.714,5736.698,-6.578,-1.376,-3.259,36.08,MEASURING
1940.0,-3423.067,2438.714,5736.698,-6.578,-1.376,-3.259,36.08,SENSING
1940.0,-3423.067,2438.714,5736.698,-6.578,-1.376,-3.259,36.08,MANEUVERING
1940.0,-3423.067,2438.714,5736.698,-6.578,-1.376,-3.259,36.08,LISTENING
1947.22,-3470.427,2428.726,5713.018,-6.551,-1.396,-3.304,43.3,MANEUVERING
1947.22,-3470.427,2428.726,5713.018,-6.551,-1.396,-3.304,43.3,SENSING
1947.22,-3470.427,2428.726,5713.018,-6.551,-1.396,-3.304,43.3,TRAVELING
1947.22,-3470.427,2428.726,5713.018,-6.551,-1.396,-3.304,43.3,LISTENING
1950.0,-3488.61,2424.843,5703.812,-6.54,-1.403,-3.322,43.3,TRAVELING
1950.0,-3488.61,2424.843,5703.812,-6.54,-1.403,-3.322,43.3,SENSING
1950.0,-3488.61,2424.843,5703.812,-6.54,-1.403,-3.322,43.3,TRAVELING
1950.0,-3488.61,2424.843,5703.812,-6.54,-1.403,-3.322,43.3,LISTENING
1960.08,-3554.287,2410.59,5670.024,-6.501,-1.43,-3.385,43.3,TRAVELING
1960.08,-3554.287,2410.59,5670.024,-6.501,-1.43,-3.385,43.3,SENSING
1960.08,-3554.287,2410.59,5670.024,-6.501,-1.43,-3.385,43.3,TRAVELING
1960.08,-3554.287,2410.59,5670.024,-6.501,-1.43,-3.385,43.3,LISTENING
1970.0,-3618.532,2396.3,5636.15,-6.461,-1.456,-3.447,43.3,TRAVELING
1970.0,-3618.532,2396.3,5636.15,-6.461,-1.456,-3.447,43.3,SENSING
1970.0,-3618.532,2396.3,5636.15,-6.461,-1.456,-3.447,43.3,MEASURING
1970.0,-3618.532,2396.3,5636.15,-6.461,-1.456,-3.447,43.3,SENSING
1970.0,-3618.532,2396.3,5636.15,-6.461,-1.456,-3.447,43.3,MANEUVERING
1970.0,-3618.532,2396.3,5636.15,-6.461,-1.456,-3.447,43.3,LISTENING
1973.22,-3639.301,2391.606,5625.023,-6.448,-1.465,-3.468,46.52,MANEUVERING
1973.22,-3639.301,2391.606,5625.023,-6.448,-1.465,-3.468,46.52,SENSING
1973.22,-3639.301,2391.606,5625.023,-6.448,-1.465,-3.468,46.52,MANEUVERING
1973.22,-3639.301,2391.606,5625.023,-6.448,-1.465,-3.468,46.52,LISTENING
1980.0,-3682.896,2381.631,5601.382,-6.421,-1.483,-3.51,53.3,MANEUVERING
1980.0,-3682.896,2381.631,5601.382,-6.421,-1.483,-3.51,53.3,SENSING
1980.0,-3682.896,2381.631,5601.382,-6.421,-1.483,-3.51,53.3,MANEUVERING
1980.0,-3682.896,2381.631,5601.382,-6.421,-1.483,-3.51,53.3,LISTENING
1980.03,-3683.088,2381.587,5601.277,-6.421,-1.483,-3.51,53.33,MANEUVERING
1980.03,-3683.088,2381.587,5601.277,-6.421,-1.483,-3.51,53.33,SENSING
1980.03,-3683.088,2381.587,5601.277,-6.421,-1.483,-3.51,53.33,TRAVELING
1980.03,-3683.088,2381.587,5601.277,-6.421,-1.483,-3.51,53.33,LISTENING
1984.5,-3711.727,2374.945,5585.534,-6.402,-1.495,-3.538,53.33,TRAVELING
1984.5,-3711.727,2374.945,5585.534,-6.402,-1.495,-3.538,53.33,SENSING
1984.5,-3711.727,2374.945,5585.534,-6.402,-1.495,-3.538,53.33,TRAVELING
1984.5,-3711.727,2374.945,5585.534,-6.402,-1.495,-3.538,53.33,LISTENING
1990.0,-3746.853,2366.7,5565.995,-6.38,-1.509,-3.571,53.33,TRAVELING
1990.0,-3746.853,2366.7,5565.995,-6.38,-1.509,-3.571,53.33,SENSING
1990.0,-3746.853,2366.7,5565.995,-6.38,-1.509,-3.571,53.33,MEASURING
1990.0,-3746.853,2366.7,5565.995,-6.38,-1.509,-3.571,53.33,SENSING
1990.0,-3746.853,2366.7,5565.995,-6.38,-1.509,-3.571,53.33,MANEUVERING
1990.0,-3746.853,2366.7,5565.995,-6.38,-1.509,-3.571,53.33,LISTENING
1993.19,-3767.168,2361.882,5554.576,-6.366,-1.517,-3.591,50.14,MANEUVERING
1993.19,-3767.168,2361.882,5554.576,-6.366,-1.517,-3.591,50.14,SENSING
1993.19,-3767.168,2361.882,5554.576,-6.366,-1.517,-3.591,50.14,TRAVELING
1993.19,-3767.168,2361.882,5554.576,-6.366,-1.517,-3.591,50.14,LISTENING
2000.0,-3810.396,2351.508,5529.992,-6.338,-1.535,-3.633,50.14,TRAVELING
2000.0,-3810.396,2351.508,5529.992,-6.338,-1.535,-3.633,50.14,SENSING
2000.0,-3810.396,2351.508,5529.992,-6.338,-1.535,-3.633,50.14,MEASURING
2000.0,-3810.396,2351.508,5529.992,-6.338,-1.535,-3.633,50.14,SENSING
2000.0,-3810.396,2351.508,5529.992,-6.338,-1.535,-3.633,50.14,MANEUVERING
2000.0,-3810.396,2351.508,5529.992,-6.338,-1.535,-3.633,50.14,LISTENING
2004.46,-3838.6,2344.648,5513.737,-6.319,-1.547,-3.66,54.6,MANEUVERING
2004.46,-3838.6,2344.648,5513.737,-6.319,-1.547,-3.66,54.6,SENSING
2004.46,-3838.6,2344.648,5513.737,-6.319,-1.547,-3.66,54.6,TRAVELING
2004.46,-3838.6,2344.648,5513.737,-6.319,-1.547,-3.66,54.6,LISTENING
2020.0,-3936.211,2320.347,5456.157,-6.252,-1.587,-3.754,54.6,TRAVELING
2020.0,-3936.211,2320.347,5456.157,-6.252,-1.587,-3.754,54.6,SENSING
2020.0,-3936.211,2320.347,5456.157,-6.252,-1.587,-3.754,54.6,MEASURING
2020.0,-3936.211,2320.347,5456.157,-6.252,-1.587,-3.754,54.6,SENSING
2020.0,-3936.211,2320.347,5456.157,-6.252,-1.587,-3.754,54.6,MANEUVERING
2020.0,-3936.211,2320.347,5456.157,-6.252,-1.587,-3.754,54.6,LISTENING
2040.0,-4060.289,2288.164,5379.91,-6.164,-1.638,-3.874,34.6,MANEUVERING
2040.0,-4060.289,2288.164,5379.91,-6.164,-1.638,-3.874,34.6,SENSING
2040.0,-4060.289,2288.164,5379.91,-6.164,-1.638,-3.874,34.6,MEASURING
2040.0,-4060.289,2288.164,5379.91,-6.164,-1.638,-3.874,34.6,SENSING
2040.0,-4060.289,2288.164,5379.91,-6.164,-1.638,-3.874,34.6,MANEUVERING
2040.0,-4060.289,2288.164,5379.91,-6.164,-1.638,-3.874,34.6,LISTENING
2043.09,-4079.3,2283.101,5367.918,-6.15,-1.645,-3.892,31.51,MANEUVERING
2043.09,-4079.3,2283.101,5367.918,-6.15,-1.645,-3.892,31.51,SENSING
2043.09,-4079.3,2283.101,5367.918,-6.15,-1.645,-3.892,31.51,MANEUVERING
2043.09,-4079.3,2283.101,5367.918,-6.15,-1.645,-3.892,31.51,LISTENING
2050.0,-4121.659,2271.693,5340.894,-6.119,-1.663,-3.933,24.6,MANEUVERING
2050.0,-4121.659,2271.693,5340.894,-6.119,-1.663,-3.933,24.6,SENSING
2050.0,-4121.659,2271.693,5340.894,-6.119,-1.663,-3.933,24.6,MANEUVERING
2050.0,-4121.659,2271.693,5340.894,-6.119,-1.663,-3.933,24.6,LISTENING
2052.63,-4137.724,2267.32,5330.535,-6.107,-1.669,-3.949,21.97,MANEUVERING
2052.63,-4137.724,2267.32,5330.535,-6.107,-1.669,-3.949,21.97,SENSING
2052.63,-4137.724,2267.32,5330.535,-6.107,-1.669,-3.949,21.97,MANEUVERING
2052.63,-4137.724,2267.32,5330.535,-6.107,-1.669,-3.949,21.97,LISTENING
2060.0,-4182.574,2254.973,5301.288,-6.073,-1.688,-3.992,14.6,MANEUVERING
2060.0,-4182.574,2254.973,5301.288,-6.073,-1.688,-3.992,14.6,SENSING
2060.0,-4182.574,2254.973,5301.288,-6.073,-1.688,-3.992,14.6,MANEUVERING
2060.0,-4182.574,2254.973,5301.288,-6.073,-1.688,-3.992,14.6,LISTENING
2062.33,-4196.701,2251.041,5291.976,-6.062,-1.693,-4.006,12.27,MANEUVERING
2062.33,-4196.701,2251.041,5291.976,-6.062,-1.693,-4.006,12.27,SENSING
2062.33,-4196.701,2251.041,5291.976,-6.062,-1.693,-4.006,12.27,TRAVELING
2062.33,-4196.701,2251.041,5291.976,-6.062,-1.693,-4.006,12.27,LISTENING
2069.65,-4240.919,2238.602,5262.514,-6.028,-1.712,-4.048,12.27,TRAVELING
2069.65,-4240.919,2238.602,5262.514,-6.028,-1.712,-4.048,12.27,SENSING
2069.65,-4240.919,2238.602,5262.514,-6.028,-1.712,-4.048,12.27,LISTENING
2070.0,-4243.027,2238.004,5261.097,-6.026,-1.712,-4.05,12.27,SENSING
2070.0,-4243.027,2238.004,5261.097,-6.026,-1.712,-4.05,12.27,MEASURING
2070.0,-4243.027,2238.004,5261.097,-6.026,-1.712,-4.05,12.27,SENSING
2070.0,-4243.027,2238.004,5261.097,-6.026,-1.712,-4.05,12.27,MANEUVERING
2070.0,-4243.027,2238.004,5261.097,-6.026,-1.712,-4.05,12.27,LISTENING
2072.54,-4258.308,2233.654,5250.796,-6.014,-1.719,-4.065,9.73,MANEUVERING
2072.54,-4258.308,2233.654,5250.796,-6.014,-1.719,-4.065,9.73,SENSING
2072.54,-4258.308,2233.654,5250.796,-6.014,-1.719,-4.065,9.73,TRAVELING
2072.54,-4258.308,2233.654,5250.796,-6.014,-1.719,-4.065,9.73,LISTENING
2080.0,-4303.013,2220.789,5220.326,-5.979,-1.737,-4.108,9.73,TRAVELING
2080.0,-4303.013,2220.789,5220.326,-5.979,-1.737,-4.108,9.73,SENSING
2080.0,-4303.013,2220.789,5220.326,-5.979,-1.737,-4.108,9.73,MEASURING
2080.0,-4303.013,2220.789,5220.326,-5.979,-1.737,-4.108,9.73,SENSING
2080.0,-4303.013,2220.789,5220.326,-5.979,-1.737,-4.108,9.73,MANEUVERING
2080.0,-4303.013,2220.789,5220.326,-5.979,-1.737,-4.108,9.73,LISTENING
2088.86,-4355.764,2205.332,5183.721,-5.937,-1.759,-4.159,18.59,MANEUVERING
2088.86,-4355.764,2205.332,5183.721,-5.937,-1.759,-4.159,18.59,SENSING
2088.86,-4355.764,2205.332,5183.721,-5.937,-1.759,-4.159,18.59,MANEUVERING
2088.86,-4355.764,2205.332,5183.721,-5.937,-1.759,-4.159,18.59,LISTENING
2089.24,-4358.018,2204.665,5182.141,-5.935,-1.76,-4.161,18.97,MANEUVERING
2089.24,-4358.018,2204.665,5182.141,-5.935,-1.76,-4.161,18.97,SENSING
2089.24,-4358.018,2204.665,5182.141,-5.935,-1.76,-4.161,18.97,TRAVELING
2089.24,-4358.018,2204.665,5182.141,-5.935,-1.76,-4.161,18.97,SENSING
2089.24,-4358.018,2204.665,5182.141,-5.935,-1.76,-4.161,18.97,LISTENING
2090.0,-4362.524,2203.329,5178.979,-5.931,-1.761,-4.166,18.97,SENSING
2090.0,-4362.524,2203.329,5178.979,-5.931,-1.761,-4.166,18.97,MEASURING
2090.0,-4362.524,2203.329,5178.979,-5.931,-1.761,-4.166,18.97,SENSING
2090.0,-4362.524,2203.329,5178.979,-5.931,-1.761,-4.166,18.97,MANEUVERING
2090.0,-4362.524,2203.329,5178.979,-5.931,-1.761,-4.166,18.97,LISTENING
2108.58,-4471.815,2170.248,5100.643,-5.841,-1.806,-4.271,37.55,MANEUVERING
2108.58,-4471.815,2170.248,5100.643,-5.841,-1.806,-4.271,37.55,SENSING
2108.58,-4471.815,2170.248,5100.643,-5.841,-1.806,-4.271,37.55,TRAVELING
2108.58,-4471.815,2170.248,5100.643,-5.841,-1.806,-4.271,37.55,SENSING
2108.58,-4471.815,2170.248,5100.643,-5.841,-1.806,-4.271,37.55,LISTENING
2110.0,-4480.098,2167.686,5094.576,-5.834,-1.81,-4.279,37.55,SENSING
2110.0,-4480.098,2167.686,5094.576,-5.834,-1.81,-4.279,37.55,MEASURING
2110.0,-4480.098,2167.686,5094.576,-5.834,-1.81,-4.279,37.55,SENSING
2110.0,-4480.098,2167.686,5094.576,-5.834,-1.81,-4.279,37.55,MANEUVERING
2110.0,-4480.098,2167.686,5094.576,-5.834,-1.81,-4.279,37.55,LISTENING
2111.45,-4488.546,2165.064,5088.369,-5.827,-1.813,-4.287,36.1,MANEUVERING
2111.45,-4488.546,2165.064,5088.369,-5.827,-1.813,-4.287,36.1,SENSING
2111.45,-4488.546,2165.064,5088.369,-5.827,-1.813,-4.287,36.1,MANEUVERING
2111.45,-4488.546,2165.064,5088.369,-5.827,-1.813,-4.287,36.1,LISTENING
2120.0,-4538.147,2149.505,5051.53,-5.784,-1.833,-4.335,27.55,MANEUVERING
2120.0,-4538.147,2149.505,5051.53,-5.784,-1.833,-4.335,27.55,SENSING
2120.0,-4538.147,2149.505,5051.53,-5.784,-1.833,-4.335,27.55,MANEUVERING
2120.0,-4538.147,2149.505,5051.53,-5.784,-1.833,-4.335,27.55,LISTENING
2123.97,-4561.055,2142.222,5034.286,-5.764,-1.843,-4.357,23.58,MANEUVERING
2123.97,-4561.055,2142.222,5034.286,-5.764,-1.843,-4.357,23.58,SENSING
2123.97,-4561.055,2142.222,5034.286,-5.764,-1.843,-4.357,23.58,TRAVELING
2123.97,-4561.055,2142.222,5034.286,-5.764,-1.843,-4.357,23.58,LISTENING
2130.0,-4595.697,2131.089,5007.927,-5.734,-1.857,-4.39,23.58,TRAVELING
2130.0,-4595.697,2131.089,5007.927,-5.734,-1.857,-4.39,23.58,SENSING
2130.0,-4595.697,2131.089,5007.927,-5.734,-1.857,-4.39,23.58,MEASURING
2130.0,-4595.697,2131.089,5007.927,-5.734,-1.857,-4.39,23.58,SENSING
2130.0,-4595.697,2131.089,5007.927,-5.734,-1.857,-4.39,23.58,MANEUVERING
2130.0,-4595.697,2131.089,5007.927,-5.734,-1.857,-4.39,23.58,LISTENING
2133.57,-4616.12,2124.457,4992.227,-5.716,-1.865,-4.41,20.01,MANEUVERING
2133.57,-4616.12,2124.457,4992.227,-5.716,-1.865,-4.41,20.01,SENSING
2133.57,-4616.12,2124.457,4992.227,-5.716,-1.865,-4.41,20.01,MANEUVERING
2133.57,-4616.12,2124.457,4992.227,-5.716,-1.865,-4.41,20.01,LISTENING
2137.01,-4635.738,2118.039,4977.032,-5.698,-1.873,-4.429,16.57,MANEUVERING
2137.01,-4635.738,2118.039,4977.032,-5.698,-1.873,-4.429,16.57,SENSING
2137.01,-4635.738,2118.039,4977.032,-5.698,-1.873,-4.429,16.57,TRAVELING
2137.01,-4635.738,2118.039,4977.032,-5.698,-1.873,-4.429,16.57,SENSING
2137.01,-4635.738,2118.039,4977.032,-5.698,-1.873,-4.429,16.57,LISTENING
2140.0,-4652.741,2112.438,4963.773,-5.683,-1.88,-4.445,16.57,SENSING
2140.0,-4652.741,2112.438,4963.773,-5.683,-1.88,-4.445,16.57,MEASURING
2140.0,-4652.741,2112.438,4963.773,-5.683,-1.88,-4.445,16.57,SENSING
2140.0,-4652.741,2112.438,4963.773,-5.683,-1.88,-4.445,16.57,MANEUVERING
2140.0,-4652.741,2112.438,4963.773,-5.683,-1.88,-4.445,16.57,LISTENING
2141.43,-4660.856,2109.752,4957.414,-5.676,-1.884,-4.453,15.14,MANEUVERING
2141.43,-4660.856,2109.752,4957.414,-5.676,-1.884,-4.453,15.14,SENSING
2141.43,-4660.856,2109.752,4957.414,-5.676,-1.884,-4.453,15.14,MANEUVERING
2141.43,-4660.856,2109.752,4957.414,-5.676,-1.884,-4.453,15.14,LISTENING
2150.0,-4709.272,2093.556,4919.072,-5.631,-1.903,-4.5,6.57,MANEUVERING
2150.0,-4709.272,2093.556,4919.072,-5.631,-1.903,-4.5,6.57,SENSING
2150.0,-4709.272,2093.556,4919.072,-5.631,-1.903,-4.5,6.57,MANEUVERING
2150.0,-4709.272,2093.556,4919.072,-5.631,-1.903,-4.5,6.57,LISTENING
2152.91,-4725.625,2088.018,4905.962,-5.616,-1.91,-4.515,3.66,MANEUVERING
2152.91,-4725.625,2088.018,4905.962,-5.616,-1.91,-4.515,3.66,SENSING
2152.91,-4725.625,2088.018,4905.962,-5.616,-1.91,-4.515,3.66,TRAVELING
2152.91,-4725.625,2088.018,4905.962,-5.616,-1.91,-4.515,3.66,LISTENING
2160.0,-4765.285,2074.443,4873.829,-5.579,-1.926,-4.554,3.66,TRAVELING
2160.0,-4765.285,2074.443,4873.829,-5.579,-1.926,-4.554,3.66,SENSING
2160.0,-4765.285,2074.443,4873.829,-5.579,-1.926,-4.554,3.66,MEASURING
2160.0,-4765.285,2074.443,4873.829,-5.579,-1.926,-4.554,3.66,SENSING
2160.0,-4765.285,2074.443,4873.829,-5.579,-1.926,-4.554,3.66,MANEUVERING
2160.0,-4765.285,2074.443,4873.829,-5.579,-1.926,-4.554,3.66,LISTENING
2169.48,-4817.901,2056.114,4830.443,-5.529,-1.948,-4.604,13.14,MANEUVERING
2169.48,-4817.901,2056.114,4830.443,-5.529,-1.948,-4.604,13.14,SENSING
2169.48,-4817.901,2056.114,4830.443,-5.529,-1.948,-4.604,13.14,MANEUVERING
2169.48,-4817.901,2056.114,4830.443,-5.529,-1.948,-4.604,13.14,LISTENING
2170.0,-4820.773,2055.103,4828.049,-5.526,-1.949,-4.607,13.66,MANEUVERING
2170.0,-4820.773,2055.103,4828.049,-5.526,-1.949,-4.607,13.66,SENSING
2170.0,-4820.773,2055.103,4828.049,-5.526,-1.949,-4.607,13.66,MANEUVERING
2170.0,-4820.773,2055.103,4828.049,-5.526,-1.949,-4.607,13.66,LISTENING
2173.77,-4841.555,2047.753,4810.653,-5.506,-1.957,-4.627,17.43,MANEUVERING
2173.77,-4841.555,2047.753,4810.653,-5.506,-1.957,-4.627,17.43,SENSING
2173.77,-4841.555,2047.753,4810.653,-5.506,-1.957,-4.627,17.43,MANEUVERING
2173.77,-4841.555,2047.753,4810.653,-5.506,-1.957,-4.627,17.43,LISTENING
2178.66,-4868.398,2038.172,4787.975,-5.48,-1.968,-4.653,22.32,MANEUVERING
2178.66,-4868.398,2038.172,4787.975,-5.48,-1.968,-4.653,22.32,SENSING
2178.66,-4868.398,2038.172,4787.975,-5.48,-1.968,-4.653,22.32,TRAVELING
2178.66,-4868.398,2038.172,4787.975,-5.48,-1.968,-4.653,22.32,SENSING
2178.66,-4868.398,2038.172,4787.975,-5.48,-1.968,-4.653,22.32,LISTENING
2180.0,-4875.732,2035.537,4781.739,-5.473,-1.971,-4.66,22.32,SENSING
2180.0,-4875.732,2035.537,4781.739,-5.473,-1.971,-4.66,22.32,MEASURING
2180.0,-4875.732,2035.537,4781.739,-5.473,-1.971,-4.66,22.32,SENSING
2180.0,-4875.732,2035.537,4781.739,-5.473,-1.971,-4.66,22.32,MANEUVERING
2180.0,-4875.732,2035.537,4781.739,-5.473,-1.971,-4.66,22.32,LISTENING
2181.64,-4884.694,2032.307,4774.093,-5.464,-1.975,-4.669,23.96,MANEUVERING
2181.64,-4884.694,2032.307,4774.093,-5.464,-1.975,-4.669,23.96,SENSING
2181.64,-4884.694,2032.307,4774.093,-5.464,-1.975,-4.669,23.96,TRAVELING
2181.64,-4884.694,2032.307,4774.093,-5.464,-1.975,-4.669,23.96,LISTENING
2190.0,-4930.153,2015.747,4734.902,-5.419,-1.994,-4.712,23.96,TRAVELING
2190.0,-4930.153,2015.747,4734.902,-5.419,-1.994,-4.712,23.96,SENSING
2190.0,-4930.153,2015.747,4734.902,-5.419,-1.994,-4.712,23.96,MEASURING
2190.0,-4930.153,2015.747,4734.902,-5.419,-1.994,-4.712,23.96,SENSING
2190.0,-4930.153,2015.747,4734.902,-5.419,-1.994,-4.712,23.96,MANEUVERING
2190.0,-4930.153,2015.747,4734.902,-5.419,-1.994,-4.712,23.96,LISTENING
2193.25,-4947.724,2009.268,4719.568,-5.401,-2.001,-4.729,27.21,MANEUVERING
2193.25,-4947.724,2009.268,4719.568,-5.401,-2.001,-4.729,27.21,SENSING
2193.25,-4947.724,2009.268,4719.568,-5.401,-2.001,-4.729,27.21,TRAVELING
2193.25,-4947.724,2009.268,4719.568,-5.401,-2.001,-4.729,27.21,LISTENING
2200.0,-4984.033,1995.737,4687.544,-5.365,-2.016,-4.764,27.21,TRAVELING
2200.0,-4984.033,1995.737,4687.544,-5.365,-2.016,-4.764,27.21,SENSING
2200.0,-4984.033,1995.737,4687.544,-5.365,-2.016,-4.764,27.21,MEASURING
2200.0,-4984.033,1995.737,4687.544,-5.365,-2.016,-4.764,27.21,SENSING
2200.0,-4984.033,1995.737,4687.544,-5.365,-2.016,-4.764,27.21,MANEUVERING
2200.0,-4984.033,1995.737,4687.544,-5.365,-2.016,-4.764,27.21,LISTENING
2201.82,-4993.781,1992.071,4678.869,-5.355,-2.02,-4.773,29.03,MANEUVERING
2201.82,-4993.781,1992.071,4678.869,-5.355,-2.02,-4.773,29.03,SENSING
2201.82,-4993.781,1992.071,4678.869,-5.355,-2.02,-4.773,29.03,TRAVELING
2201.82,-4993.781,1992.071,4678.869,-5.355,-2.02,-4.773,29.03,LISTENING
2209.9,-5036.834,1975.711,4640.152,-5.31,-2.037,-4.815,29.03,TRAVELING
2209.9,-5036.834,1975.711,4640.152,-5.31,-2.037,-4.815,29.03,SENSING
2209.9,-5036.834,1975.711,4640.152,-5.31,-2.037,-4.815,29.03,LISTENING
2210.0,-5037.365,1975.508,4639.671,-5.309,-2.038,-4.815,29.03,SENSING
2210.0,-5037.365,1975.508,4639.671,-5.309,-2.038,-4.815,29.03,MEASURING
2210.0,-5037.365,1975.508,4639.671,-5.309,-2.038,-4.815,29.03,SENSING
2210.0,-5037.365,1975.508,4639.671,-5.309,-2.038,-4.815,29.03,MANEUVERING
2210.0,-5037.365,1975.508,4639.671,-5.309,-2.038,-4.815,29.03,LISTENING
2210.08,-5037.789,1975.345,4639.286,-5.309,-2.038,-4.816,29.11,MANEUVERING
2210.08,-5037.789,1975.345,4639.286,-5.309,-2.038,-4.816,29.11,SENSING
2210.08,-5037.789,1975.345,4639.286,-5.309,-2.038,-4.816,29.11,TRAVELING
2210.08,-5037.789,1975.345,4639.286,-5.309,-2.038,-4.816,29.11,LISTENING
2214.92,-5063.401,1965.475,4615.93,-5.282,-2.048,-4.84,29.11,TRAVELING
2214.92,-5063.401,1965.475,4615.93,-5.282,-2.048,-4.84,29.11,SENSING
2214.92,-5063.401,1965.475,4615.93,-5.282,-2.048,-4.84,29.11,LISTENING
2220.0,-5090.143,1955.062,4591.287,-5.254,-2.059,-4.866,29.11,SENSING
2220.0,-5090.143,1955.062,4591.287,-5.254,-2.059,-4.866,29.11,MEASURING
2220.0,-5090.143,1955.062,4591.287,-5.254,-2.059,-4.866,29.11,SENSING
2220.0,-5090.143,1955.062,4591.287,-5.254,-2.059,-4.866,29.11,MANEUVERING
2220.0,-5090.143,1955.062,4591.287,-5.254,-2.059,-4.866,29.11,LISTENING
2227.48,-5129.256,1939.628,4554.766,-5.212,-2.075,-4.904,21.63,MANEUVERING
2227.48,-5129.256,1939.628,4554.766,-5.212,-2.075,-4.904,21.63,SENSING
2227.48,-5129.256,1939.628,4554.766,-5.212,-2.075,-4.904,21.63,TRAVELING
2227.48,-5129.256,1939.628,4554.766,-5.212,-2.075,-4.904,21.63,SENSING
2227.48,-5129.256,1939.628,4554.766,-5.212,-2.075,-4.904,21.63,LISTENING
2230.0,-5142.362,1934.401,4542.399,-5.197,-2.081,-4.916,21.63,SENSING
2230.0,-5142.362,1934.401,4542.399,-5.197,-2.081,-4.916,21.63,MEASURING
2230.0,-5142.362,1934.401,4542.399,-5.197,-2.081,-4.916,21.63,SENSING
2230.0,-5142.362,1934.401,4542.399,-5.197,-2.081,-4.916,21.63,MANEUVERING
2230.0,-5142.362,1934.401,4542.399,-5.197,-2.081,-4.916,21.63,LISTENING
2230.3,-5143.92,1933.778,4540.925,-5.196,-2.081,-4.918,21.33,MANEUVERING
2230.3,-5143.92,1933.778,4540.925,-5.196,-2.081,-4.918,21.33,SENSING
2230.3,-5143.92,1933.778,4540.925,-5.196,-2.081,-4.918,21.33,MANEUVERING
2230.3,-5143.92,1933.778,4540.925,-5.196,-2.081,-4.918,21.33,LISTENING
2233.15,-5158.694,1927.849,4526.896,-5.18,-2.087,-4.932,18.48,MANEUVERING
2233.15,-5158.694,1927.849,4526.896,-5.18,-2.087,-4.932,18.48,SENSING
2233.15,-5158.694,1927.849,4526.896,-5.18,-2.087,-4.932,18.48,TRAVELING
2233.15,-5158.694,1927.849,4526.896,-5.18,-2.087,-4.932,18.48,LISTENING
2240.0,-5194.016,1913.529,4493.012,-5.141,-2.102,-4.966,18.48,TRAVELING
2240.0,-5194.016,1913.529,4493.012,-5.141,-2.102,-4.966,18.48,SENSING
2240.0,-5194.016,1913.529,4493.012,-5.141,-2.102,-4.966,18.48,MEASURING
2240.0,-5194.016,1913.529,4493.012,-5.141,-2.102,-4.966,18.48,SENSING
2240.0,-5194.016,1913.529,4493.012,-5.141,-2.102,-4.966,18.48,MANEUVERING
2240.0,-5194.016,1913.529,4493.012,-5.141,-2.102,-4.966,18.48,LISTENING
2249.9,-5244.591,1892.658,4443.631,-5.084,-2.122,-5.015,28.38,MANEUVERING
2249.9,-5244.591,1892.658,4443.631,-5.084,-2.122,-5.015,28.38,SENSING
2249.9,-5244.591,1892.658,4443.631,-5.084,-2.122,-5.015,28.38,MANEUVERING
2249.9,-5244.591,1892.658,4443.631,-5.084,-2.122,-5.015,28.38,LISTENING
2260.0,-5295.606,1871.157,4392.761,-5.025,-2.143,-5.064,38.48,MANEUVERING
2260.0,-5295.606,1871.157,4392.761,-5.025,-2.143,-5.064,38.48,SENSING
2260.0,-5295.606,1871.157,4392.761,-5.025,-2.143,-5.064,38.48,MANEUVERING
2260.0,-5295.606,1871.157,4392.761,-5.025,-2.143,-5.064,38.48,LISTENING
2260.09,-5296.058,1870.964,4392.305,-5.025,-2.143,-5.064,38.57,MANEUVERING
2260.09,-5296.058,1870.964,4392.305,-5.025,-2.143,-5.064,38.57,SENSING
2260.09,-5296.058,1870.964,4392.305,-5.025,-2.143,-5.064,38.57,MANEUVERING
2260.09,-5296.058,1870.964,4392.305,-5.025,-2.143,-5.064,38.57,LISTENING
2270.0,-5345.532,1849.663,4341.909,-4.967,-2.164,-5.112,48.48,MANEUVERING
2270.0,-5345.532,1849.663,4341.909,-4.967,-2.164,-5.112,48.48,SENSING
2270.0,-5345.532,1849.663,4341.909,-4.967,-2.164,-5.112,48.48,MANEUVERING
2270.0,-5345.532,1849.663,4341.909,-4.967,-2.164,-5.112,48.48,LISTENING
2271.1,-5350.988,1847.286,4336.286,-4.96,-2.166,-5.117,49.58,MANEUVERING
2271.1,-5350.988,1847.286,4336.286,-4.96,-2.166,-5.117,49.58,SENSING
2271.1,-5350.988,1847.286,4336.286,-4.96,-2.166,-5.117,49.58,TRAVELING
2271.1,-5350.988,1847.286,4336.286,-4.96,-2.166,-5.117,49.58,LISTENING
2274.41,-5367.363,1840.119,4319.332,-4.941,-2.173,-5.133,49.58,TRAVELING
2274.41,-5367.363,1840.119,4319.332,-4.941,-2.173,-5.133,49.58,SENSING
2274.41,-5367.363,1840.119,4319.332,-4.941,-2.173,-5.133,49.58,TRAVELING
2274.41,-5367.363,1840.119,4319.332,-4.941,-2.173,-5.133,49.58,LISTENING
2280.0,-5394.871,1827.966,4290.58,-4.908,-2.184,-5.159,49.58,TRAVELING
2280.0,-5394.871,1827.966,4290.58,-4.908,-2.184,-5.159,49.58,SENSING
2280.0,-5394.871,1827.966,4290.58,-4.908,-2.184,-5.159,49.58,MEASURING
2280.0,-5394.871,1827.966,4290.58,-4.908,-2.184,-5.159,49.58,SENSING
2280.0,-5394.871,1827.966,4290.58,-4.908,-2.184,-5.159,49.58,MANEUVERING
2280.0,-5394.871,1827.966,4290.58,-4.908,-2.184,-5.159,49.58,LISTENING
2284.24,-5415.612,1818.705,4268.674,-4.883,-2.192,-5.179,53.82,MANEUVERING
2284.24,-5415.612,1818.705,4268.674,-4.883,-2.192,-5.179,53.82,SENSING
2284.24,-5415.612,1818.705,4268.674,-4.883,-2.192,-5.179,53.82,TRAVELING
2284.24,-5415.612,1818.705,4268.674,-4.883,-2.192,-5.179,53.82,LISTENING
2284.62,-5417.466,1817.874,4266.707,-4.88,-2.193,-5.181,53.82,TRAVELING
2284.62,-5417.466,1817.874,4266.707,-4.88,-2.193,-5.181,53.82,SENSING
2284.62,-5417.466,1817.874,4266.707,-4.88,-2.193,-5.181,53.82,TRAVELING
2284.62,-5417.466,1817.874,4266.707,-4.88,-2.193,-5.181,53.82,LISTENING
2290.0,-5443.618,1806.068,4238.78,-4.848,-2.204,-5.206,53.82,TRAVELING
2290.0,-5443.618,1806.068,4238.78,-4.848,-2.204,-5.206,53.82,SENSING
2290.0,-5443.618,1806.068,4238.78,-4.848,-2.204,-5.206,53.82,MEASURING
2290.0,-5443.618,1806.068,4238.78,-4.848,-2.204,-5.206,53.82,SENSING
2290.0,-5443.618,1806.068,4238.78,-4.848,-2.204,-5.206,53.82,MANEUVERING
2290.0,-5443.618,1806.068,4238.78,-4.848,-2.204,-5.206,53.82,LISTENING
2290.9,-5447.976,1804.088,4234.096,-4.843,-2.206,-5.21,52.92,MANEUVERING
2290.9,-5447.976,1804.088,4234.096,-4.843,-2.206,-5.21,52.92,SENSING
2290.9,-5447.976,1804.088,4234.096,-4.843,-2.206,-5.21,52.92,TRAVELING
2290.9,-5447.976,1804.088,4234.096,-4.843,-2.206,-5.21,52.92,LISTENING
2296.75,-5476.185,1791.176,4203.552,-4.808,-2.217,-5.237,52.92,TRAVELING
2296.75,-5476.185,1791.176,4203.552,-4.808,-2.217,-5.237,52.92,SENSING
2296.75,-5476.185,1791.176,4203.552,-4.808,-2.217,-5.237,52.92,TRAVELING
2296.75,-5476.185,1791.176,4203.552,-4.808,-2.217,-5.237,52.92,LISTENING
2300.0,-5491.768,1783.973,4186.515,-4.788,-2.223,-5.252,52.92,TRAVELING
2300.0,-5491.768,1783.973,4186.515,-4.788,-2.223,-5.252,52.92,SENSING
2300.0,-5491.768,1783.973,4186.515,-4.788,-2.223,-5.252,52.92,TRAVELING
2300.0,-5491.768,1783.973,4186.515,-4.788,-2.223,-5.252,52.92,LISTENING
2307.81,-5528.954,1766.581,4145.376,-4.741,-2.239,-5.288,52.92,TRAVELING
2307.81,-5528.954,1766.581,4145.376,-4.741,-2.239,-5.288,52.92,SENSING
2307.81,-5528.954,1766.581,4145.376,-4.741,-2.239,-5.288,52.92,LISTENING
2310.0,-5539.315,1761.683,4133.791,-4.728,-2.243,-5.298,52.92,SENSING
2310.0,-5539.315,1761.683,4133.791,-4.728,-2.243,-5.298,52.92,MEASURING
2310.0,-5539.315,1761.683,4133.791,-4.728,-2.243,-5.298,52.92,SENSING
2310.0,-5539.315,1761.683,4133.791,-4.728,-2.243,-5.298,52.92,MANEUVERING
2310.0,-5539.315,1761.683,4133.791,-4.728,-2.243,-5.298,52.92,LISTENING
2310.72,-5542.715,1760.071,4129.977,-4.723,-2.244,-5.301,53.64,MANEUVERING
2310.72,-5542.715,1760.071,4129.977,-4.723,-2.244,-5.301,53.64,SENSING
2310.72,-5542.715,1760.071,4129.977,-4.723,-2.244,-5.301,53.64,TRAVELING
2310.72,-5542.715,1760.071,4129.977,-4.723,-2.244,-5.301,53.64,LISTENING
2315.16,-5563.612,1750.106,4106.407,-4.696,-2.253,-5.321,53.64,TRAVELING
2315.16,-5563.612,1750.106,4106.407,-4.696,-2.253,-5.321,53.64,SENSING
2315.16,-5563.612,1750.106,4106.407,-4.696,-2.253,-5.321,53.64,LISTENING
2320.0,-5586.254,1739.2,4080.613,-4.667,-2.262,-5.343,53.64,SENSING
2320.0,-5586.254,1739.2,4080.613,-4.667,-2.262,-5.343,53.64,MEASURING
2320.0,-5586.254,1739.2,4080.613,-4.667,-2.262,-5.343,53.64,SENSING
2320.0,-5586.254,1739.2,4080.613,-4.667,-2.262,-5.343,53.64,MANEUVERING
2320.0,-5586.254,1739.2,4080.613,-4.667,-2.262,-5.343,53.64,LISTENING
2320.67,-5589.377,1737.687,4077.034,-4.663,-2.263,-5.346,52.97,MANEUVERING
2320.67,-5589.377,1737.687,4077.034,-4.663,-2.263,-5.346,52.97,SENSING
2320.67,-5589.377,1737.687,4077.034,-4.663,-2.263,-5.346,52.97,TRAVELING
2320.67,-5589.377,1737.687,4077.034,-4.663,-2.263,-5.346,52.97,LISTENING
2325.28,-5610.792,1727.252,4052.354,-4.634,-2.272,-5.367,52.97,TRAVELING
2325.28,-5610.792,1727.252,4052.354,-4.634,-2.272,-5.367,52.97,SENSING
2325.28,-5610.792,1727.252,4052.354,-4.634,-2.272,-5.367,52.97,LISTENING
2330.0,-5632.581,1716.527,4026.987,-4.605,-2.281,-5.388,52.97,SENSING
2330.0,-5632.581,1716.527,4026.987,-4.605,-2.281,-5.388,52.97,MEASURING
2330.0,-5632.581,1716.527,4026.987,-4.605,-2.281,-5.388,52.97,SENSING
2330.0,-5632.581,1716.527,4026.987,-4.605,-2.281,-5.388,52.97,MANEUVERING
2330.0,-5632.581,1716.527,4026.987,-4.605,-2.281,-5.388,52.97,LISTENING
2334.19,-5651.809,1706.971,4004.386,-4.579,-2.289,-5.406,48.78,MANEUVERING
2334.19,-5651.809,1706.971,4004.386,-4.579,-2.289,-5.406,48.78,SENSING
2334.19,-5651.809,1706.971,4004.386,-4.579,-2.289,-5.406,48.78,MANEUVERING
2334.19,-5651.809,1706.971,4004.386,-4.579,-2.289,-5.406,48.78,LISTENING
2338.0,-5669.198,1698.253,3983.768,-4.556,-2.296,-5.423,44.97,MANEUVERING
2338.0,-5669.198,1698.253,3983.768,-4.556,-2.296,-5.423,44.97,SENSING
2338.0,-5669.198,1698.253,3983.768,-4.556,-2.296,-5.423,44.97,TRAVELING
2338.0,-5669.198,1698.253,3983.768,-4.556,-2.296,-5.423,44.97,SENSING
2338.0,-5669.198,1698.253,3983.768,-4.556,-2.296,-5.423,44.97,LISTENING
2340.0,-5678.29,1693.666,3972.919,-4.543,-2.3,-5.431,44.97,SENSING
2340.0,-5678.29,1693.666,3972.919,-4.543,-2.3,-5.431,44.97,MEASURING
2340.0,-5678.29,1693.666,3972.919,-4.543,-2.3,-5.431,44.97,SENSING
2340.0,-5678.29,1693.666,3972.919,-4.543,-2.3,-5.431,44.97,MANEUVERING
2340.0,-5678.29,1693.666,3972.919,-4.543,-2.3,-5.431,44.97,LISTENING
2342.05,-5687.584,1688.956,3961.782,-4.53,-2.304,-5.44,47.02,MANEUVERING
2342.05,-5687.584,1688.956,3961.782,-4.53,-2.304,-5.44,47.02,SENSING
2342.05,-5687.584,1688.956,3961.782,-4.53,-2.304,-5.44,47.02,TRAVELING
2342.05,-5687.584,1688.956,3961.782,-4.53,-2.304,-5.44,47.02,LISTENING
2350.0,-5723.377,1670.619,3918.416,-4.481,-2.318,-5.475,47.02,TRAVELING
2350.0,-5723.377,1670.619,3918.416,-4.481,-2.318,-5.475,47.02,SENSING
2350.0,-5723.377,1670.619,3918.416,-4.481,-2.318,-5.475,47.02,MEASURING
2350.0,-5723.377,1670.619,3918.416,-4.481,-2.318,-5.475,47.02,SENSING
2350.0,-5723.377,1670.619,3918.416,-4.481,-2.318,-5.475,47.02,MANEUVERING
2350.0,-5723.377,1670.619,3918.416,-4.481,-2.318,-5.475,47.02,LISTENING
2355.75,-5749.019,1657.285,3886.882,-4.444,-2.329,-5.499,52.77,MANEUVERING
2355.75,-5749.019,1657.285,3886.882,-4.444,-2.329,-5.499,52.77,SENSING
2355.75,-5749.019,1657.285,3886.882,-4.444,-2.329,-5.499,52.77,TRAVELING
2355.75,-5749.019,1657.285,3886.882,-4.444,-2.329,-5.499,52.77,SENSING
2355.75,-5749.019,1657.285,3886.882,-4.444,-2.329,-5.499,52.77,LISTENING
2360.0,-5767.837,1647.39,3863.483,-4.418,-2.336,-5.517,52.77,SENSING
2360.0,-5767.837,1647.39,3863.483,-4.418,-2.336,-5.517,52.77,MEASURING
2360.0,-5767.837,1647.39,3863.483,-4.418,-2.336,-5.517,52.77,SENSING
2360.0,-5767.837,1647.39,3863.483,-4.418,-2.336,-5.517,52.77,MANEUVERING
2360.0,-5767.837,1647.39,3863.483,-4.418,-2.336,-5.517,52.77,LISTENING
2362.29,-5777.929,1642.045,3850.844,-4.403,-2.34,-5.527,50.48,MANEUVERING
2362.29,-5777.929,1642.045,3850.844,-4.403,-2.34,-5.527,50.48,SENSING
2362.29,-5777.929,1642.045,3850.844,-4.403,-2.34,-5.527,50.48,MANEUVERING
2362.29,-5777.929,1642.045,3850.844,-4.403,-2.34,-5.527,50.48,LISTENING
2370.0,-5811.665,1623.981,3808.127,-4.354,-2.354,-5.559,42.77,MANEUVERING
2370.0,-5811.665,1623.981,3808.127,-4.354,-2.354,-5.559,42.77,SENSING
2370.0,-5811.665,1623.981,3808.127,-4.354,-2.354,-5.559,42.77,MANEUVERING
2370.0,-5811.665,1623.981,3808.127,-4.354,-2.354,-5.559,42.77,LISTENING
2374.94,-5833.081,1612.351,3780.626,-4.323,-2.363,-5.58,37.83,MANEUVERING
2374.94,-5833.081,1612.351,3780.626,-4.323,-2.363,-5.58,37.83,SENSING
2374.94,-5833.081,1612.351,3780.626,-4.323,-2.363,-5.58,37.83,TRAVELING
2374.94,-5833.081,1612.351,3780.626,-4.323,-2.363,-5.58,37.83,LISTENING
2378.82,-5849.792,1603.187,3758.956,-4.298,-2.37,-5.596,37.83,TRAVELING
2378.82,-5849.792,1603.187,3758.956,-4.298,-2.37,-5.596,37.83,SENSING
2378.82,-5849.792,1603.187,3758.956,-4.298,-2.37,-5.596,37.83,TRAVELING
2378.82,-5849.792,1603.187,3758.956,-4.298,-2.37,-5.596,37.83,LISTENING
2380.0,-5854.855,1600.394,3752.353,-4.29,-2.372,-5.601,37.83,TRAVELING
2380.0,-5854.855,1600.394,3752.353,-4.29,-2.372,-5.601,37.83,SENSING
2380.0,-5854.855,1600.394,3752.353,-4.29,-2.372,-5.601,37.83,TRAVELING
2380.0,-5854.855,1600.394,3752.353,-4.29,-2.372,-5.601,37.83,LISTENING
2385.28,-5877.402,1587.87,3722.738,-4.256,-2.381,-5.623,37.83,TRAVELING
2385.28,-5877.402,1587.87,3722.738,-4.256,-2.381,-5.623,37.83,SENSING
2385.28,-5877.402,1587.87,3722.738,-4.256,-2.381,-5.623,37.83,TRAVELING
2385.28,-5877.402,1587.87,3722.738,-4.256,-2.381,-5.623,37.83,LISTENING
2390.0,-5897.405,1576.633,3696.168,-4.226,-2.389,-5.642,37.83,TRAVELING
2390.0,-5897.405,1576.633,3696.168,-4.226,-2.389,-5.642,37.83,SENSING
2390.0,-5897.405,1576.633,3696.168,-4.226,-2.389,-5.642,37.83,TRAVELING
2390.0,-5897.405,1576.633,3696.168,-4.226,-2.389,-5.642,37.83,LISTENING
2396.91,-5926.43,1560.113,3657.107,-4.181,-2.401,-5.67,37.83,TRAVELING
2396.91,-5926.43,1560.113,3657.107,-4.181,-2.401,-5.67,37.83,SENSING
2396.91,-5926.43,1560.113,3657.107,-4.181,-2.401,-5.67,37.83,TRAVELING
2396.91,-5926.43,1560.113,3657.107,-4.181,-2.401,-5.67,37.83,LISTENING
2400.0,-5939.309,1552.699,3639.578,-4.161,-2.406,-5.682,37.83,TRAVELING
2400.0,-5939.309,1552.699,3639.578,-4.161,-2.406,-5.682,37.83,SENSING
2400.0,-5939.309,1552.699,3639.578,-4.161,-2.406,-5.682,37.83,TRAVELING
2400.0,-5939.309,1552.699,3639.578,-4.161,-2.406,-5.682,37.83,LISTENING
2411.52,-5986.775,1524.917,3573.893,-4.086,-2.426,-5.728,37.83,TRAVELING
2411.52,-5986.775,1524.917,3573.893,-4.086,-2.426,-5.728,37.83,SENSING
2411.52,-5986.775,1524.917,3573.893,-4.086,-2.426,-5.728,37.83,TRAVELING
2411.52,-5986.775,1524.917,3573.893,-4.086,-2.426,-5.728,37.83,LISTENING
2420.0,-6021.16,1504.325,3525.209,-4.03,-2.44,-5.76,37.83,TRAVELING
2420.0,-6021.16,1504.325,3525.209,-4.03,-2.44,-5.76,37.83,SENSING
2420.0,-6021.16,1504.325,3525.209,-4.03,-2.44,-5.76,37.83,MEASURING
2420.0,-6021.16,1504.325,3525.209,-4.03,-2.44,-5.76,37.83,SENSING
2420.0,-6021.16,1504.325,3525.209,-4.03,-2.44,-5.76,37.83,MANEUVERING
2420.0,-6021.16,1504.325,3525.209,-4.03,-2.44,-5.76,37.83,LISTENING
2421.62,-6027.676,1500.378,3515.876,-4.019,-2.443,-5.767,36.21,MANEUVERING
2421.62,-6027.676,1500.378,3515.876,-4.019,-2.443,-5.767,36.21,SENSING
2421.62,-6027.676,1500.378,3515.876,-4.019,-2.443,-5.767,36.21,TRAVELING
2421.62,-6027.676,1500.378,3515.876,-4.019,-2.443,-5.767,36.21,LISTENING
2430.0,-6061.1,1479.89,3467.441,-3.964,-2.456,-5.799,36.21,TRAVELING
2430.0,-6061.1,1479.89,3467.441,-3.964,-2.456,-5.799,36.21,SENSING
2430.0,-6061.1,1479.89,3467.441,-3.964,-2.456,-5.799,36.21,MEASURING
2430.0,-6061.1,1479.89,3467.441,-3.964,-2.456,-5.799,36.21,SENSING
2430.0,-6061.1,1479.89,3467.441,-3.964,-2.456,-5.799,36.21,MANEUVERING
2430.0,-6061.1,1479.89,3467.441,-3.964,-2.456,-5.799,36.21,LISTENING
2430.61,-6063.515,1478.395,3463.906,-3.96,-2.457,-5.801,36.82,MANEUVERING
2430.61,-6063.515,1478.395,3463.906,-3.96,-2.457,-5.801,36.82,SENSING
2430.61,-6063.515,1478.395,3463.906,-3.96,-2.457,-5.801,36.82,TRAVELING
2430.61,-6063.515,1478.395,3463.906,-3.96,-2.457,-5.801,36.82,LISTENING
2450.0,-6138.984,1430.539,3350.775,-3.83,-2.488,-5.873,36.82,TRAVELING
2450.0,-6138.984,1430.539,3350.775,-3.83,-2.488,-5.873,36.82,SENSING
2450.0,-6138.984,1430.539,3350.775,-3.83,-2.488,-5.873,36.82,MEASURING
2450.0,-6138.984,1430.539,3350.775,-3.83,-2.488,-5.873,36.82,SENSING
2450.0,-6138.984,1430.539,3350.775,-3.83,-2.488,-5.873,36.82,MANEUVERING
2450.0,-6138.984,1430.539,3350.775,-3.83,-2.488,-5.873,36.82,LISTENING
2462.41,-6185.963,1399.601,3277.642,-3.746,-2.507,-5.919,49.23,MANEUVERING
2462.41,-6185.963,1399.601,3277.642,-3.746,-2.507,-5.919,49.23,SENSING
2462.41,-6185.963,1399.601,3277.642,-3.746,-2.507,-5.919,49.23,TRAVELING
2462.41,-6185.963,1399.601,3277.642,-3.746,-2.507,-5.919,49.23,LISTENING
2470.0,-6214.182,1380.563,3232.641,-3.695,-2.519,-5.946,49.23,TRAVELING
2470.0,-6214.182,1380.563,3232.641,-3.695,-2.519,-5.946,49.23,SENSING
2470.0,-6214.182,1380.563,3232.641,-3.695,-2.519,-5.946,49.23,TRAVELING
2470.0,-6214.182,1380.563,3232.641,-3.695,-2.519,-5.946,49.23,LISTENING
2540.0,-6455.767,1201.047,2808.38,-3.21,-2.618,-6.177,49.23,TRAVELING
2540.0,-6455.767,1201.047,2808.38,-3.21,-2.618,-6.177,49.23,SENSING
2540.0,-6455.767,1201.047,2808.38,-3.21,-2.618,-6.177,49.23,MEASURING
2540.0,-6455.767,1201.047,2808.38,-3.21,-2.618,-6.177,49.23,SENSING
2540.0,-6455.767,1201.047,2808.38,-3.21,-2.618,-6.177,49.23,MANEUVERING
2540.0,-6455.767,1201.047,2808.38,-3.21,-2.618,-6.177,49.23,LISTENING
2540.43,-6457.145,1199.924,2805.725,-3.206,-2.618,-6.178,48.8,MANEUVERING
2540.43,-6457.145,1199.924,2805.725,-3.206,-2.618,-6.178,48.8,SENSING
2540.43,-6457.145,1199.924,2805.725,-3.206,-2.618,-6.178,48.8,TRAVELING
2540.43,-6457.145,1199.924,2805.725,-3.206,-2.618,-6.178,48.8,LISTENING
2542.82,-6464.783,1193.674,2790.958,-3.19,-2.621,-6.186,48.8,TRAVELING
2542.82,-6464.783,1193.674,2790.958,-3.19,-2.621,-6.186,48.8,SENSING
2542.82,-6464.783,1193.674,2790.958,-3.19,-2.621,-6.186,48.8,TRAVELING
2542.82,-6464.783,1193.674,2790.958,-3.19,-2.621,-6.186,48.8,LISTENING
2550.0,-6487.486,1174.856,2746.489,-3.139,-2.631,-6.207,48.8,TRAVELING
2550.0,-6487.486,1174.856,2746.489,-3.139,-2.631,-6.207,48.8,SENSING
2550.0,-6487.486,1174.856,2746.489,-3.139,-2.631,-6.207,48.8,TRAVELING
2550.0,-6487.486,1174.856,2746.489,-3.139,-2.631,-6.207,48.8,LISTENING
2550.94,-6490.431,1172.387,2740.656,-3.132,-2.632,-6.21,48.8,TRAVELING
2550.94,-6490.431,1172.387,2740.656,-3.132,-2.632,-6.21,48.8,SENSING
2550.94,-6490.431,1172.387,2740.656,-3.132,-2.632,-6.21,48.8,TRAVELING
2550.94,-6490.431,1172.387,2740.656,-3.132,-2.632,-6.21,48.8,LISTENING
2560.0,-6518.496,1148.536,2684.299,-3.068,-2.643,-6.237,48.8,TRAVELING
2560.0,-6518.496,1148.536,2684.299,-3.068,-2.643,-6.237,48.8,SENSING
2560.0,-6518.496,1148.536,2684.299,-3.068,-2.643,-6.237,48.8,TRAVELING
2560.0,-6518.496,1148.536,2684.299,-3.068,-2.643,-6.237,48.8,LISTENING
2560.05,-6518.649,1148.404,2683.987,-3.067,-2.643,-6.237,48.8,TRAVELING
2560.05,-6518.649,1148.404,2683.987,-3.067,-2.643,-6.237,48.8,SENSING
2560.05,-6518.649,1148.404,2683.987,-3.067,-2.643,-6.237,48.8,TRAVELING
2560.05,-6518.649,1148.404,2683.987,-3.067,-2.643,-6.237,48.8,LISTENING
2570.0,-6548.794,1122.091,2621.815,-2.996,-2.656,-6.266,48.8,TRAVELING
2570.0,-6548.794,1122.091,2621.815,-2.996,-2.656,-6.266,48.8,SENSING
2570.0,-6548.794,1122.091,2621.815,-2.996,-2.656,-6.266,48.8,MEASURING
2570.0,-6548.794,1122.091,2621.815,-2.996,-2.656,-6.266,48.8,SENSING
2570.0,-6548.794,1122.091,2621.815,-2.996,-2.656,-6.266,48.8,MANEUVERING
2570.0,-6548.794,1122.091,2621.815,-2.996,-2.656,-6.266,48.8,LISTENING
2570.47,-6550.2,1120.845,2618.871,-2.993,-2.656,-6.267,49.27,MANEUVERING
2570.47,-6550.2,1120.845,2618.871,-2.993,-2.656,-6.267,49.27,SENSING
2570.47,-6550.2,1120.845,2618.871,-2.993,-2.656,-6.267,49.27,MANEUVERING
2570.47,-6550.2,1120.845,2618.871,-2.993,-2.656,-6.267,49.27,LISTENING
2570.91,-6551.516,1119.679,2616.114,-2.99,-2.657,-6.269,49.71,MANEUVERING
2570.91,-6551.516,1119.679,2616.114,-2.99,-2.657,-6.269,49.71,SENSING
2570.91,-6551.516,1119.679,2616.114,-2.99,-2.657,-6.269,49.71,TRAVELING
2570.91,-6551.516,1119.679,2616.114,-2.99,-2.657,-6.269,49.71,LISTENING
2580.0,-6578.377,1095.524,2559.044,-2.925,-2.668,-6.294,49.71,TRAVELING
2580.0,-6578.377,1095.524,2559.044,-2.925,-2.668,-6.294,49.71,SENSING
2580.0,-6578.377,1095.524,2559.044,-2.925,-2.668,-6.294,49.71,MEASURING
2580.0,-6578.377,1095.524,2559.044,-2.925,-2.668,-6.294,49.71,SENSING
2580.0,-6578.377,1095.524,2559.044,-2.925,-2.668,-6.294,49.71,MANEUVERING
2580.0,-6578.377,1095.524,2559.044,-2.925,-2.668,-6.294,49.71,LISTENING
2580.43,-6579.633,1094.379,2556.339,-2.921,-2.668,-6.296,50.14,MANEUVERING
2580.43,-6579.633,1094.379,2556.339,-2.921,-2.668,-6.296,50.14,SENSING
2580.43,-6579.633,1094.379,2556.339,-2.921,-2.668,-6.296,50.14,TRAVELING
2580.43,-6579.633,1094.379,2556.339,-2.921,-2.668,-6.296,50.14,LISTENING
2581.89,-6583.887,1090.49,2547.149,-2.911,-2.67,-6.3,50.14,TRAVELING
2581.89,-6583.887,1090.49,2547.149,-2.911,-2.67,-6.3,50.14,SENSING
2581.89,-6583.887,1090.49,2547.149,-2.911,-2.67,-6.3,50.14,TRAVELING
2581.89,-6583.887,1090.49,2547.149,-2.911,-2.67,-6.3,50.14,LISTENING
2590.0,-6607.241,1068.838,2495.994,-2.852,-2.68,-6.322,50.14,TRAVELING
2590.0,-6607.241,1068.838,2495.994,-2.852,-2.68,-6.322,50.14,SENSING
2590.0,-6607.241,1068.838,2495.994,-2.852,-2.68,-6.322,50.14,MEASURING
2590.0,-6607.241,1068.838,2495.994,-2.852,-2.68,-6.322,50.14,SENSING
2590.0,-6607.241,1068.838,2495.994,-2.852,-2.68,-6.322,50.14,MANEUVERING
2590.0,-6607.241,1068.838,2495.994,-2.852,-2.68,-6.322,50.14,LISTENING
2591.89,-6612.616,1063.781,2484.047,-2.839,-2.682,-6.327,52.03,MANEUVERING
2591.89,-6612.616,1063.781,2484.047,-2.839,-2.682,-6.327,52.03,SENSING
2591.89,-6612.616,1063.781,2484.047,-2.839,-2.682,-6.327,52.03,TRAVELING
2591.89,-6612.616,1063.781,2484.047,-2.839,-2.682,-6.327,52.03,LISTENING
2592.92,-6615.534,1061.023,2477.532,-2.831,-2.683,-6.33,52.03,TRAVELING
2592.92,-6615.534,1061.023,2477.532,-2.831,-2.683,-6.33,52.03,SENSING
2592.92,-6615.534,1061.023,2477.532,-2.831,-2.683,-6.33,52.03,TRAVELING
2592.92,-6615.534,1061.023,2477.532,-2.831,-2.683,-6.33,52.03,LISTENING
2600.0,-6635.384,1042.035,2432.671,-2.78,-2.691,-6.349,52.03,TRAVELING
2600.0,-6635.384,1042.035,2432.671,-2.78,-2.691,-6.349,52.03,SENSING
2600.0,-6635.384,1042.035,2432.671,-2.78,-2.691,-6.349,52.03,MEASURING
2600.0,-6635.384,1042.035,2432.671,-2.78,-2.691,-6.349,52.03,SENSING
2600.0,-6635.384,1042.035,2432.671,-2.78,-2.691,-6.349,52.03,MANEUVERING
2600.0,-6635.384,1042.035,2432.671,-2.78,-2.691,-6.349,52.03,LISTENING
2602.85,-6643.273,1034.375,2414.575,-2.759,-2.694,-6.357,49.18,MANEUVERING
2602.85,-6643.273,1034.375,2414.575,-2.759,-2.694,-6.357,49.18,SENSING
2602.85,-6643.273,1034.375,2414.575,-2.759,-2.694,-6.357,49.18,TRAVELING
2602.85,-6643.273,1034.375,2414.575,-2.759,-2.694,-6.357,49.18,LISTENING
2605.47,-6650.472,1027.326,2397.921,-2.74,-2.697,-6.363,49.18,TRAVELING
2605.47,-6650.472,1027.326,2397.921,-2.74,-2.697,-6.363,49.18,SENSING
2605.47,-6650.472,1027.326,2397.921,-2.74,-2.697,-6.363,49.18,LISTENING
2610.0,-6662.803,1015.119,2369.083,-2.707,-2.702,-6.375,49.18,SENSING
2610.0,-6662.803,1015.119,2369.083,-2.707,-2.702,-6.375,49.18,MEASURING
2610.0,-6662.803,1015.119,2369.083,-2.707,-2.702,-6.375,49.18,SENSING
2610.0,-6662.803,1015.119,2369.083,-2.707,-2.702,-6.375,49.18,MANEUVERING
2610.0,-6662.803,1015.119,2369.083,-2.707,-2.702,-6.375,49.18,LISTENING
2615.44,-6677.413,1000.43,2334.381,-2.668,-2.708,-6.389,54.62,MANEUVERING
2615.44,-6677.413,1000.43,2334.381,-2.668,-2.708,-6.389,54.62,SENSING
2615.44,-6677.413,1000.43,2334.381,-2.668,-2.708,-6.389,54.62,TRAVELING
2615.44,-6677.413,1000.43,2334.381,-2.668,-2.708,-6.389,54.62,LISTENING
2620.0,-6689.494,988.092,2305.236,-2.635,-2.713,-6.401,54.62,TRAVELING
2620.0,-6689.494,988.092,2305.236,-2.635,-2.713,-6.401,54.62,SENSING
2620.0,-6689.494,988.092,2305.236,-2.635,-2.713,-6.401,54.62,TRAVELING
2620.0,-6689.494,988.092,2305.236,-2.635,-2.713,-6.401,54.62,LISTENING
2620.45,-6690.678,986.873,2302.356,-2.631,-2.714,-6.402,54.62,TRAVELING
2620.45,-6690.678,986.873,2302.356,-2.631,-2.714,-6.402,54.62,SENSING
2620.45,-6690.678,986.873,2302.356,-2.631,-2.714,-6.402,54.62,TRAVELING
2620.45,-6690.678,986.873,2302.356,-2.631,-2.714,-6.402,54.62,LISTENING
2640.0,-6740.683,933.718,2176.793,-2.488,-2.734,-6.45,54.62,TRAVELING
2640.0,-6740.683,933.718,2176.793,-2.488,-2.734,-6.45,54.62,SENSING
2640.0,-6740.683,933.718,2176.793,-2.488,-2.734,-6.45,54.62,MEASURING
2640.0,-6740.683,933.718,2176.793,-2.488,-2.734,-6.45,54.62,SENSING
2640.0,-6740.683,933.718,2176.793,-2.488,-2.734,-6.45,54.62,MANEUVERING
2640.0,-6740.683,933.718,2176.793,-2.488,-2.734,-6.45,54.62,LISTENING
2640.11,-6740.956,933.418,2176.084,-2.487,-2.734,-6.45,54.73,MANEUVERING
2640.11,-6740.956,933.418,2176.084,-2.487,-2.734,-6.45,54.73,SENSING
2640.11,-6740.956,933.418,2176.084,-2.487,-2.734,-6.45,54.73,TRAVELING
2640.11,-6740.956,933.418,2176.084,-2.487,-2.734,-6.45,54.73,LISTENING
2650.0,-6765.175,906.377,2112.212,-2.414,-2.744,-6.473,54.73,TRAVELING
2650.0,-6765.175,906.377,2112.212,-2.414,-2.744,-6.473,54.73,SENSING
2650.0,-6765.175,906.377,2112.212,-2.414,-2.744,-6.473,54.73,TRAVELING
2650.0,-6765.175,906.377,2112.212,-2.414,-2.744,-6.473,54.73,LISTENING
2650.34,-6765.995,905.446,2110.012,-2.412,-2.745,-6.474,54.73,TRAVELING
2650.34,-6765.995,905.446,2110.012,-2.412,-2.745,-6.474,54.73,SENSING
2650.34,-6765.995,905.446,2110.012,-2.412,-2.745,-6.474,54.73,TRAVELING
2650.34,-6765.995,905.446,2110.012,-2.412,-2.745,-6.474,54.73,LISTENING
2700.0,-6876.515,768.253,1785.989,-2.042,-2.79,-6.58,54.73,TRAVELING
2700.0,-6876.515,768.253,1785.989,-2.042,-2.79,-6.58,54.73,SENSING
2700.0,-6876.515,768.253,1785.989,-2.042,-2.79,-6.58,54.73,TRAVELING
2700.0,-6876.515,768.253,1785.989,-2.042,-2.79,-6.58,54.73,LISTENING
2700.12,-6876.759,767.918,1785.199,-2.041,-2.79,-6.58,54.73,TRAVELING
2700.12,-6876.759,767.918,1785.199,-2.041,-2.79,-6.58,54.73,SENSING
2700.12,-6876.759,767.918,1785.199,-2.041,-2.79,-6.58,54.73,TRAVELING
2700.12,-6876.759,767.918,1785.199,-2.041,-2.79,-6.58,54.73,LISTENING
2720.0,-6915.816,712.396,1654.085,-1.891,-2.806,-6.617,54.73,TRAVELING
2720.0,-6915.816,712.396,1654.085,-1.891,-2.806,-6.617,54.73,SENSING
2720.0,-6915.816,712.396,1654.085,-1.891,-2.806,-6.617,54.73,MEASURING
2720.0,-6915.816,712.396,1654.085,-1.891,-2.806,-6.617,54.73,SENSING
2720.0,-6915.816,712.396,1654.085,-1.891,-2.806,-6.617,54.73,MANEUVERING
2720.0,-6915.816,712.396,1654.085,-1.891,-2.806,-6.617,54.73,LISTENING
2720.12,-6916.043,712.06,1653.292,-1.89,-2.806,-6.617,54.85,MANEUVERING
2720.12,-6916.043,712.06,1653.292,-1.89,-2.806,-6.617,54.85,SENSING
2720.12,-6916.043,712.06,1653.292,-1.89,-2.806,-6.617,54.85,TRAVELING
2720.12,-6916.043,712.06,1653.292,-1.89,-2.806,-6.617,54.85,LISTENING
2740.0,-6952.101,656.23,1521.46,-1.74,-2.821,-6.652,54.85,TRAVELING
2740.0,-6952.101,656.23,1521.46,-1.74,-2.821,-6.652,54.85,SENSING
2740.0,-6952.101,656.23,1521.46,-1.74,-2.821,-6.652,54.85,TRAVELING
2740.0,-6952.101,656.23,1521.46,-1.74,-2.821,-6.652,54.85,LISTENING
2740.05,-6952.188,656.09,1521.128,-1.739,-2.821,-6.652,54.85,TRAVELING
2740.05,-6952.188,656.09,1521.128,-1.739,-2.821,-6.652,54.85,SENSING
2740.05,-6952.188,656.09,1521.128,-1.739,-2.821,-6.652,54.85,TRAVELING
2740.05,-6952.188,656.09,1521.128,-1.739,-2.821,-6.652,54.85,LISTENING
2760.0,-6985.354,599.778,1388.171,-1.588,-2.835,-6.684,54.85,TRAVELING
2760.0,-6985.354,599.778,1388.171,-1.588,-2.835,-6.684,54.85,SENSING
2760.0,-6985.354,599.778,1388.171,-1.588,-2.835,-6.684,54.85,MEASURING
2760.0,-6985.354,599.778,1388.171,-1.588,-2.835,-6.684,54.85,SENSING
2760.0,-6985.354,599.778,1388.171,-1.588,-2.835,-6.684,54.85,MANEUVERING
2760.0,-6985.354,599.778,1388.171,-1.588,-2.835,-6.684,54.85,LISTENING
2760.05,-6985.433,599.637,1387.837,-1.587,-2.835,-6.684,54.8,MANEUVERING
2760.05,-6985.433,599.637,1387.837,-1.587,-2.835,-6.684,54.8,SENSING
2760.05,-6985.433,599.637,1387.837,-1.587,-2.835,-6.684,54.8,TRAVELING
2760.05,-6985.433,599.637,1387.837,-1.587,-2.835,-6.684,54.8,LISTENING
2780.0,-7015.56,543.066,1254.276,-1.435,-2.847,-6.712,54.8,TRAVELING
2780.0,-7015.56,543.066,1254.276,-1.435,-2.847,-6.712,54.8,SENSING
2780.0,-7015.56,543.066,1254.276,-1.435,-2.847,-6.712,54.8,MEASURING
2780.0,-7015.56,543.066,1254.276,-1.435,-2.847,-6.712,54.8,SENSING
2780.0,-7015.56,543.066,1254.276,-1.435,-2.847,-6.712,54.8,MANEUVERING
2780.0,-7015.56,543.066,1254.276,-1.435,-2.847,-6.712,54.8,LISTENING
2868.25,-7112.175,290.337,657.732,-0.755,-2.887,-6.804,-33.45,MANEUVERING
2868.25,-7112.175,290.337,657.732,-0.755,-2.887,-6.804,-33.45,SENSING
2868.25,-7112.175,290.337,657.732,-0.755,-2.887,-6.804,-33.45,MANEUVERING
2868.25,-7112.175,290.337,657.732,-0.755,-2.887,-6.804,-33.45,LISTENING
2888.47,-7125.837,232.007,520.08,-0.598,-2.893,-6.817,-53.67,MANEUVERING
2888.47,-7125.837,232.007,520.08,-0.598,-2.893,-6.817,-53.67,SENSING
2888.47,-7125.837,232.007,520.08,-0.598,-2.893,-6.817,-53.67,TRAVELING
2888.47,-7125.837,232.007,520.08,-0.598,-2.893,-6.817,-53.67,LISTENING
6390.0,6168.903,1287.293,3083.396,-3.574,2.618,6.139,-53.67,TRAVELING
6390.0,6168.903,1287.293,3083.396,-3.574,2.618,6.139,-53.67,SENSING
6390.0,6168.903,1287.293,3083.396,-3.574,2.618,6.139,-53.67,TRAVELING
6390.0,6168.903,1287.293,3083.396,-3.574,2.618,6.139,-53.67,LISTENING
6400.0,6132.834,1313.355,3144.575,-3.645,2.603,6.103,-53.67,TRAVELING
6400.0,6132.834,1313.355,3144.575,-3.645,2.603,6.103,-53.67,SENSING
6400.0,6132.834,1313.355,3144.575,-3.645,2.603,6.103,-53.67,MEASURING
6400.0,6132.834,1313.355,3144.575,-3.645,2.603,6.103,-53.67,SENSING
6400.0,6132.834,1313.355,3144.575,-3.645,2.603,6.103,-53.67,MANEUVERING
6400.0,6132.834,1313.355,3144.575,-3.645,2.603,6.103,-53.67,LISTENING
6403.7,6119.309,1322.96,3167.12,-3.671,2.598,6.09,-49.97,MANEUVERING
6403.7,6119.309,1322.96,3167.12,-3.671,2.598,6.09,-49.97,SENSING
6403.7,6119.309,1322.96,3167.12,-3.671,2.598,6.09,-49.97,MANEUVERING
6403.7,6119.309,1322.96,3167.12,-3.671,2.598,6.09,-49.97,LISTENING
6413.48,6083.095,1348.247,3226.47,-3.74,2.583,6.054,-40.19,MANEUVERING
6413.48,6083.095,1348.247,3226.47,-3.74,2.583,6.054,-40.19,SENSING
6413.48,6083.095,1348.247,3226.47,-3.74,2.583,6.054,-40.19,TRAVELING
6413.48,6083.095,1348.247,3226.47,-3.74,2.583,6.054,-40.19,LISTENING
6420.0,6058.579,1365.023,3265.84,-3.786,2.572,6.029,-40.19,TRAVELING
6420.0,6058.579,1365.023,3265.84,-3.786,2.572,6.029,-40.19,SENSING
6420.0,6058.579,1365.023,3265.84,-3.786,2.572,6.029,-40.19,TRAVELING
6420.0,6058.579,1365.023,3265.84,-3.786,2.572,6.029,-40.19,LISTENING
6420.52,6056.611,1366.358,3268.972,-3.789,2.572,6.027,-40.19,TRAVELING
6420.52,6056.611,1366.358,3268.972,-3.789,2.572,6.027,-40.19,SENSING
6420.52,6056.611,1366.358,3268.972,-3.789,2.572,6.027,-40.19,TRAVELING
6420.52,6056.611,1366.358,3268.972,-3.789,2.572,6.027,-40.19,LISTENING
6430.0,6020.403,1390.622,3325.91,-3.855,2.557,5.991,-40.19,TRAVELING
6430.0,6020.403,1390.622,3325.91,-3.855,2.557,5.991,-40.19,SENSING
6430.0,6020.403,1390.622,3325.91,-3.855,2.557,5.991,-40.19,TRAVELING
6430.0,6020.403,1390.622,3325.91,-3.855,2.557,5.991,-40.19,LISTENING
6439.76,5982.473,1415.454,3384.17,-3.923,2.541,5.953,-40.19,TRAVELING
6439.76,5982.473,1415.454,3384.17,-3.923,2.541,5.953,-40.19,SENSING
6439.76,5982.473,1415.454,3384.17,-3.923,2.541,5.953,-40.19,LISTENING
6440.0,5981.533,1416.062,3385.598,-3.924,2.54,5.952,-40.19,SENSING
6440.0,5981.533,1416.062,3385.598,-3.924,2.54,5.952,-40.19,MEASURING
6440.0,5981.533,1416.062,3385.598,-3.924,2.54,5.952,-40.19,SENSING
6440.0,5981.533,1416.062,3385.598,-3.924,2.54,5.952,-40.19,MANEUVERING
6440.0,5981.533,1416.062,3385.598,-3.924,2.54,5.952,-40.19,LISTENING
6440.49,5979.61,1417.305,3388.513,-3.928,2.54,5.95,-40.68,MANEUVERING
6440.49,5979.61,1417.305,3388.513,-3.928,2.54,5.95,-40.68,SENSING
6440.49,5979.61,1417.305,3388.513,-3.928,2.54,5.95,-40.68,TRAVELING
6440.49,5979.61,1417.305,3388.513,-3.928,2.54,5.95,-40.68,LISTENING
6442.42,5972.022,1422.194,3399.984,-3.941,2.537,5.943,-40.68,TRAVELING
6442.42,5972.022,1422.194,3399.984,-3.941,2.537,5.943,-40.68,SENSING
6442.42,5972.022,1422.194,3399.984,-3.941,2.537,5.943,-40.68,TRAVELING
6442.42,5972.022,1422.194,3399.984,-3.941,2.537,5.943,-40.68,LISTENING
6450.0,5941.973,1441.339,3444.895,-3.993,2.524,5.913,-40.68,TRAVELING
6450.0,5941.973,1441.339,3444.895,-3.993,2.524,5.913,-40.68,SENSING
6450.0,5941.973,1441.339,3444.895,-3.993,2.524,5.913,-40.68,MEASURING
6450.0,5941.973,1441.339,3444.895,-3.993,2.524,5.913,-40.68,SENSING
6450.0,5941.973,1441.339,3444.895,-3.993,2.524,5.913,-40.68,MANEUVERING
6450.0,5941.973,1441.339,3444.895,-3.993,2.524,5.913,-40.68,LISTENING
6462.04,5893.437,1471.553,3515.762,-4.075,2.504,5.865,-28.64,MANEUVERING
6462.04,5893.437,1471.553,3515.762,-4.075,2.504,5.865,-28.64,SENSING
6462.04,5893.437,1471.553,3515.762,-4.075,2.504,5.865,-28.64,TRAVELING
6462.04,5893.437,1471.553,3515.762,-4.075,2.504,5.865,-28.64,LISTENING
6464.75,5882.376,1478.32,3531.633,-4.094,2.499,5.854,-28.64,TRAVELING
6464.75,5882.376,1478.32,3531.633,-4.094,2.499,5.854,-28.64,SENSING
6464.75,5882.376,1478.32,3531.633,-4.094,2.499,5.854,-28.64,TRAVELING
6464.75,5882.376,1478.32,3531.633,-4.094,2.499,5.854,-28.64,LISTENING
6470.0,5860.808,1491.394,3562.293,-4.129,2.49,5.832,-28.64,TRAVELING
6470.0,5860.808,1491.394,3562.293,-4.129,2.49,5.832,-28.64,SENSING
6470.0,5860.808,1491.394,3562.293,-4.129,2.49,5.832,-28.64,MEASURING
6470.0,5860.808,1491.394,3562.293,-4.129,2.49,5.832,-28.64,SENSING
6470.0,5860.808,1491.394,3562.293,-4.129,2.49,5.832,-28.64,MANEUVERING
6470.0,5860.808,1491.394,3562.293,-4.129,2.49,5.832,-28.64,LISTENING
6476.31,5834.638,1507.045,3598.994,-4.172,2.479,5.806,-34.95,MANEUVERING
6476.31,5834.638,1507.045,3598.994,-4.172,2.479,5.806,-34.95,SENSING
6476.31,5834.638,1507.045,3598.994,-4.172,2.479,5.806,-34.95,MANEUVERING
6476.31,5834.638,1507.045,3598.994,-4.172,2.479,5.806,-34.95,LISTENING
6484.64,5799.681,1527.601,3647.191,-4.227,2.465,5.771,-43.28,MANEUVERING
6484.64,5799.681,1527.601,3647.191,-4.227,2.465,5.771,-43.28,SENSING
6484.64,5799.681,1527.601,3647.191,-4.227,2.465,5.771,-43.28,TRAVELING
6484.64,5799.681,1527.601,3647.191,-4.227,2.465,5.771,-43.28,LISTENING
6490.0,5776.943,1540.764,3678.05,-4.263,2.455,5.749,-43.28,TRAVELING
6490.0,5776.943,1540.764,3678.05,-4.263,2.455,5.749,-43.28,SENSING
6490.0,5776.943,1540.764,3678.05,-4.263,2.455,5.749,-43.28,MEASURING
6490.0,5776.943,1540.764,3678.05,-4.263,2.455,5.749,-43.28,SENSING
6490.0,5776.943,1540.764,3678.05,-4.263,2.455,5.749,-43.28,MANEUVERING
6490.0,5776.943,1540.764,3678.05,-4.263,2.455,5.749,-43.28,LISTENING
6496.32,5749.887,1556.218,3714.279,-4.305,2.444,5.722,-36.96,MANEUVERING
6496.32,5749.887,1556.218,3714.279,-4.305,2.444,5.722,-36.96,SENSING
6496.32,5749.887,1556.218,3714.279,-4.305,2.444,5.722,-36.96,TRAVELING
6496.32,5749.887,1556.218,3714.279,-4.305,2.444,5.722,-36.96,LISTENING
6500.0,5734.011,1565.185,3735.296,-4.329,2.438,5.706,-36.96,TRAVELING
6500.0,5734.011,1565.185,3735.296,-4.329,2.438,5.706,-36.96,SENSING
6500.0,5734.011,1565.185,3735.296,-4.329,2.438,5.706,-36.96,TRAVELING
6500.0,5734.011,1565.185,3735.296,-4.329,2.438,5.706,-36.96,LISTENING
6508.34,5697.701,1585.414,3782.712,-4.384,2.422,5.67,-36.96,TRAVELING
6508.34,5697.701,1585.414,3782.712,-4.384,2.422,5.67,-36.96,SENSING
6508.34,5697.701,1585.414,3782.712,-4.384,2.422,5.67,-36.96,LISTENING
6510.0,5690.419,1589.426,3792.113,-4.395,2.419,5.663,-36.96,SENSING
6510.0,5690.419,1589.426,3792.113,-4.395,2.419,5.663,-36.96,MEASURING
6510.0,5690.419,1589.426,3792.113,-4.395,2.419,5.663,-36.96,SENSING
6510.0,5690.419,1589.426,3792.113,-4.395,2.419,5.663,-36.96,MANEUVERING
6510.0,5690.419,1589.426,3792.113,-4.395,2.419,5.663,-36.96,LISTENING
6518.21,5654.141,1609.191,3838.434,-4.449,2.404,5.627,-28.75,MANEUVERING
6518.21,5654.141,1609.191,3838.434,-4.449,2.404,5.627,-28.75,SENSING
6518.21,5654.141,1609.191,3838.434,-4.449,2.404,5.627,-28.75,TRAVELING
6518.21,5654.141,1609.191,3838.434,-4.449,2.404,5.627,-28.75,LISTENING
6530.0,5601.278,1637.358,3904.431,-4.525,2.382,5.574,-28.75,TRAVELING
6530.0,5601.278,1637.358,3904.431,-4.525,2.382,5.574,-28.75,SENSING
6530.0,5601.278,1637.358,3904.431,-4.525,2.382,5.574,-28.75,TRAVELING
6530.0,5601.278,1637.358,3904.431,-4.525,2.382,5.574,-28.75,LISTENING
6540.0,5555.738,1661.044,3959.919,-4.589,2.363,5.529,-28.75,TRAVELING
6540.0,5555.738,1661.044,3959.919,-4.589,2.363,5.529,-28.75,SENSING
6540.0,5555.738,1661.044,3959.919,-4.589,2.363,5.529,-28.75,MEASURING
6540.0,5555.738,1661.044,3959.919,-4.589,2.363,5.529,-28.75,SENSING
6540.0,5555.738,1661.044,3959.919,-4.589,2.363,5.529,-28.75,MANEUVERING
6540.0,5555.738,1661.044,3959.919,-4.589,2.363,5.529,-28.75,LISTENING
6555.69,5483.001,1697.822,4046.06,-4.689,2.333,5.457,-44.44,MANEUVERING
6555.69,5483.001,1697.822,4046.06,-4.689,2.333,5.457,-44.44,SENSING
6555.69,5483.001,1697.822,4046.06,-4.689,2.333,5.457,-44.44,MANEUVERING
6555.69,5483.001,1697.822,4046.06,-4.689,2.333,5.457,-44.44,LISTENING
6560.0,5462.748,1707.841,4069.523,-4.716,2.325,5.437,-48.75,MANEUVERING
6560.0,5462.748,1707.841,4069.523,-4.716,2.325,5.437,-48.75,SENSING
6560.0,5462.748,1707.841,4069.523,-4.716,2.325,5.437,-48.75,MANEUVERING
6560.0,5462.748,1707.841,4069.523,-4.716,2.325,5.437,-48.75,LISTENING
6562.87,5449.197,1714.493,4085.099,-4.734,2.319,5.423,-51.62,MANEUVERING
6562.87,5449.197,1714.493,4085.099,-4.734,2.319,5.423,-51.62,SENSING
6562.87,5449.197,1714.493,4085.099,-4.734,2.319,5.423,-51.62,MANEUVERING
6562.87,5449.197,1714.493,4085.099,-4.734,2.319,5.423,-51.62,LISTENING
6565.32,5437.588,1720.158,4098.365,-4.749,2.314,5.412,-54.07,MANEUVERING
6565.32,5437.588,1720.158,4098.365,-4.749,2.314,5.412,-54.07,SENSING
6565.32,5437.588,1720.158,4098.365,-4.749,2.314,5.412,-54.07,TRAVELING
6565.32,5437.588,1720.158,4098.365,-4.749,2.314,5.412,-54.07,SENSING
6565.32,5437.588,1720.158,4098.365,-4.749,2.314,5.412,-54.07,LISTENING
6570.0,5415.309,1730.947,4123.627,-4.779,2.305,5.389,-54.07,SENSING
6570.0,5415.309,1730.947,4123.627,-4.779,2.305,5.389,-54.07,MEASURING
6570.0,5415.309,1730.947,4123.627,-4.779,2.305,5.389,-54.07,SENSING
6570.0,5415.309,1730.947,4123.627,-4.779,2.305,5.389,-54.07,MANEUVERING
6570.0,5415.309,1730.947,4123.627,-4.779,2.305,5.389,-54.07,LISTENING
6572.84,5401.723,1737.473,4138.906,-4.796,2.299,5.376,-51.23,MANEUVERING
6572.84,5401.723,1737.473,4138.906,-4.796,2.299,5.376,-51.23,SENSING
6572.84,5401.723,1737.473,4138.906,-4.796,2.299,5.376,-51.23,TRAVELING
6572.84,5401.723,1737.473,4138.906,-4.796,2.299,5.376,-51.23,LISTENING
6573.6,5398.078,1739.217,4142.988,-4.801,2.298,5.372,-51.23,TRAVELING
6573.6,5398.078,1739.217,4142.988,-4.801,2.298,5.372,-51.23,SENSING
6573.6,5398.078,1739.217,4142.988,-4.801,2.298,5.372,-51.23,TRAVELING
6573.6,5398.078,1739.217,4142.988,-4.801,2.298,5.372,-51.23,LISTENING
6580.0,5367.247,1753.855,4177.256,-4.841,2.285,5.342,-51.23,TRAVELING
6580.0,5367.247,1753.855,4177.256,-4.841,2.285,5.342,-51.23,SENSING
6580.0,5367.247,1753.855,4177.256,-4.841,2.285,5.342,-51.23,MEASURING
6580.0,5367.247,1753.855,4177.256,-4.841,2.285,5.342,-51.23,SENSING
6580.0,5367.247,1753.855,4177.256,-4.841,2.285,5.342,-51.23,MANEUVERING
6580.0,5367.247,1753.855,4177.256,-4.841,2.285,5.342,-51.23,LISTENING
6583.58,5349.891,1762.007,4196.339,-4.863,2.278,5.325,-54.81,MANEUVERING
6583.58,5349.891,1762.007,4196.339,-4.863,2.278,5.325,-54.81,SENSING
6583.58,5349.891,1762.007,4196.339,-4.863,2.278,5.325,-54.81,TRAVELING
6583.58,5349.891,1762.007,4196.339,-4.863,2.278,5.325,-54.81,LISTENING
6590.0,5318.569,1776.561,4230.405,-4.902,2.265,5.293,-54.81,TRAVELING
6590.0,5318.569,1776.561,4230.405,-4.902,2.265,5.293,-54.81,SENSING
6590.0,5318.569,1776.561,4230.405,-4.902,2.265,5.293,-54.81,TRAVELING
6590.0,5318.569,1776.561,4230.405,-4.902,2.265,5.293,-54.81,LISTENING
6590.24,5317.393,1777.104,4231.675,-4.903,2.264,5.292,-54.81,TRAVELING
6590.24,5317.393,1777.104,4231.675,-4.903,2.264,5.292,-54.81,SENSING
6590.24,5317.393,1777.104,4231.675,-4.903,2.264,5.292,-54.81,TRAVELING
6590.24,5317.393,1777.104,4231.675,-4.903,2.264,5.292,-54.81,LISTENING
6600.0,5269.28,1799.065,4283.069,-4.963,2.244,5.245,-54.81,TRAVELING
6600.0,5269.28,1799.065,4283.069,-4.963,2.244,5.245,-54.81,SENSING
6600.0,5269.28,1799.065,4283.069,-4.963,2.244,5.245,-54.81,MEASURING
6600.0,5269.28,1799.065,4283.069,-4.963,2.244,5.245,-54.81,SENSING
6600.0,5269.28,1799.065,4283.069,-4.963,2.244,5.245,-54.81,MANEUVERING
6600.0,5269.28,1799.065,4283.069,-4.963,2.244,5.245,-54.81,LISTENING
6600.13,5268.636,1799.356,4283.75,-4.964,2.244,5.244,-54.68,MANEUVERING
6600.13,5268.636,1799.356,4283.75,-4.964,2.244,5.244,-54.68,SENSING
6600.13,5268.636,1799.356,4283.75,-4.964,2.244,5.244,-54.68,MANEUVERING
6600.13,5268.636,1799.356,4283.75,-4.964,2.244,5.244,-54.68,LISTENING
6600.22,5268.189,1799.557,4284.222,-4.964,2.244,5.243,-54.59,MANEUVERING
6600.22,5268.189,1799.557,4284.222,-4.964,2.244,5.243,-54.59,SENSING
6600.22,5268.189,1799.557,4284.222,-4.964,2.244,5.243,-54.59,TRAVELING
6600.22,5268.189,1799.557,4284.222,-4.964,2.244,5.243,-54.59,LISTENING
6610.0,5219.386,1821.362,4335.24,-5.023,2.223,5.195,-54.59,TRAVELING
6610.0,5219.386,1821.362,4335.24,-5.023,2.223,5.195,-54.59,SENSING
6610.0,5219.386,1821.362,4335.24,-5.023,2.223,5.195,-54.59,TRAVELING
6610.0,5219.386,1821.362,4335.24,-5.023,2.223,5.195,-54.59,LISTENING
6613.84,5200.068,1829.868,4355.142,-5.046,2.215,5.176,-54.59,TRAVELING
6613.84,5200.068,1829.868,4355.142,-5.046,2.215,5.176,-54.59,SENSING
6613.84,5200.068,1829.868,4355.142,-5.046,2.215,5.176,-54.59,TRAVELING
6613.84,5200.068,1829.868,4355.142,-5.046,2.215,5.176,-54.59,LISTENING
6620.0,5168.893,1843.45,4386.913,-5.083,2.202,5.145,-54.59,TRAVELING
6620.0,5168.893,1843.45,4386.913,-5.083,2.202,5.145,-54.59,SENSING
6620.0,5168.893,1843.45,4386.913,-5.083,2.202,5.145,-54.59,MEASURING
6620.0,5168.893,1843.45,4386.913,-5.083,2.202,5.145,-54.59,SENSING
6620.0,5168.893,1843.45,4386.913,-5.083,2.202,5.145,-54.59,MANEUVERING
6620.0,5168.893,1843.45,4386.913,-5.083,2.202,5.145,-54.59,LISTENING
6620.13,5168.233,1843.736,4387.582,-5.083,2.202,5.144,-54.46,MANEUVERING
6620.13,5168.233,1843.736,4387.582,-5.083,2.202,5.144,-54.46,SENSING
6620.13,5168.233,1843.736,4387.582,-5.083,2.202,5.144,-54.46,TRAVELING
6620.13,5168.233,1843.736,4387.582,-5.083,2.202,5.144,-54.46,LISTENING
6630.0,5117.807,1865.327,4438.083,-5.142,2.181,5.094,-54.46,TRAVELING
6630.0,5117.807,1865.327,4438.083,-5.142,2.181,5.094,-54.46,SENSING
6630.0,5117.807,1865.327,4438.083,-5.142,2.181,5.094,-54.46,MEASURING
6630.0,5117.807,1865.327,4438.083,-5.142,2.181,5.094,-54.46,SENSING
6630.0,5117.807,1865.327,4438.083,-5.142,2.181,5.094,-54.46,MANEUVERING
6630.0,5117.807,1865.327,4438.083,-5.142,2.181,5.094,-54.46,LISTENING
6633.83,5098.085,1873.65,4457.547,-5.164,2.173,5.075,-50.63,MANEUVERING
6633.83,5098.085,1873.65,4457.547,-5.164,2.173,5.075,-50.63,SENSING
6633.83,5098.085,1873.65,4457.547,-5.164,2.173,5.075,-50.63,TRAVELING
6633.83,5098.085,1873.65,4457.547,-5.164,2.173,5.075,-50.63,LISTENING
6650.0,5013.878,1908.439,4538.889,-5.258,2.138,4.991,-50.63,TRAVELING
6650.0,5013.878,1908.439,4538.889,-5.258,2.138,4.991,-50.63,SENSING
6650.0,5013.878,1908.439,4538.889,-5.258,2.138,4.991,-50.63,TRAVELING
6650.0,5013.878,1908.439,4538.889,-5.258,2.138,4.991,-50.63,LISTENING
6654.11,4992.235,1917.19,4559.348,-5.282,2.129,4.97,-50.63,TRAVELING
6654.11,4992.235,1917.19,4559.348,-5.282,2.129,4.97,-50.63,SENSING
6654.11,4992.235,1917.19,4559.348,-5.282,2.129,4.97,-50.63,TRAVELING
6654.11,4992.235,1917.19,4559.348,-5.282,2.129,4.97,-50.63,LISTENING
6660.0,4961.049,1929.668,4588.513,-5.315,2.116,4.939,-50.63,TRAVELING
6660.0,4961.049,1929.668,4588.513,-5.315,2.116,4.939,-50.63,SENSING
6660.0,4961.049,1929.668,4588.513,-5.315,2.116,4.939,-50.63,MEASURING
6660.0,4961.049,1929.668,4588.513,-5.315,2.116,4.939,-50.63,SENSING
6660.0,4961.049,1929.668,4588.513,-5.315,2.116,4.939,-50.63,MANEUVERING
6660.0,4961.049,1929.668,4588.513,-5.315,2.116,4.939,-50.63,LISTENING
6664.05,4939.49,1938.203,4608.461,-5.338,2.107,4.917,-54.68,MANEUVERING
6664.05,4939.49,1938.203,4608.461,-5.338,2.107,4.917,-54.68,SENSING
6664.05,4939.49,1938.203,4608.461,-5.338,2.107,4.917,-54.68,TRAVELING
6664.05,4939.49,1938.203,4608.461,-5.338,2.107,4.917,-54.68,LISTENING
6665.11,4933.833,1940.431,4613.668,-5.344,2.104,4.912,-54.68,TRAVELING
6665.11,4933.833,1940.431,4613.668,-5.344,2.104,4.912,-54.68,SENSING
6665.11,4933.833,1940.431,4613.668,-5.344,2.104,4.912,-54.68,LISTENING
6670.0,4907.65,1950.676,4637.611,-5.372,2.093,4.886,-54.68,SENSING
6670.0,4907.65,1950.676,4637.611,-5.372,2.093,4.886,-54.68,MEASURING
6670.0,4907.65,1950.676,4637.611,-5.372,2.093,4.886,-54.68,SENSING
6670.0,4907.65,1950.676,4637.611,-5.372,2.093,4.886,-54.68,MANEUVERING
6670.0,4907.65,1950.676,4637.611,-5.372,2.093,4.886,-54.68,LISTENING
6671.74,4898.301,1954.309,4646.1,-5.382,2.09,4.877,-52.94,MANEUVERING
6671.74,4898.301,1954.309,4646.1,-5.382,2.09,4.877,-52.94,SENSING
6671.74,4898.301,1954.309,4646.1,-5.382,2.09,4.877,-52.94,TRAVELING
6671.74,4898.301,1954.309,4646.1,-5.382,2.09,4.877,-52.94,LISTENING
6674.17,4885.216,1959.371,4657.928,-5.395,2.084,4.864,-52.94,TRAVELING
6674.17,4885.216,1959.371,4657.928,-5.395,2.084,4.864,-52.94,SENSING
6674.17,4885.216,1959.371,4657.928,-5.395,2.084,4.864,-52.94,TRAVELING
6674.17,4885.216,1959.371,4657.928,-5.395,2.084,4.864,-52.94,LISTENING
6680.0,4853.688,1971.462,4686.177,-5.428,2.071,4.832,-52.94,TRAVELING
6680.0,4853.688,1971.462,4686.177,-5.428,2.071,4.832,-52.94,SENSING
6680.0,4853.688,1971.462,4686.177,-5.428,2.071,4.832,-52.94,MEASURING
6680.0,4853.688,1971.462,4686.177,-5.428,2.071,4.832,-52.94,SENSING
6680.0,4853.688,1971.462,4686.177,-5.428,2.071,4.832,-52.94,MANEUVERING
6680.0,4853.688,1971.462,4686.177,-5.428,2.071,4.832,-52.94,LISTENING
6680.7,4849.89,1972.908,4689.556,-5.432,2.069,4.829,-52.24,MANEUVERING
6680.7,4849.89,1972.908,4689.556,-5.432,2.069,4.829,-52.24,SENSING
6680.7,4849.89,1972.908,4689.556,-5.432,2.069,4.829,-52.24,MANEUVERING
6680.7,4849.89,1972.908,4689.556,-5.432,2.069,4.829,-52.24,LISTENING
6683.24,4836.085,1978.148,4701.797,-5.446,2.064,4.815,-49.7,MANEUVERING
6683.24,4836.085,1978.148,4701.797,-5.446,2.064,4.815,-49.7,SENSING
6683.24,4836.085,1978.148,4701.797,-5.446,2.064,4.815,-49.7,TRAVELING
6683.24,4836.085,1978.148,4701.797,-5.446,2.064,4.815,-49.7,LISTENING
6690.0,4799.171,1992.022,4734.206,-5.483,2.048,4.778,-49.7,TRAVELING
6690.0,4799.171,1992.022,4734.206,-5.483,2.048,4.778,-49.7,SENSING
6690.0,4799.171,1992.022,4734.206,-5.483,2.048,4.778,-49.7,MEASURING
6690.0,4799.171,1992.022,4734.206,-5.483,2.048,4.778,-49.7,SENSING
6690.0,4799.171,1992.022,4734.206,-5.483,2.048,4.778,-49.7,MANEUVERING
6690.0,4799.171,1992.022,4734.206,-5.483,2.048,4.778,-49.7,LISTENING
6694.12,4776.549,2000.426,4753.836,-5.506,2.039,4.756,-45.58,MANEUVERING
6694.12,4776.549,2000.426,4753.836,-5.506,2.039,4.756,-45.58,SENSING
6694.12,4776.549,2000.426,4753.836,-5.506,2.039,4.756,-45.58,TRAVELING
6694.12,4776.549,2000.426,4753.836,-5.506,2.039,4.756,-45.58,LISTENING
6694.47,4774.623,2001.138,4755.499,-5.508,2.038,4.754,-45.58,TRAVELING
6694.47,4774.623,2001.138,4755.499,-5.508,2.038,4.754,-45.58,SENSING
6694.47,4774.623,2001.138,4755.499,-5.508,2.038,4.754,-45.58,TRAVELING
6694.47,4774.623,2001.138,4755.499,-5.508,2.038,4.754,-45.58,LISTENING
6700.0,4744.103,2012.354,4781.692,-5.538,2.025,4.724,-45.58,TRAVELING
6700.0,4744.103,2012.354,4781.692,-5.538,2.025,4.724,-45.58,SENSING
6700.0,4744.103,2012.354,4781.692,-5.538,2.025,4.724,-45.58,MEASURING
6700.0,4744.103,2012.354,4781.692,-5.538,2.025,4.724,-45.58,SENSING
6700.0,4744.103,2012.354,4781.692,-5.538,2.025,4.724,-45.58,MANEUVERING
6700.0,4744.103,2012.354,4781.692,-5.538,2.025,4.724,-45.58,LISTENING
6702.48,4730.362,2017.361,4793.384,-5.551,2.02,4.71,-48.06,MANEUVERING
6702.48,4730.362,2017.361,4793.384,-5.551,2.02,4.71,-48.06,SENSING
6702.48,4730.362,2017.361,4793.384,-5.551,2.02,4.71,-48.06,MANEUVERING
6702.48,4730.362,2017.361,4793.384,-5.551,2.02,4.71,-48.06,LISTENING
6703.37,4725.423,2019.154,4797.571,-5.556,2.018,4.705,-48.95,MANEUVERING
6703.37,4725.423,2019.154,4797.571,-5.556,2.018,4.705,-48.95,SENSING
6703.37,4725.423,2019.154,4797.571,-5.556,2.018,4.705,-48.95,TRAVELING
6703.37,4725.423,2019.154,4797.571,-5.556,2.018,4.705,-48.95,LISTENING
6710.0,4688.492,2032.456,4828.63,-5.592,2.002,4.669,-48.95,TRAVELING
6710.0,4688.492,2032.456,4828.63,-5.592,2.002,4.669,-48.95,SENSING
6710.0,4688.492,2032.456,4828.63,-5.592,2.002,4.669,-48.95,MEASURING
6710.0,4688.492,2032.456,4828.63,-5.592,2.002,4.669,-48.95,SENSING
6710.0,4688.492,2032.456,4828.63,-5.592,2.002,4.669,-48.95,MANEUVERING
6710.0,4688.492,2032.456,4828.63,-5.592,2.002,4.669,-48.95,LISTENING
6710.35,4686.536,2033.155,4830.262,-5.594,2.001,4.667,-49.3,MANEUVERING
6710.35,4686.536,2033.155,4830.262,-5.594,2.001,4.667,-49.3,SENSING
6710.35,4686.536,2033.155,4830.262,-5.594,2.001,4.667,-49.3,TRAVELING
6710.35,4686.536,2033.155,4830.262,-5.594,2.001,4.667,-49.3,LISTENING
6720.0,4632.344,2052.326,4875.014,-5.645,1.979,4.613,-49.3,TRAVELING
6720.0,4632.344,2052.326,4875.014,-5.645,1.979,4.613,-49.3,SENSING
6720.0,4632.344,2052.326,4875.014,-5.645,1.979,4.613,-49.3,MEASURING
6720.0,4632.344,2052.326,4875.014,-5.645,1.979,4.613,-49.3,SENSING
6720.0,4632.344,2052.326,4875.014,-5.645,1.979,4.613,-49.3,MANEUVERING
6720.0,4632.344,2052.326,4875.014,-5.645,1.979,4.613,-49.3,LISTENING
6723.91,4610.245,2060.031,4892.999,-5.666,1.97,4.591,-45.39,MANEUVERING
6723.91,4610.245,2060.031,4892.999,-5.666,1.97,4.591,-45.39,SENSING
6723.91,4610.245,2060.031,4892.999,-5.666,1.97,4.591,-45.39,MANEUVERING
6723.91,4610.245,2060.031,4892.999,-5.666,1.97,4.591,-45.39,LISTENING
6730.0,4575.665,2071.961,4920.84,-5.698,1.955,4.557,-39.3,MANEUVERING
6730.0,4575.665,2071.961,4920.84,-5.698,1.955,4.557,-39.3,SENSING
6730.0,4575.665,2071.961,4920.84,-5.698,1.955,4.557,-39.3,MANEUVERING
6730.0,4575.665,2071.961,4920.84,-5.698,1.955,4.557,-39.3,LISTENING
6731.43,4567.517,2074.75,4927.348,-5.706,1.952,4.549,-37.87,MANEUVERING
6731.43,4567.517,2074.75,4927.348,-5.706,1.952,4.549,-37.87,SENSING
6731.43,4567.517,2074.75,4927.348,-5.706,1.952,4.549,-37.87,TRAVELING
6731.43,4567.517,2074.75,4927.348,-5.706,1.952,4.549,-37.87,LISTENING
6745.14,4488.859,2101.238,4989.147,-5.777,1.919,4.471,-37.87,TRAVELING
6745.14,4488.859,2101.238,4989.147,-5.777,1.919,4.471,-37.87,SENSING
6745.14,4488.859,2101.238,4989.147,-5.777,1.919,4.471,-37.87,LISTENING
6750.0,4460.743,2110.52,5010.797,-5.802,1.907,4.443,-37.87,SENSING
6750.0,4460.743,2110.52,5010.797,-5.802,1.907,4.443,-37.87,MEASURING
6750.0,4460.743,2110.52,5010.797,-5.802,1.907,4.443,-37.87,SENSING
6750.0,4460.743,2110.52,5010.797,-5.802,1.907,4.443,-37.87,MANEUVERING
6750.0,4460.743,2110.52,5010.797,-5.802,1.907,4.443,-37.87,LISTENING
6751.02,4454.827,2112.46,5015.324,-5.807,1.905,4.437,-38.89,MANEUVERING
6751.02,4454.827,2112.46,5015.324,-5.807,1.905,4.437,-38.89,SENSING
6751.02,4454.827,2112.46,5015.324,-5.807,1.905,4.437,-38.89,MANEUVERING
6751.02,4454.827,2112.46,5015.324,-5.807,1.905,4.437,-38.89,LISTENING
6760.0,4402.513,2129.439,5054.917,-5.852,1.883,4.385,-47.87,MANEUVERING
6760.0,4402.513,2129.439,5054.917,-5.852,1.883,4.385,-47.87,SENSING
6760.0,4402.513,2129.439,5054.917,-5.852,1.883,4.385,-47.87,MANEUVERING
6760.0,4402.513,2129.439,5054.917,-5.852,1.883,4.385,-47.87,LISTENING
6765.07,4372.798,2138.938,5077.066,-5.878,1.871,4.356,-52.94,MANEUVERING
6765.07,4372.798,2138.938,5077.066,-5.878,1.871,4.356,-52.94,SENSING
6765.07,4372.798,2138.938,5077.066,-5.878,1.871,4.356,-52.94,TRAVELING
6765.07,4372.798,2138.938,5077.066,-5.878,1.871,4.356,-52.94,SENSING
6765.07,4372.798,2138.938,5077.066,-5.878,1.871,4.356,-52.94,LISTENING
6770.0,4343.779,2148.114,5098.459,-5.903,1.859,4.327,-52.94,SENSING
6770.0,4343.779,2148.114,5098.459,-5.903,1.859,4.327,-52.94,MEASURING
6770.0,4343.779,2148.114,5098.459,-5.903,1.859,4.327,-52.94,SENSING
6770.0,4343.779,2148.114,5098.459,-5.903,1.859,4.327,-52.94,MANEUVERING
6770.0,4343.779,2148.114,5098.459,-5.903,1.859,4.327,-52.94,LISTENING
6779.18,4289.424,2165.043,5137.917,-5.948,1.836,4.274,-43.76,MANEUVERING
6779.18,4289.424,2165.043,5137.917,-5.948,1.836,4.274,-43.76,SENSING
6779.18,4289.424,2165.043,5137.917,-5.948,1.836,4.274,-43.76,MANEUVERING
6779.18,4289.424,2165.043,5137.917,-5.948,1.836,4.274,-43.76,LISTENING
6780.0,4284.549,2166.545,5141.418,-5.952,1.834,4.269,-42.94,MANEUVERING
6780.0,4284.549,2166.545,5141.418,-5.952,1.834,4.269,-42.94,SENSING
6780.0,4284.549,2166.545,5141.418,-5.952,1.834,4.269,-42.94,MANEUVERING
6780.0,4284.549,2166.545,5141.418,-5.952,1.834,4.269,-42.94,LISTENING
6781.6,4275.027,2169.471,5148.237,-5.96,1.83,4.259,-41.34,MANEUVERING
6781.6,4275.027,2169.471,5148.237,-5.96,1.83,4.259,-41.34,SENSING
6781.6,4275.027,2169.471,5148.237,-5.96,1.83,4.259,-41.34,MANEUVERING
6781.6,4275.027,2169.471,5148.237,-5.96,1.83,4.259,-41.34,LISTENING
6789.94,4225.189,2184.62,5183.536,-6.0,1.809,4.21,-33.0,MANEUVERING
6789.94,4225.189,2184.62,5183.536,-6.0,1.809,4.21,-33.0,SENSING
6789.94,4225.189,2184.62,5183.536,-6.0,1.809,4.21,-33.0,TRAVELING
6789.94,4225.189,2184.62,5183.536,-6.0,1.809,4.21,-33.0,LISTENING
6790.0,4224.829,2184.728,5183.788,-6.001,1.809,4.21,-33.0,TRAVELING
6790.0,4224.829,2184.728,5183.788,-6.001,1.809,4.21,-33.0,SENSING
6790.0,4224.829,2184.728,5183.788,-6.001,1.809,4.21,-33.0,TRAVELING
6790.0,4224.829,2184.728,5183.788,-6.001,1.809,4.21,-33.0,LISTENING
6794.5,4197.797,2192.83,5202.662,-6.022,1.798,4.183,-33.0,TRAVELING
6794.5,4197.797,2192.83,5202.662,-6.022,1.798,4.183,-33.0,SENSING
6794.5,4197.797,2192.83,5202.662,-6.022,1.798,4.183,-33.0,TRAVELING
6794.5,4197.797,2192.83,5202.662,-6.022,1.798,4.183,-33.0,LISTENING
6800.0,4164.625,2202.663,5225.566,-6.049,1.784,4.15,-33.0,TRAVELING
6800.0,4164.625,2202.663,5225.566,-6.049,1.784,4.15,-33.0,SENSING
6800.0,4164.625,2202.663,5225.566,-6.049,1.784,4.15,-33.0,MEASURING
6800.0,4164.625,2202.663,5225.566,-6.049,1.784,4.15,-33.0,SENSING
6800.0,4164.625,2202.663,5225.566,-6.049,1.784,4.15,-33.0,MANEUVERING
6800.0,4164.625,2202.663,5225.566,-6.049,1.784,4.15,-33.0,LISTENING
6801.79,4153.799,2205.847,5232.981,-6.057,1.78,4.139,-31.21,MANEUVERING
6801.79,4153.799,2205.847,5232.981,-6.057,1.78,4.139,-31.21,SENSING
6801.79,4153.799,2205.847,5232.981,-6.057,1.78,4.139,-31.21,TRAVELING
6801.79,4153.799,2205.847,5232.981,-6.057,1.78,4.139,-31.21,LISTENING
6803.13,4145.684,2208.225,5238.52,-6.063,1.776,4.131,-31.21,TRAVELING
6803.13,4145.684,2208.225,5238.52,-6.063,1.776,4.131,-31.21,SENSING
6803.13,4145.684,2208.225,5238.52,-6.063,1.776,4.131,-31.21,TRAVELING
6803.13,4145.684,2208.225,5238.52,-6.063,1.776,4.131,-31.21,LISTENING
6810.0,4103.946,2220.346,5266.746,-6.096,1.759,4.09,-31.21,TRAVELING
6810.0,4103.946,2220.346,5266.746,-6.096,1.759,4.09,-31.21,SENSING
6810.0,4103.946,2220.346,5266.746,-6.096,1.759,4.09,-31.21,MEASURING
6810.0,4103.946,2220.346,5266.746,-6.096,1.759,4.09,-31.21,SENSING
6810.0,4103.946,2220.346,5266.746,-6.096,1.759,4.09,-31.21,MANEUVERING
6810.0,4103.946,2220.346,5266.746,-6.096,1.759,4.09,-31.21,LISTENING
6813.12,4084.918,2225.811,5279.471,-6.11,1.751,4.071,-34.33,MANEUVERING
6813.12,4084.918,2225.811,5279.471,-6.11,1.751,4.071,-34.33,SENSING
6813.12,4084.918,2225.811,5279.471,-6.11,1.751,4.071,-34.33,MANEUVERING
6813.12,4084.918,2225.811,5279.471,-6.11,1.751,4.071,-34.33,LISTENING
6817.63,4057.332,2233.668,5297.762,-6.131,1.739,4.044,-38.84,MANEUVERING
6817.63,4057.332,2233.668,5297.762,-6.131,1.739,4.044,-38.84,SENSING
6817.63,4057.332,2233.668,5297.762,-6.131,1.739,4.044,-38.84,TRAVELING
6817.63,4057.332,2233.668,5297.762,-6.131,1.739,4.044,-38.84,SENSING
6817.63,4057.332,2233.668,5297.762,-6.131,1.739,4.044,-38.84,LISTENING
6820.0,4042.798,2237.776,5307.324,-6.142,1.733,4.03,-38.84,SENSING
6820.0,4042.798,2237.776,5307.324,-6.142,1.733,4.03,-38.84,MEASURING
6820.0,4042.798,2237.776,5307.324,-6.142,1.733,4.03,-38.84,SENSING
6820.0,4042.798,2237.776,5307.324,-6.142,1.733,4.03,-38.84,MANEUVERING
6820.0,4042.798,2237.776,5307.324,-6.142,1.733,4.03,-38.84,LISTENING
6822.72,4026.086,2242.473,5318.257,-6.155,1.726,4.013,-36.12,MANEUVERING
6822.72,4026.086,2242.473,5318.257,-6.155,1.726,4.013,-36.12,SENSING
6822.72,4026.086,2242.473,5318.257,-6.155,1.726,4.013,-36.12,MANEUVERING
6822.72,4026.086,2242.473,5318.257,-6.155,1.726,4.013,-36.12,LISTENING
6823.0,4024.363,2242.955,5319.38,-6.156,1.726,4.011,-35.84,MANEUVERING
6823.0,4024.363,2242.955,5319.38,-6.156,1.726,4.011,-35.84,SENSING
6823.0,4024.363,2242.955,5319.38,-6.156,1.726,4.011,-35.84,TRAVELING
6823.0,4024.363,2242.955,5319.38,-6.156,1.726,4.011,-35.84,LISTENING
6830.0,3981.188,2254.951,5347.296,-6.188,1.708,3.969,-35.84,TRAVELING
6830.0,3981.188,2254.951,5347.296,-6.188,1.708,3.969,-35.84,SENSING
6830.0,3981.188,2254.951,5347.296,-6.188,1.708,3.969,-35.84,MEASURING
6830.0,3981.188,2254.951,5347.296,-6.188,1.708,3.969,-35.84,SENSING
6830.0,3981.188,2254.951,5347.296,-6.188,1.708,3.969,-35.84,MANEUVERING
6830.0,3981.188,2254.951,5347.296,-6.188,1.708,3.969,-35.84,LISTENING
6832.67,3964.661,2259.493,5357.866,-6.2,1.701,3.952,-33.17,MANEUVERING
6832.67,3964.661,2259.493,5357.866,-6.2,1.701,3.952,-33.17,SENSING
6832.67,3964.661,2259.493,5357.866,-6.2,1.701,3.952,-33.17,MANEUVERING
6832.67,3964.661,2259.493,5357.866,-6.2,1.701,3.952,-33.17,LISTENING
6834.54,3953.067,2262.664,5365.242,-6.209,1.696,3.941,-31.3,MANEUVERING
6834.54,3953.067,2262.664,5365.242,-6.209,1.696,3.941,-31.3,SENSING
6834.54,3953.067,2262.664,5365.242,-6.209,1.696,3.941,-31.3,TRAVELING
6834.54,3953.067,2262.664,5365.242,-6.209,1.696,3.941,-31.3,LISTENING
6840.0,3919.124,2271.869,5386.657,-6.233,1.682,3.907,-31.3,TRAVELING
6840.0,3919.124,2271.869,5386.657,-6.233,1.682,3.907,-31.3,SENSING
6840.0,3919.124,2271.869,5386.657,-6.233,1.682,3.907,-31.3,MEASURING
6840.0,3919.124,2271.869,5386.657,-6.233,1.682,3.907,-31.3,SENSING
6840.0,3919.124,2271.869,5386.657,-6.233,1.682,3.907,-31.3,MANEUVERING
6840.0,3919.124,2271.869,5386.657,-6.233,1.682,3.907,-31.3,LISTENING
6842.63,3902.726,2276.276,5396.907,-6.245,1.675,3.891,-33.93,MANEUVERING
6842.63,3902.726,2276.276,5396.907,-6.245,1.675,3.891,-33.93,SENSING
6842.63,3902.726,2276.276,5396.907,-6.245,1.675,3.891,-33.93,MANEUVERING
6842.63,3902.726,2276.276,5396.907,-6.245,1.675,3.891,-33.93,LISTENING
6844.46,3891.298,2279.331,5404.014,-6.253,1.67,3.88,-35.76,MANEUVERING
6844.46,3891.298,2279.331,5404.014,-6.253,1.67,3.88,-35.76,SENSING
6844.46,3891.298,2279.331,5404.014,-6.253,1.67,3.88,-35.76,TRAVELING
6844.46,3891.298,2279.331,5404.014,-6.253,1.67,3.88,-35.76,LISTENING
6850.0,3856.612,2288.528,5425.403,-6.278,1.656,3.846,-35.76,TRAVELING
6850.0,3856.612,2288.528,5425.403,-6.278,1.656,3.846,-35.76,SENSING
6850.0,3856.612,2288.528,5425.403,-6.278,1.656,3.846,-35.76,MEASURING
6850.0,3856.612,2288.528,5425.403,-6.278,1.656,3.846,-35.76,SENSING
6850.0,3856.612,2288.528,5425.403,-6.278,1.656,3.846,-35.76,MANEUVERING
6850.0,3856.612,2288.528,5425.403,-6.278,1.656,3.846,-35.76,LISTENING
6851.4,3847.825,2290.84,5430.778,-6.284,1.652,3.837,-34.36,MANEUVERING
6851.4,3847.825,2290.84,5430.778,-6.284,1.652,3.837,-34.36,SENSING
6851.4,3847.825,2290.84,5430.778,-6.284,1.652,3.837,-34.36,TRAVELING
6851.4,3847.825,2290.84,5430.778,-6.284,1.652,3.837,-34.36,LISTENING
6853.3,3835.886,2293.969,5438.053,-6.292,1.647,3.825,-34.36,TRAVELING
6853.3,3835.886,2293.969,5438.053,-6.292,1.647,3.825,-34.36,SENSING
6853.3,3835.886,2293.969,5438.053,-6.292,1.647,3.825,-34.36,TRAVELING
6853.3,3835.886,2293.969,5438.053,-6.292,1.647,3.825,-34.36,LISTENING
6860.0,3793.66,2304.927,5463.529,-6.321,1.63,3.783,-34.36,TRAVELING
6860.0,3793.66,2304.927,5463.529,-6.321,1.63,3.783,-34.36,SENSING
6860.0,3793.66,2304.927,5463.529,-6.321,1.63,3.783,-34.36,MEASURING
6860.0,3793.66,2304.927,5463.529,-6.321,1.63,3.783,-34.36,SENSING
6860.0,3793.66,2304.927,5463.529,-6.321,1.63,3.783,-34.36,MANEUVERING
6860.0,3793.66,2304.927,5463.529,-6.321,1.63,3.783,-34.36,LISTENING
6861.16,3786.329,2306.812,5467.912,-6.326,1.627,3.776,-33.2,MANEUVERING
6861.16,3786.329,2306.812,5467.912,-6.326,1.627,3.776,-33.2,SENSING
6861.16,3786.329,2306.812,5467.912,-6.326,1.627,3.776,-33.2,TRAVELING
6861.16,3786.329,2306.812,5467.912,-6.326,1.627,3.776,-33.2,LISTENING
6864.78,3763.416,2312.673,5481.533,-6.342,1.617,3.754,-33.2,TRAVELING
6864.78,3763.416,2312.673,5481.533,-6.342,1.617,3.754,-33.2,SENSING
6864.78,3763.416,2312.673,5481.533,-6.342,1.617,3.754,-33.2,TRAVELING
6864.78,3763.416,2312.673,5481.533,-6.342,1.617,3.754,-33.2,LISTENING
6870.0,3730.275,2321.063,5501.032,-6.364,1.603,3.721,-33.2,TRAVELING
6870.0,3730.275,2321.063,5501.032,-6.364,1.603,3.721,-33.2,SENSING
6870.0,3730.275,2321.063,5501.032,-6.364,1.603,3.721,-33.2,MEASURING
6870.0,3730.275,2321.063,5501.032,-6.364,1.603,3.721,-33.2,SENSING
6870.0,3730.275,2321.063,5501.032,-6.364,1.603,3.721,-33.2,MANEUVERING
6870.0,3730.275,2321.063,5501.032,-6.364,1.603,3.721,-33.2,LISTENING
6870.74,3725.568,2322.247,5503.782,-6.368,1.601,3.716,-32.46,MANEUVERING
6870.74,3725.568,2322.247,5503.782,-6.368,1.601,3.716,-32.46,SENSING
6870.74,3725.568,2322.247,5503.782,-6.368,1.601,3.716,-32.46,MANEUVERING
6870.74,3725.568,2322.247,5503.782,-6.368,1.601,3.716,-32.46,LISTENING
6870.82,3725.059,2322.375,5504.079,-6.368,1.601,3.716,-32.38,MANEUVERING
6870.82,3725.059,2322.375,5504.079,-6.368,1.601,3.716,-32.38,SENSING
6870.82,3725.059,2322.375,5504.079,-6.368,1.601,3.716,-32.38,TRAVELING
6870.82,3725.059,2322.375,5504.079,-6.368,1.601,3.716,-32.38,LISTENING
6880.0,3666.465,2336.936,5537.907,-6.407,1.577,3.658,-32.38,TRAVELING
6880.0,3666.465,2336.936,5537.907,-6.407,1.577,3.658,-32.38,SENSING
6880.0,3666.465,2336.936,5537.907,-6.407,1.577,3.658,-32.38,MEASURING
6880.0,3666.465,2336.936,5537.907,-6.407,1.577,3.658,-32.38,SENSING
6880.0,3666.465,2336.936,5537.907,-6.407,1.577,3.658,-32.38,MANEUVERING
6880.0,3666.465,2336.936,5537.907,-6.407,1.577,3.658,-32.38,LISTENING
6884.37,3638.448,2343.788,5553.823,-6.425,1.565,3.63,-28.01,MANEUVERING
6884.37,3638.448,2343.788,5553.823,-6.425,1.565,3.63,-28.01,SENSING
6884.37,3638.448,2343.788,5553.823,-6.425,1.565,3.63,-28.01,TRAVELING
6884.37,3638.448,2343.788,5553.823,-6.425,1.565,3.63,-28.01,LISTENING
6889.92,3602.752,2352.418,5573.862,-6.448,1.55,3.595,-28.01,TRAVELING
6889.92,3602.752,2352.418,5573.862,-6.448,1.55,3.595,-28.01,SENSING
6889.92,3602.752,2352.418,5573.862,-6.448,1.55,3.595,-28.01,LISTENING
6890.0,3602.236,2352.542,5574.15,-6.448,1.55,3.594,-28.01,SENSING
6890.0,3602.236,2352.542,5574.15,-6.448,1.55,3.594,-28.01,MEASURING
6890.0,3602.236,2352.542,5574.15,-6.448,1.55,3.594,-28.01,MEASURING
6890.0,3602.236,2352.542,5574.15,-6.448,1.55,3.594,-28.01,SENSING
6890.0,3602.236,2352.542,5574.15,-6.448,1.55,3.594,-28.01,MANEUVERING
6890.0,3602.236,2352.542,5574.15,-6.448,1.55,3.594,-28.01,LISTENING
6894.12,3575.654,2358.894,5588.897,-6.465,1.539,3.568,-32.13,MANEUVERING
6894.12,3575.654,2358.894,5588.897,-6.465,1.539,3.568,-32.13,SENSING
6894.12,3575.654,2358.894,5588.897,-6.465,1.539,3.568,-32.13,TRAVELING
6894.12,3575.654,2358.894,5588.897,-6.465,1.539,3.568,-32.13,LISTENING
6898.94,3544.468,2366.267,5606.013,-6.485,1.526,3.537,-32.13,TRAVELING
6898.94,3544.468,2366.267,5606.013,-6.485,1.526,3.537,-32.13,SENSING
6898.94,3544.468,2366.267,5606.013,-6.485,1.526,3.537,-32.13,LISTENING
6900.0,3537.597,2367.88,5609.757,-6.489,1.523,3.531,-32.13,SENSING
6900.0,3537.597,2367.88,5609.757,-6.489,1.523,3.531,-32.13,MEASURING
6900.0,3537.597,2367.88,5609.757,-6.489,1.523,3.531,-32.13,SENSING
6900.0,3537.597,2367.88,5609.757,-6.489,1.523,3.531,-32.13,MANEUVERING
6900.0,3537.597,2367.88,5609.757,-6.489,1.523,3.531,-32.13,LISTENING
6903.71,3513.513,2373.503,5622.805,-6.504,1.513,3.507,-28.42,MANEUVERING
6903.71,3513.513,2373.503,5622.805,-6.504,1.513,3.507,-28.42,SENSING
6903.71,3513.513,2373.503,5622.805,-6.504,1.513,3.507,-28.42,TRAVELING
6903.71,3513.513,2373.503,5622.805,-6.504,1.513,3.507,-28.42,LISTENING
6904.51,3508.312,2374.71,5625.607,-6.507,1.511,3.502,-28.42,TRAVELING
6904.51,3508.312,2374.71,5625.607,-6.507,1.511,3.502,-28.42,SENSING
6904.51,3508.312,2374.71,5625.607,-6.507,1.511,3.502,-28.42,TRAVELING
6904.51,3508.312,2374.71,5625.607,-6.507,1.511,3.502,-28.42,LISTENING
6910.0,3472.555,2382.95,5644.725,-6.529,1.496,3.466,-28.42,TRAVELING
6910.0,3472.555,2382.95,5644.725,-6.529,1.496,3.466,-28.42,SENSING
6910.0,3472.555,2382.95,5644.725,-6.529,1.496,3.466,-28.42,MEASURING
6910.0,3472.555,2382.95,5644.725,-6.529,1.496,3.466,-28.42,SENSING
6910.0,3472.555,2382.95,5644.725,-6.529,1.496,3.466,-28.42,MANEUVERING
6910.0,3472.555,2382.95,5644.725,-6.529,1.496,3.466,-28.42,LISTENING
6911.62,3461.98,2385.365,5650.329,-6.535,1.492,3.456,-30.04,MANEUVERING
6911.62,3461.98,2385.365,5650.329,-6.535,1.492,3.456,-30.04,SENSING
6911.62,3461.98,2385.365,5650.329,-6.535,1.492,3.456,-30.04,TRAVELING
6911.62,3461.98,2385.365,5650.329,-6.535,1.492,3.456,-30.04,LISTENING
6912.39,3456.951,2386.511,5652.987,-6.538,1.49,3.451,-30.04,TRAVELING
6912.39,3456.951,2386.511,5652.987,-6.538,1.49,3.451,-30.04,SENSING
6912.39,3456.951,2386.511,5652.987,-6.538,1.49,3.451,-30.04,TRAVELING
6912.39,3456.951,2386.511,5652.987,-6.538,1.49,3.451,-30.04,LISTENING
6920.0,3407.117,2397.748,5679.049,-6.568,1.469,3.402,-30.04,TRAVELING
6920.0,3407.117,2397.748,5679.049,-6.568,1.469,3.402,-30.04,SENSING
6920.0,3407.117,2397.748,5679.049,-6.568,1.469,3.402,-30.04,MEASURING
6920.0,3407.117,2397.748,5679.049,-6.568,1.469,3.402,-30.04,SENSING
6920.0,3407.117,2397.748,5679.049,-6.568,1.469,3.402,-30.04,MANEUVERING
6920.0,3407.117,2397.748,5679.049,-6.568,1.469,3.402,-30.04,LISTENING
6926.28,3365.823,2406.902,5700.274,-6.592,1.452,3.361,-36.32,MANEUVERING
6926.28,3365.823,2406.902,5700.274,-6.592,1.452,3.361,-36.32,SENSING
6926.28,3365.823,2406.902,5700.274,-6.592,1.452,3.361,-36.32,MANEUVERING
6926.28,3365.823,2406.902,5700.274,-6.592,1.452,3.361,-36.32,LISTENING
6927.17,3359.958,2408.191,5703.261,-6.596,1.449,3.355,-37.21,MANEUVERING
6927.17,3359.958,2408.191,5703.261,-6.596,1.449,3.355,-37.21,SENSING
6927.17,3359.958,2408.191,5703.261,-6.596,1.449,3.355,-37.21,TRAVELING
6927.17,3359.958,2408.191,5703.261,-6.596,1.449,3.355,-37.21,SENSING
6927.17,3359.958,2408.191,5703.261,-6.596,1.449,3.355,-37.21,LISTENING
6930.0,3341.291,2412.274,5712.726,-6.606,1.441,3.337,-37.21,SENSING
6930.0,3341.291,2412.274,5712.726,-6.606,1.441,3.337,-37.21,MEASURING
6930.0,3341.291,2412.274,5712.726,-6.606,1.441,3.337,-37.21,SENSING
6930.0,3341.291,2412.274,5712.726,-6.606,1.441,3.337,-37.21,MANEUVERING
6930.0,3341.291,2412.274,5712.726,-6.606,1.441,3.337,-37.21,LISTENING
6932.21,3326.691,2415.447,5720.081,-6.615,1.435,3.323,-35.0,MANEUVERING
6932.21,3326.691,2415.447,5720.081,-6.615,1.435,3.323,-35.0,SENSING
6932.21,3326.691,2415.447,5720.081,-6.615,1.435,3.323,-35.0,MANEUVERING
6932.21,3326.691,2415.447,5720.081,-6.615,1.435,3.323,-35.0,LISTENING
6936.75,3296.643,2421.924,5735.09,-6.632,1.423,3.293,-30.46,MANEUVERING
6936.75,3296.643,2421.924,5735.09,-6.632,1.423,3.293,-30.46,SENSING
6936.75,3296.643,2421.924,5735.09,-6.632,1.423,3.293,-30.46,TRAVELING
6936.75,3296.643,2421.924,5735.09,-6.632,1.423,3.293,-30.46,SENSING
6936.75,3296.643,2421.924,5735.09,-6.632,1.423,3.293,-30.46,LISTENING
6940.0,3275.084,2426.526,5745.752,-6.644,1.414,3.272,-30.46,SENSING
6940.0,3275.084,2426.526,5745.752,-6.644,1.414,3.272,-30.46,MEASURING
6940.0,3275.084,2426.526,5745.752,-6.644,1.414,3.272,-30.46,SENSING
6940.0,3275.084,2426.526,5745.752,-6.644,1.414,3.272,-30.46,MANEUVERING
6940.0,3275.084,2426.526,5745.752,-6.644,1.414,3.272,-30.46,LISTENING
6945.82,3236.38,2434.693,5764.673,-6.666,1.398,3.233,-24.64,MANEUVERING
6945.82,3236.38,2434.693,5764.673,-6.666,1.398,3.233,-24.64,SENSING
6945.82,3236.38,2434.693,5764.673,-6.666,1.398,3.233,-24.64,TRAVELING
6945.82,3236.38,2434.693,5764.673,-6.666,1.398,3.233,-24.64,SENSING
6945.82,3236.38,2434.693,5764.673,-6.666,1.398,3.233,-24.64,LISTENING
6949.91,3209.105,2440.377,5777.836,-6.681,1.386,3.207,-24.64,SENSING
6949.91,3209.105,2440.377,5777.836,-6.681,1.386,3.207,-24.64,LISTENING
6950.0,3208.505,2440.502,5778.124,-6.681,1.386,3.206,-24.64,SENSING
6950.0,3208.505,2440.502,5778.124,-6.681,1.386,3.206,-24.64,MEASURING
6950.0,3208.505,2440.502,5778.124,-6.681,1.386,3.206,-24.64,SENSING
6950.0,3208.505,2440.502,5778.124,-6.681,1.386,3.206,-24.64,MANEUVERING
6950.0,3208.505,2440.502,5778.124,-6.681,1.386,3.206,-24.64,LISTENING
6951.85,3196.147,2443.057,5784.041,-6.688,1.381,3.194,-22.79,MANEUVERING
6951.85,3196.147,2443.057,5784.041,-6.688,1.381,3.194,-22.79,SENSING
6951.85,3196.147,2443.057,5784.041,-6.688,1.381,3.194,-22.79,TRAVELING
6951.85,3196.147,2443.057,5784.041,-6.688,1.381,3.194,-22.79,LISTENING
6960.0,3141.56,2454.201,5809.838,-6.717,1.358,3.14,-22.79,TRAVELING
6960.0,3141.56,2454.201,5809.838,-6.717,1.358,3.14,-22.79,SENSING
6960.0,3141.56,2454.201,5809.838,-6.717,1.358,3.14,-22.79,MEASURING
6960.0,3141.56,2454.201,5809.838,-6.717,1.358,3.14,-22.79,SENSING
6960.0,3141.56,2454.201,5809.838,-6.717,1.358,3.14,-22.79,MANEUVERING
6960.0,3141.56,2454.201,5809.838,-6.717,1.358,3.14,-22.79,LISTENING
6961.4,3132.159,2456.096,5814.225,-6.722,1.354,3.131,-21.39,MANEUVERING
6961.4,3132.159,2456.096,5814.225,-6.722,1.354,3.131,-21.39,SENSING
6961.4,3132.159,2456.096,5814.225,-6.722,1.354,3.131,-21.39,TRAVELING
6961.4,3132.159,2456.096,5814.225,-6.722,1.354,3.131,-21.39,LISTENING
6963.2,3120.062,2458.526,5819.847,-6.729,1.349,3.119,-21.39,TRAVELING
6963.2,3120.062,2458.526,5819.847,-6.729,1.349,3.119,-21.39,SENSING
6963.2,3120.062,2458.526,5819.847,-6.729,1.349,3.119,-21.39,TRAVELING
6963.2,3120.062,2458.526,5819.847,-6.729,1.349,3.119,-21.39,LISTENING
6970.0,3074.258,2467.621,5840.891,-6.753,1.33,3.074,-21.39,TRAVELING
6970.0,3074.258,2467.621,5840.891,-6.753,1.33,3.074,-21.39,SENSING
6970.0,3074.258,2467.621,5840.891,-6.753,1.33,3.074,-21.39,MEASURING
6970.0,3074.258,2467.621,5840.891,-6.753,1.33,3.074,-21.39,SENSING
6970.0,3074.258,2467.621,5840.891,-6.753,1.33,3.074,-21.39,MANEUVERING
6970.0,3074.258,2467.621,5840.891,-6.753,1.33,3.074,-21.39,LISTENING
6971.8,3062.106,2470.007,5846.41,-6.759,1.325,3.062,-23.19,MANEUVERING
6971.8,3062.106,2470.007,5846.41,-6.759,1.325,3.062,-23.19,SENSING
6971.8,3062.106,2470.007,5846.41,-6.759,1.325,3.062,-23.19,MANEUVERING
6971.8,3062.106,2470.007,5846.41,-6.759,1.325,3.062,-23.19,LISTENING
6980.0,3006.606,2480.761,5871.279,-6.787,1.302,3.007,-31.39,MANEUVERING
6980.0,3006.606,2480.761,5871.279,-6.787,1.302,3.007,-31.39,SENSING
6980.0,3006.606,2480.761,5871.279,-6.787,1.302,3.007,-31.39,MANEUVERING
6980.0,3006.606,2480.761,5871.279,-6.787,1.302,3.007,-31.39,LISTENING
6981.03,2999.618,2482.099,5874.371,-6.791,1.299,3.0,-32.42,MANEUVERING
6981.03,2999.618,2482.099,5874.371,-6.791,1.299,3.0,-32.42,SENSING
6981.03,2999.618,2482.099,5874.371,-6.791,1.299,3.0,-32.42,MANEUVERING
6981.03,2999.618,2482.099,5874.371,-6.791,1.299,3.0,-32.42,LISTENING
6981.48,2996.564,2482.682,5875.72,-6.792,1.298,2.997,-32.87,MANEUVERING
6981.48,2996.564,2482.682,5875.72,-6.792,1.298,2.997,-32.87,SENSING
6981.48,2996.564,2482.682,5875.72,-6.792,1.298,2.997,-32.87,TRAVELING
6981.48,2996.564,2482.682,5875.72,-6.792,1.298,2.997,-32.87,LISTENING
6990.0,2938.612,2493.62,5900.999,-6.821,1.274,2.94,-32.87,TRAVELING
6990.0,2938.612,2493.62,5900.999,-6.821,1.274,2.94,-32.87,SENSING
6990.0,2938.612,2493.62,5900.999,-6.821,1.274,2.94,-32.87,MEASURING
6990.0,2938.612,2493.62,5900.999,-6.821,1.274,2.94,-32.87,SENSING
6990.0,2938.612,2493.62,5900.999,-6.821,1.274,2.94,-32.87,MANEUVERING
6990.0,2938.612,2493.62,5900.999,-6.821,1.274,2.94,-32.87,LISTENING
6990.4,2935.886,2494.129,5902.174,-6.822,1.273,2.937,-32.47,MANEUVERING
6990.4,2935.886,2494.129,5902.174,-6.822,1.273,2.937,-32.47,SENSING
6990.4,2935.886,2494.129,5902.174,-6.822,1.273,2.937,-32.47,MANEUVERING
6990.4,2935.886,2494.129,5902.174,-6.822,1.273,2.937,-32.47,LISTENING
6993.21,2916.715,2497.688,5910.397,-6.832,1.265,2.918,-29.66,MANEUVERING
6993.21,2916.715,2497.688,5910.397,-6.832,1.265,2.918,-29.66,SENSING
6993.21,2916.715,2497.688,5910.397,-6.832,1.265,2.918,-29.66,TRAVELING
6993.21,2916.715,2497.688,5910.397,-6.832,1.265,2.918,-29.66,LISTENING
7000.0,2870.284,2506.196,5930.048,-6.854,1.246,2.873,-29.66,TRAVELING
7000.0,2870.284,2506.196,5930.048,-6.854,1.246,2.873,-29.66,SENSING
7000.0,2870.284,2506.196,5930.048,-6.854,1.246,2.873,-29.66,MEASURING
7000.0,2870.284,2506.196,5930.048,-6.854,1.246,2.873,-29.66,SENSING
7000.0,2870.284,2506.196,5930.048,-6.854,1.246,2.873,-29.66,MANEUVERING
7000.0,2870.284,2506.196,5930.048,-6.854,1.246,2.873,-29.66,LISTENING
7000.55,2866.517,2506.88,5931.626,-6.856,1.244,2.869,-30.21,MANEUVERING
7000.55,2866.517,2506.88,5931.626,-6.856,1.244,2.869,-30.21,SENSING
7000.55,2866.517,2506.88,5931.626,-6.856,1.244,2.869,-30.21,MANEUVERING
7000.55,2866.517,2506.88,5931.626,-6.856,1.244,2.869,-30.21,LISTENING
7010.0,2801.631,2518.488,5958.422,-6.886,1.217,2.805,-39.66,MANEUVERING
7010.0,2801.631,2518.488,5958.422,-6.886,1.217,2.805,-39.66,SENSING
7010.0,2801.631,2518.488,5958.422,-6.886,1.217,2.805,-39.66,MANEUVERING
7010.0,2801.631,2518.488,5958.422,-6.886,1.217,2.805,-39.66,LISTENING
7019.55,2735.769,2529.96,5984.888,-6.916,1.19,2.74,-49.21,MANEUVERING
7019.55,2735.769,2529.96,5984.888,-6.916,1.19,2.74,-49.21,SENSING
7019.55,2735.769,2529.96,5984.888,-6.916,1.19,2.74,-49.21,MANEUVERING
7019.55,2735.769,2529.96,5984.888,-6.916,1.19,2.74,-49.21,LISTENING
7020.0,2732.658,2530.494,5986.12,-6.918,1.188,2.737,-49.66,MANEUVERING
7020.0,2732.658,2530.494,5986.12,-6.918,1.188,2.737,-49.66,SENSING
7020.0,2732.658,2530.494,5986.12,-6.918,1.188,2.737,-49.66,MANEUVERING
7020.0,2732.658,2530.494,5986.12,-6.918,1.188,2.737,-49.66,LISTENING
7022.81,2713.221,2533.816,5993.78,-6.927,1.18,2.718,-52.47,MANEUVERING
7022.81,2713.221,2533.816,5993.78,-6.927,1.18,2.718,-52.47,SENSING
7022.81,2713.221,2533.816,5993.78,-6.927,1.18,2.718,-52.47,TRAVELING
7022.81,2713.221,2533.816,5993.78,-6.927,1.18,2.718,-52.47,LISTENING
7023.94,2705.397,2535.146,5996.846,-6.93,1.177,2.71,-52.47,TRAVELING
7023.94,2705.397,2535.146,5996.846,-6.93,1.177,2.71,-52.47,SENSING
7023.94,2705.397,2535.146,5996.846,-6.93,1.177,2.71,-52.47,TRAVELING
7023.94,2705.397,2535.146,5996.846,-6.93,1.177,2.71,-52.47,LISTENING
7030.0,2663.375,2542.214,6013.137,-6.948,1.16,2.669,-52.47,TRAVELING
7030.0,2663.375,2542.214,6013.137,-6.948,1.16,2.669,-52.47,SENSING
7030.0,2663.375,2542.214,6013.137,-6.948,1.16,2.669,-52.47,MEASURING
7030.0,2663.375,2542.214,6013.137,-6.948,1.16,2.669,-52.47,SENSING
7030.0,2663.375,2542.214,6013.137,-6.948,1.16,2.669,-52.47,MANEUVERING
7030.0,2663.375,2542.214,6013.137,-6.948,1.16,2.669,-52.47,LISTENING
7037.26,2612.886,2550.542,6032.324,-6.97,1.139,2.619,-45.21,MANEUVERING
7037.26,2612.886,2550.542,6032.324,-6.97,1.139,2.619,-45.21,SENSING
7037.26,2612.886,2550.542,6032.324,-6.97,1.139,2.619,-45.21,MANEUVERING
7037.26,2612.886,2550.542,6032.324,-6.97,1.139,2.619,-45.21,LISTENING
7038.02,2607.592,2551.405,6034.311,-6.972,1.136,2.614,-44.45,MANEUVERING
7038.02,2607.592,2551.405,6034.311,-6.972,1.136,2.614,-44.45,SENSING
7038.02,2607.592,2551.405,6034.311,-6.972,1.136,2.614,-44.45,TRAVELING
7038.02,2607.592,2551.405,6034.311,-6.972,1.136,2.614,-44.45,SENSING
7038.02,2607.592,2551.405,6034.311,-6.972,1.136,2.614,-44.45,LISTENING
7040.0,2593.79,2553.645,6039.471,-6.978,1.131,2.6,-44.45,SENSING
7040.0,2593.79,2553.645,6039.471,-6.978,1.131,2.6,-44.45,MEASURING
7040.0,2593.79,2553.645,6039.471,-6.978,1.131,2.6,-44.45,SENSING
7040.0,2593.79,2553.645,6039.471,-6.978,1.131,2.6,-44.45,MANEUVERING
7040.0,2593.79,2553.645,6039.471,-6.978,1.131,2.6,-44.45,LISTENING
7041.56,2582.908,2555.402,6043.517,-6.983,1.126,2.59,-42.89,MANEUVERING
7041.56,2582.908,2555.402,6043.517,-6.983,1.126,2.59,-42.89,SENSING
7041.56,2582.908,2555.402,6043.517,-6.983,1.126,2.59,-42.89,MANEUVERING
7041.56,2582.908,2555.402,6043.517,-6.983,1.126,2.59,-42.89,LISTENING
7043.92,2566.432,2558.047,6049.607,-6.99,1.119,2.574,-40.53,MANEUVERING
7043.92,2566.432,2558.047,6049.607,-6.99,1.119,2.574,-40.53,SENSING
7043.92,2566.432,2558.047,6049.607,-6.99,1.119,2.574,-40.53,TRAVELING
7043.92,2566.432,2558.047,6049.607,-6.99,1.119,2.574,-40.53,LISTENING
7050.0,2523.911,2564.787,6065.119,-7.007,1.102,2.532,-40.53,TRAVELING
7050.0,2523.911,2564.787,6065.119,-7.007,1.102,2.532,-40.53,SENSING
7050.0,2523.911,2564.787,6065.119,-7.007,1.102,2.532,-40.53,MEASURING
7050.0,2523.911,2564.787,6065.119,-7.007,1.102,2.532,-40.53,SENSING
7050.0,2523.911,2564.787,6065.119,-7.007,1.102,2.532,-40.53,MANEUVERING
7050.0,2523.911,2564.787,6065.119,-7.007,1.102,2.532,-40.53,LISTENING
7055.02,2488.723,2570.271,6077.735,-7.022,1.087,2.497,-45.55,MANEUVERING
7055.02,2488.723,2570.271,6077.735,-7.022,1.087,2.497,-45.55,SENSING
7055.02,2488.723,2570.271,6077.735,-7.022,1.087,2.497,-45.55,TRAVELING
7055.02,2488.723,2570.271,6077.735,-7.022,1.087,2.497,-45.55,SENSING
7055.02,2488.723,2570.271,6077.735,-7.022,1.087,2.497,-45.55,LISTENING
7057.95,2468.152,2573.438,6085.019,-7.03,1.078,2.477,-45.55,SENSING
7057.95,2468.152,2573.438,6085.019,-7.03,1.078,2.477,-45.55,LISTENING
7060.0,2453.745,2575.639,6090.079,-7.036,1.073,2.463,-45.55,SENSING
7060.0,2453.745,2575.639,6090.079,-7.036,1.073,2.463,-45.55,MEASURING
7060.0,2453.745,2575.639,6090.079,-7.036,1.073,2.463,-45.55,SENSING
7060.0,2453.745,2575.639,6090.079,-7.036,1.073,2.463,-45.55,MANEUVERING
7060.0,2453.745,2575.639,6090.079,-7.036,1.073,2.463,-45.55,LISTENING
7064.82,2419.825,2580.766,6101.863,-7.049,1.058,2.429,-50.37,MANEUVERING
7064.82,2419.825,2580.766,6101.863,-7.049,1.058,2.429,-50.37,SENSING
7064.82,2419.825,2580.766,6101.863,-7.049,1.058,2.429,-50.37,TRAVELING
7064.82,2419.825,2580.766,6101.863,-7.049,1.058,2.429,-50.37,LISTENING
7065.53,2414.823,2581.515,6103.585,-7.051,1.056,2.424,-50.37,TRAVELING
7065.53,2414.823,2581.515,6103.585,-7.051,1.056,2.424,-50.37,SENSING
7065.53,2414.823,2581.515,6103.585,-7.051,1.056,2.424,-50.37,LISTENING
7070.0,2383.301,2586.199,6114.348,-7.063,1.043,2.393,-50.37,SENSING
7070.0,2383.301,2586.199,6114.348,-7.063,1.043,2.393,-50.37,MEASURING
7070.0,2383.301,2586.199,6114.348,-7.063,1.043,2.393,-50.37,SENSING
7070.0,2383.301,2586.199,6114.348,-7.063,1.043,2.393,-50.37,MANEUVERING
7070.0,2383.301,2586.199,6114.348,-7.063,1.043,2.393,-50.37,LISTENING
7073.89,2355.824,2590.228,6123.601,-7.074,1.032,2.366,-46.48,MANEUVERING
7073.89,2355.824,2590.228,6123.601,-7.074,1.032,2.366,-46.48,SENSING
7073.89,2355.824,2590.228,6123.601,-7.074,1.032,2.366,-46.48,MANEUVERING
7073.89,2355.824,2590.228,6123.601,-7.074,1.032,2.366,-46.48,LISTENING
7077.34,2331.422,2593.764,6131.719,-7.083,1.022,2.342,-43.03,MANEUVERING
7077.34,2331.422,2593.764,6131.719,-7.083,1.022,2.342,-43.03,SENSING
7077.34,2331.422,2593.764,6131.719,-7.083,1.022,2.342,-43.03,TRAVELING
7077.34,2331.422,2593.764,6131.719,-7.083,1.022,2.342,-43.03,SENSING
7077.34,2331.422,2593.764,6131.719,-7.083,1.022,2.342,-43.03,LISTENING
7080.0,2312.586,2596.467,6137.922,-7.09,1.014,2.324,-43.03,SENSING
7080.0,2312.586,2596.467,6137.922,-7.09,1.014,2.324,-43.03,MEASURING
7080.0,2312.586,2596.467,6137.922,-7.09,1.014,2.324,-43.03,SENSING
7080.0,2312.586,2596.467,6137.922,-7.09,1.014,2.324,-43.03,MANEUVERING
7080.0,2312.586,2596.467,6137.922,-7.09,1.014,2.324,-43.03,LISTENING
7088.25,2254.049,2604.716,6156.847,-7.111,0.99,2.266,-34.78,MANEUVERING
7088.25,2254.049,2604.716,6156.847,-7.111,0.99,2.266,-34.78,SENSING
7088.25,2254.049,2604.716,6156.847,-7.111,0.99,2.266,-34.78,TRAVELING
7088.25,2254.049,2604.716,6156.847,-7.111,0.99,2.266,-34.78,SENSING
7088.25,2254.049,2604.716,6156.847,-7.111,0.99,2.266,-34.78,LISTENING
7089.92,2242.178,2606.362,6160.621,-7.115,0.985,2.255,-34.78,SENSING
7089.92,2242.178,2606.362,6160.621,-7.115,0.985,2.255,-34.78,LISTENING
7090.0,2241.609,2606.441,6160.801,-7.116,0.984,2.254,-34.78,SENSING
7090.0,2241.609,2606.441,6160.801,-7.116,0.984,2.254,-34.78,MEASURING
7090.0,2241.609,2606.441,6160.801,-7.116,0.984,2.254,-34.78,SENSING
7090.0,2241.609,2606.441,6160.801,-7.116,0.984,2.254,-34.78,MANEUVERING
7090.0,2241.609,2606.441,6160.801,-7.116,0.984,2.254,-34.78,LISTENING
7096.3,2196.763,2612.573,6174.856,-7.131,0.966,2.21,-28.48,MANEUVERING
7096.3,2196.763,2612.573,6174.856,-7.131,0.966,2.21,-28.48,SENSING
7096.3,2196.763,2612.573,6174.856,-7.131,0.966,2.21,-28.48,MANEUVERING
7096.3,2196.763,2612.573,6174.856,-7.131,0.966,2.21,-28.48,LISTENING
7097.47,2188.423,2613.699,6177.435,-7.134,0.962,2.202,-27.31,MANEUVERING
7097.47,2188.423,2613.699,6177.435,-7.134,0.962,2.202,-27.31,SENSING
7097.47,2188.423,2613.699,6177.435,-7.134,0.962,2.202,-27.31,TRAVELING
7097.47,2188.423,2613.699,6177.435,-7.134,0.962,2.202,-27.31,SENSING
7097.47,2188.423,2613.699,6177.435,-7.134,0.962,2.202,-27.31,LISTENING
7100.0,2170.378,2616.12,6182.981,-7.141,0.955,2.184,-27.31,SENSING
7100.0,2170.378,2616.12,6182.981,-7.141,0.955,2.184,-27.31,MEASURING
7100.0,2170.378,2616.12,6182.981,-7.141,0.955,2.184,-27.31,SENSING
7100.0,2170.378,2616.12,6182.981,-7.141,0.955,2.184,-27.31,MANEUVERING
7100.0,2170.378,2616.12,6182.981,-7.141,0.955,2.184,-27.31,LISTENING
7100.26,2168.523,2616.367,6183.548,-7.141,0.954,2.182,-27.57,MANEUVERING
7100.26,2168.523,2616.367,6183.548,-7.141,0.954,2.182,-27.57,SENSING
7100.26,2168.523,2616.367,6183.548,-7.141,0.954,2.182,-27.57,TRAVELING
7100.26,2168.523,2616.367,6183.548,-7.141,0.954,2.182,-27.57,LISTENING
7106.22,2125.948,2621.991,6196.423,-7.156,0.936,2.14,-27.57,TRAVELING
7106.22,2125.948,2621.991,6196.423,-7.156,0.936,2.14,-27.57,SENSING
7106.22,2125.948,2621.991,6196.423,-7.156,0.936,2.14,-27.57,LISTENING
7110.0,2098.901,2625.503,6204.46,-7.165,0.925,2.114,-27.57,SENSING
7110.0,2098.901,2625.503,6204.46,-7.165,0.925,2.114,-27.57,MEASURING
7110.0,2098.901,2625.503,6204.46,-7.165,0.925,2.114,-27.57,SENSING
7110.0,2098.901,2625.503,6204.46,-7.165,0.925,2.114,-27.57,MANEUVERING
7110.0,2098.901,2625.503,6204.46,-7.165,0.925,2.114,-27.57,LISTENING
7113.18,2076.122,2628.425,6211.143,-7.172,0.916,2.091,-24.39,MANEUVERING
7113.18,2076.122,2628.425,6211.143,-7.172,0.916,2.091,-24.39,SENSING
7113.18,2076.122,2628.425,6211.143,-7.172,0.916,2.091,-24.39,MANEUVERING
7113.18,2076.122,2628.425,6211.143,-7.172,0.916,2.091,-24.39,LISTENING
7118.2,2040.113,2632.976,6221.548,-7.184,0.901,2.056,-19.37,MANEUVERING
7118.2,2040.113,2632.976,6221.548,-7.184,0.901,2.056,-19.37,SENSING
7118.2,2040.113,2632.976,6221.548,-7.184,0.901,2.056,-19.37,TRAVELING
7118.2,2040.113,2632.976,6221.548,-7.184,0.901,2.056,-19.37,SENSING
7118.2,2040.113,2632.976,6221.548,-7.184,0.901,2.056,-19.37,LISTENING
7120.0,2027.187,2634.589,6225.236,-7.188,0.895,2.043,-19.37,SENSING
7120.0,2027.187,2634.589,6225.236,-7.188,0.895,2.043,-19.37,MEASURING
7120.0,2027.187,2634.589,6225.236,-7.188,0.895,2.043,-19.37,SENSING
7120.0,2027.187,2634.589,6225.236,-7.188,0.895,2.043,-19.37,MANEUVERING
7120.0,2027.187,2634.589,6225.236,-7.188,0.895,2.043,-19.37,LISTENING
7121.61,2015.619,2636.025,6228.515,-7.192,0.891,2.032,-17.76,MANEUVERING
7121.61,2015.619,2636.025,6228.515,-7.192,0.891,2.032,-17.76,SENSING
7121.61,2015.619,2636.025,6228.515,-7.192,0.891,2.032,-17.76,TRAVELING
7121.61,2015.619,2636.025,6228.515,-7.192,0.891,2.032,-17.76,LISTENING
7127.09,1976.202,2640.851,6239.539,-7.204,0.874,1.993,-17.76,TRAVELING
7127.09,1976.202,2640.851,6239.539,-7.204,0.874,1.993,-17.76,SENSING
7127.09,1976.202,2640.851,6239.539,-7.204,0.874,1.993,-17.76,LISTENING
7130.0,1955.243,2643.378,6245.306,-7.211,0.865,1.973,-17.76,SENSING
7130.0,1955.243,2643.378,6245.306,-7.211,0.865,1.973,-17.76,MEASURING
7130.0,1955.243,2643.378,6245.306,-7.211,0.865,1.973,-17.76,SENSING
7130.0,1955.243,2643.378,6245.306,-7.211,0.865,1.973,-17.76,MANEUVERING
7130.0,1955.243,2643.378,6245.306,-7.211,0.865,1.973,-17.76,LISTENING
7132.61,1936.429,2645.623,6250.429,-7.217,0.858,1.954,-20.37,MANEUVERING
7132.61,1936.429,2645.623,6250.429,-7.217,0.858,1.954,-20.37,SENSING
7132.61,1936.429,2645.623,6250.429,-7.217,0.858,1.954,-20.37,MANEUVERING
7132.61,1936.429,2645.623,6250.429,-7.217,0.858,1.954,-20.37,LISTENING
7132.63,1936.285,2645.64,6250.468,-7.217,0.858,1.954,-20.39,MANEUVERING
7132.63,1936.285,2645.64,6250.468,-7.217,0.858,1.954,-20.39,SENSING
7132.63,1936.285,2645.64,6250.468,-7.217,0.858,1.954,-20.39,TRAVELING
7132.63,1936.285,2645.64,6250.468,-7.217,0.858,1.954,-20.39,LISTENING
7140.0,1883.077,2651.868,6264.67,-7.232,0.836,1.902,-20.39,TRAVELING
7140.0,1883.077,2651.868,6264.67,-7.232,0.836,1.902,-20.39,SENSING
7140.0,1883.077,2651.868,6264.67,-7.232,0.836,1.902,-20.39,MEASURING
7140.0,1883.077,2651.868,6264.67,-7.232,0.836,1.902,-20.39,SENSING
7140.0,1883.077,2651.868,6264.67,-7.232,0.836,1.902,-20.39,MANEUVERING
7140.0,1883.077,2651.868,6264.67,-7.232,0.836,1.902,-20.39,LISTENING
7149.71,1812.801,2659.826,6282.793,-7.253,0.806,1.833,-30.1,MANEUVERING
7149.71,1812.801,2659.826,6282.793,-7.253,0.806,1.833,-30.1,SENSING
7149.71,1812.801,2659.826,6282.793,-7.253,0.806,1.833,-30.1,TRAVELING
7149.71,1812.801,2659.826,6282.793,-7.253,0.806,1.833,-30.1,SENSING
7149.71,1812.801,2659.826,6282.793,-7.253,0.806,1.833,-30.1,LISTENING
7150.0,1810.699,2660.059,6283.324,-7.253,0.805,1.831,-30.1,SENSING
7150.0,1810.699,2660.059,6283.324,-7.253,0.805,1.831,-30.1,MEASURING
7150.0,1810.699,2660.059,6283.324,-7.253,0.805,1.831,-30.1,SENSING
7150.0,1810.699,2660.059,6283.324,-7.253,0.805,1.831,-30.1,MANEUVERING
7150.0,1810.699,2660.059,6283.324,-7.253,0.805,1.831,-30.1,LISTENING
7152.96,1789.235,2662.426,6288.709,-7.259,0.797,1.81,-27.14,MANEUVERING
7152.96,1789.235,2662.426,6288.709,-7.259,0.797,1.81,-27.14,SENSING
7152.96,1789.235,2662.426,6288.709,-7.259,0.797,1.81,-27.14,TRAVELING
7152.96,1789.235,2662.426,6288.709,-7.259,0.797,1.81,-27.14,LISTENING
7153.6,1784.592,2662.934,6289.865,-7.261,0.795,1.805,-27.14,TRAVELING
7153.6,1784.592,2662.934,6289.865,-7.261,0.795,1.805,-27.14,SENSING
7153.6,1784.592,2662.934,6289.865,-7.261,0.795,1.805,-27.14,TRAVELING
7153.6,1784.592,2662.934,6289.865,-7.261,0.795,1.805,-27.14,LISTENING
7160.0,1738.116,2667.95,6301.267,-7.273,0.775,1.76,-27.14,TRAVELING
7160.0,1738.116,2667.95,6301.267,-7.273,0.775,1.76,-27.14,SENSING
7160.0,1738.116,2667.95,6301.267,-7.273,0.775,1.76,-27.14,MEASURING
7160.0,1738.116,2667.95,6301.267,-7.273,0.775,1.76,-27.14,SENSING
7160.0,1738.116,2667.95,6301.267,-7.273,0.775,1.76,-27.14,MANEUVERING
7160.0,1738.116,2667.95,6301.267,-7.273,0.775,1.76,-27.14,LISTENING
7160.75,1732.664,2668.529,6302.584,-7.275,0.773,1.754,-27.89,MANEUVERING
7160.75,1732.664,2668.529,6302.584,-7.275,0.773,1.754,-27.89,SENSING
7160.75,1732.664,2668.529,6302.584,-7.275,0.773,1.754,-27.89,MANEUVERING
7160.75,1732.664,2668.529,6302.584,-7.275,0.773,1.754,-27.89,LISTENING
7170.0,1665.335,2675.539,6318.497,-7.293,0.745,1.688,-37.14,MANEUVERING
7170.0,1665.335,2675.539,6318.497,-7.293,0.745,1.688,-37.14,SENSING
7170.0,1665.335,2675.539,6318.497,-7.293,0.745,1.688,-37.14,MANEUVERING
7170.0,1665.335,2675.539,6318.497,-7.293,0.745,1.688,-37.14,LISTENING
7175.96,1621.869,2679.919,6328.426,-7.304,0.727,1.645,-43.1,MANEUVERING
7175.96,1621.869,2679.919,6328.426,-7.304,0.727,1.645,-43.1,SENSING
7175.96,1621.869,2679.919,6328.426,-7.304,0.727,1.645,-43.1,MANEUVERING
7175.96,1621.869,2679.919,6328.426,-7.304,0.727,1.645,-43.1,LISTENING
7177.43,1611.138,2680.983,6330.836,-7.307,0.723,1.635,-44.57,MANEUVERING
7177.43,1611.138,2680.983,6330.836,-7.307,0.723,1.635,-44.57,SENSING
7177.43,1611.138,2680.983,6330.836,-7.307,0.723,1.635,-44.57,TRAVELING
7177.43,1611.138,2680.983,6330.836,-7.307,0.723,1.635,-44.57,SENSING
7177.43,1611.138,2680.983,6330.836,-7.307,0.723,1.635,-44.57,LISTENING
7180.0,1592.367,2682.827,6335.012,-7.311,0.715,1.617,-44.57,SENSING
7180.0,1592.367,2682.827,6335.012,-7.311,0.715,1.617,-44.57,MEASURING
7180.0,1592.367,2682.827,6335.012,-7.311,0.715,1.617,-44.57,SENSING
7180.0,1592.367,2682.827,6335.012,-7.311,0.715,1.617,-44.57,MANEUVERING
7180.0,1592.367,2682.827,6335.012,-7.311,0.715,1.617,-44.57,LISTENING
7182.33,1575.339,2684.481,6338.757,-7.315,0.708,1.6,-46.9,MANEUVERING
7182.33,1575.339,2684.481,6338.757,-7.315,0.708,1.6,-46.9,SENSING
7182.33,1575.339,2684.481,6338.757,-7.315,0.708,1.6,-46.9,MANEUVERING
7182.33,1575.339,2684.481,6338.757,-7.315,0.708,1.6,-46.9,LISTENING
7187.38,1538.401,2688.011,6346.741,-7.324,0.692,1.564,-51.95,MANEUVERING
7187.38,1538.401,2688.011,6346.741,-7.324,0.692,1.564,-51.95,SENSING
7187.38,1538.401,2688.011,6346.741,-7.324,0.692,1.564,-51.95,TRAVELING
7187.38,1538.401,2688.011,6346.741,-7.324,0.692,1.564,-51.95,SENSING
7187.38,1538.401,2688.011,6346.741,-7.324,0.692,1.564,-51.95,LISTENING
7190.0,1519.219,2689.812,6350.811,-7.329,0.685,1.545,-51.95,SENSING
7190.0,1519.219,2689.812,6350.811,-7.329,0.685,1.545,-51.95,MEASURING
7190.0,1519.219,2689.812,6350.811,-7.329,0.685,1.545,-51.95,SENSING
7190.0,1519.219,2689.812,6350.811,-7.329,0.685,1.545,-51.95,MANEUVERING
7190.0,1519.219,2689.812,6350.811,-7.329,0.685,1.545,-51.95,LISTENING
7191.4,1508.964,2690.765,6352.965,-7.331,0.68,1.535,-50.55,MANEUVERING
7191.4,1508.964,2690.765,6352.965,-7.331,0.68,1.535,-50.55,SENSING
7191.4,1508.964,2690.765,6352.965,-7.331,0.68,1.535,-50.55,TRAVELING
7191.4,1508.964,2690.765,6352.965,-7.331,0.68,1.535,-50.55,LISTENING
7200.0,1445.899,2696.493,6365.892,-7.346,0.654,1.473,-50.55,TRAVELING
7200.0,1445.899,2696.493,6365.892,-7.346,0.654,1.473,-50.55,SENSING
7200.0,1445.899,2696.493,6365.892,-7.346,0.654,1.473,-50.55,MEASURING
7200.0,1445.899,2696.493,6365.892,-7.346,0.654,1.473,-50.55,SENSING
7200.0,1445.899,2696.493,6365.892,-7.346,0.654,1.473,-50.55,MANEUVERING
7200.0,1445.899,2696.493,6365.892,-7.346,0.654,1.473,-50.55,LISTENING
7202.33,1428.792,2698.007,6369.302,-7.349,0.647,1.456,-52.88,MANEUVERING
7202.33,1428.792,2698.007,6369.302,-7.349,0.647,1.456,-52.88,SENSING
7202.33,1428.792,2698.007,6369.302,-7.349,0.647,1.456,-52.88,TRAVELING
7202.33,1428.792,2698.007,6369.302,-7.349,0.647,1.456,-52.88,LISTENING
7210.0,1372.416,2702.871,6380.253,-7.361,0.624,1.401,-52.88,TRAVELING
7210.0,1372.416,2702.871,6380.253,-7.361,0.624,1.401,-52.88,SENSING
7210.0,1372.416,2702.871,6380.253,-7.361,0.624,1.401,-52.88,MEASURING
7210.0,1372.416,2702.871,6380.253,-7.361,0.624,1.401,-52.88,SENSING
7210.0,1372.416,2702.871,6380.253,-7.361,0.624,1.401,-52.88,MANEUVERING
7210.0,1372.416,2702.871,6380.253,-7.361,0.624,1.401,-52.88,LISTENING
7249.96,1077.313,2725.311,6430.434,-7.417,0.501,1.112,-12.92,MANEUVERING
7249.96,1077.313,2725.311,6430.434,-7.417,0.501,1.112,-12.92,SENSING
7249.96,1077.313,2725.311,6430.434,-7.417,0.501,1.112,-12.92,MANEUVERING
7249.96,1077.313,2725.311,6430.434,-7.417,0.501,1.112,-12.92,LISTENING
7275.02,891.222,2736.887,6455.997,-7.445,0.424,0.929,12.14,MANEUVERING
7275.02,891.222,2736.887,6455.997,-7.445,0.424,0.929,12.14,SENSING
7275.02,891.222,2736.887,6455.997,-7.445,0.424,0.929,12.14,TRAVELING
7275.02,891.222,2736.887,6455.997,-7.445,0.424,0.929,12.14,LISTENING
7290.0,779.674,2742.885,6469.096,-7.459,0.378,0.82,12.14,TRAVELING
7290.0,779.674,2742.885,6469.096,-7.459,0.378,0.82,12.14,SENSING
7290.0,779.674,2742.885,6469.096,-7.459,0.378,0.82,12.14,TRAVELING
7290.0,779.674,2742.885,6469.096,-7.459,0.378,0.82,12.14,LISTENING
7294.39,746.945,2744.511,6472.625,-7.462,0.364,0.788,12.14,TRAVELING
7294.39,746.945,2744.511,6472.625,-7.462,0.364,0.788,12.14,SENSING
7294.39,746.945,2744.511,6472.625,-7.462,0.364,0.788,12.14,TRAVELING
7294.39,746.945,2744.511,6472.625,-7.462,0.364,0.788,12.14,LISTENING
7300.0,705.098,2746.503,6476.93,-7.467,0.347,0.747,12.14,TRAVELING
7300.0,705.098,2746.503,6476.93,-7.467,0.347,0.747,12.14,SENSING
7300.0,705.098,2746.503,6476.93,-7.467,0.347,0.747,12.14,TRAVELING
7300.0,705.098,2746.503,6476.93,-7.467,0.347,0.747,12.14,LISTENING
7306.45,656.953,2748.673,6481.596,-7.472,0.327,0.7,12.14,TRAVELING
7306.45,656.953,2748.673,6481.596,-7.472,0.327,0.7,12.14,SENSING
7306.45,656.953,2748.673,6481.596,-7.472,0.327,0.7,12.14,LISTENING
7310.0,630.442,2749.813,6484.034,-7.475,0.316,0.674,12.14,SENSING
7310.0,630.442,2749.813,6484.034,-7.475,0.316,0.674,12.14,MEASURING
7310.0,630.442,2749.813,6484.034,-7.475,0.316,0.674,12.14,SENSING
7310.0,630.442,2749.813,6484.034,-7.475,0.316,0.674,12.14,MANEUVERING
7310.0,630.442,2749.813,6484.034,-7.475,0.316,0.674,12.14,LISTENING
7310.72,625.064,2750.039,6484.517,-7.475,0.314,0.669,11.42,MANEUVERING
7310.72,625.064,2750.039,6484.517,-7.475,0.314,0.669,11.42,SENSING
7310.72,625.064,2750.039,6484.517,-7.475,0.314,0.669,11.42,MANEUVERING
7310.72,625.064,2750.039,6484.517,-7.475,0.314,0.669,11.42,LISTENING
7315.45,589.724,2751.487,6487.598,-7.478,0.299,0.634,6.69,MANEUVERING
7315.45,589.724,2751.487,6487.598,-7.478,0.299,0.634,6.69,SENSING
7315.45,589.724,2751.487,6487.598,-7.478,0.299,0.634,6.69,TRAVELING
7315.45,589.724,2751.487,6487.598,-7.478,0.299,0.634,6.69,SENSING
7315.45,589.724,2751.487,6487.598,-7.478,0.299,0.634,6.69,LISTENING
7320.0,555.715,2752.814,6490.408,-7.481,0.285,0.601,6.69,SENSING
7320.0,555.715,2752.814,6490.408,-7.481,0.285,0.601,6.69,MEASURING
7320.0,555.715,2752.814,6490.408,-7.481,0.285,0.601,6.69,SENSING
7320.0,555.715,2752.814,6490.408,-7.481,0.285,0.601,6.69,MANEUVERING
7320.0,555.715,2752.814,6490.408,-7.481,0.285,0.601,6.69,LISTENING
7323.9,526.555,2753.901,6492.696,-7.484,0.273,0.573,2.79,MANEUVERING
7323.9,526.555,2753.901,6492.696,-7.484,0.273,0.573,2.79,SENSING
7323.9,526.555,2753.901,6492.696,-7.484,0.273,0.573,2.79,TRAVELING
7323.9,526.555,2753.901,6492.696,-7.484,0.273,0.573,2.79,LISTENING
7330.0,480.926,2755.506,6496.051,-7.487,0.254,0.528,2.79,TRAVELING
7330.0,480.926,2755.506,6496.051,-7.487,0.254,0.528,2.79,SENSING
7330.0,480.926,2755.506,6496.051,-7.487,0.254,0.528,2.79,MEASURING
7330.0,480.926,2755.506,6496.051,-7.487,0.254,0.528,2.79,SENSING
7330.0,480.926,2755.506,6496.051,-7.487,0.254,0.528,2.79,MANEUVERING
7330.0,480.926,2755.506,6496.051,-7.487,0.254,0.528,2.79,LISTENING
7338.61,416.489,2757.576,6500.324,-7.491,0.227,0.465,-5.82,MANEUVERING
7338.61,416.489,2757.576,6500.324,-7.491,0.227,0.465,-5.82,SENSING
7338.61,416.489,2757.576,6500.324,-7.491,0.227,0.465,-5.82,TRAVELING
7338.61,416.489,2757.576,6500.324,-7.491,0.227,0.465,-5.82,SENSING
7338.61,416.489,2757.576,6500.324,-7.491,0.227,0.465,-5.82,LISTENING
7340.0,406.083,2757.889,6500.963,-7.492,0.223,0.455,-5.82,SENSING
7340.0,406.083,2757.889,6500.963,-7.492,0.223,0.455,-5.82,MEASURING
7340.0,406.083,2757.889,6500.963,-7.492,0.223,0.455,-5.82,SENSING
7340.0,406.083,2757.889,6500.963,-7.492,0.223,0.455,-5.82,MANEUVERING
7340.0,406.083,2757.889,6500.963,-7.492,0.223,0.455,-5.82,LISTENING
7355.99,286.318,2761.056,6507.298,-7.498,0.174,0.338,10.17,MANEUVERING
7355.99,286.318,2761.056,6507.298,-7.498,0.174,0.338,10.17,SENSING
7355.99,286.318,2761.056,6507.298,-7.498,0.174,0.338,10.17,MANEUVERING
7355.99,286.318,2761.056,6507.298,-7.498,0.174,0.338,10.17,LISTENING
7386.13,60.372,2764.872,6514.151,-7.504,0.08,0.117,40.31,MANEUVERING
7386.13,60.372,2764.872,6514.151,-7.504,0.08,0.117,40.31,SENSING
7386.13,60.372,2764.872,6514.151,-7.504,0.08,0.117,40.31,TRAVELING
7386.13,60.372,2764.872,6514.151,-7.504,0.08,0.117,40.31,LISTENING
7450.0,-418.351,2763.661,6506.711,-7.491,-0.118,-0.35,40.31,TRAVELING
7450.0,-418.351,2763.661,6506.711,-7.491,-0.118,-0.35,40.31,SENSING
7450.0,-418.351,2763.661,6506.711,-7.491,-0.118,-0.35,40.31,TRAVELING
7450.0,-418.351,2763.661,6506.711,-7.491,-0.118,-0.35,40.31,LISTENING
7462.76,-513.832,2761.906,6501.654,-7.485,-0.158,-0.443,40.31,TRAVELING
7462.76,-513.832,2761.906,6501.654,-7.485,-0.158,-0.443,40.31,SENSING
7462.76,-513.832,2761.906,6501.654,-7.485,-0.158,-0.443,40.31,TRAVELING
7462.76,-513.832,2761.906,6501.654,-7.485,-0.158,-0.443,40.31,LISTENING
7470.0,-567.967,2760.687,6498.257,-7.48,-0.18,-0.496,40.31,TRAVELING
7470.0,-567.967,2760.687,6498.257,-7.48,-0.18,-0.496,40.31,SENSING
7470.0,-567.967,2760.687,6498.257,-7.48,-0.18,-0.496,40.31,MEASURING
7470.0,-567.967,2760.687,6498.257,-7.48,-0.18,-0.496,40.31,SENSING
7470.0,-567.967,2760.687,6498.257,-7.48,-0.18,-0.496,40.31,MANEUVERING
7470.0,-567.967,2760.687,6498.257,-7.48,-0.18,-0.496,40.31,LISTENING
7507.16,-845.225,2751.889,6474.821,-7.451,-0.295,-0.766,3.15,MANEUVERING
7507.16,-845.225,2751.889,6474.821,-7.451,-0.295,-0.766,3.15,SENSING
7507.16,-845.225,2751.889,6474.821,-7.451,-0.295,-0.766,3.15,TRAVELING
7507.16,-845.225,2751.889,6474.821,-7.451,-0.295,-0.766,3.15,LISTENING
7525.46,-981.312,2745.996,6459.6,-7.432,-0.351,-0.898,3.15,TRAVELING
7525.46,-981.312,2745.996,6459.6,-7.432,-0.351,-0.898,3.15,SENSING
7525.46,-981.312,2745.996,6459.6,-7.432,-0.351,-0.898,3.15,LISTENING
7530.0,-1015.019,2744.375,6455.449,-7.427,-0.365,-0.931,3.15,SENSING
7530.0,-1015.019,2744.375,6455.449,-7.427,-0.365,-0.931,3.15,MEASURING
7530.0,-1015.019,2744.375,6455.449,-7.427,-0.365,-0.931,3.15,SENSING
7530.0,-1015.019,2744.375,6455.449,-7.427,-0.365,-0.931,3.15,MANEUVERING
7530.0,-1015.019,2744.375,6455.449,-7.427,-0.365,-0.931,3.15,LISTENING
7535.12,-1053.003,2742.471,6450.589,-7.421,-0.38,-0.968,-1.97,MANEUVERING
7535.12,-1053.003,2742.471,6450.589,-7.421,-0.38,-0.968,-1.97,SENSING
7535.12,-1053.003,2742.471,6450.589,-7.421,-0.38,-0.968,-1.97,MANEUVERING
7535.12,-1053.003,2742.471,6450.589,-7.421,-0.38,-0.968,-1.97,LISTENING
7535.19,-1053.522,2742.445,6450.521,-7.421,-0.381,-0.969,-2.04,MANEUVERING
7535.19,-1053.522,2742.445,6450.521,-7.421,-0.381,-0.969,-2.04,SENSING
7535.19,-1053.522,2742.445,6450.521,-7.421,-0.381,-0.969,-2.04,TRAVELING
7535.19,-1053.522,2742.445,6450.521,-7.421,-0.381,-0.969,-2.04,SENSING
7535.19,-1053.522,2742.445,6450.521,-7.421,-0.381,-0.969,-2.04,LISTENING
7540.0,-1089.179,2740.582,6445.781,-7.415,-0.395,-1.003,-2.04,SENSING
7540.0,-1089.179,2740.582,6445.781,-7.415,-0.395,-1.003,-2.04,MEASURING
7540.0,-1089.179,2740.582,6445.781,-7.415,-0.395,-1.003,-2.04,SENSING
7540.0,-1089.179,2740.582,6445.781,-7.415,-0.395,-1.003,-2.04,MANEUVERING
7540.0,-1089.179,2740.582,6445.781,-7.415,-0.395,-1.003,-2.04,LISTENING
7548.8,-1154.339,2736.992,6436.677,-7.404,-0.422,-1.067,6.76,MANEUVERING
7548.8,-1154.339,2736.992,6436.677,-7.404,-0.422,-1.067,6.76,SENSING
7548.8,-1154.339,2736.992,6436.677,-7.404,-0.422,-1.067,6.76,TRAVELING
7548.8,-1154.339,2736.992,6436.677,-7.404,-0.422,-1.067,6.76,SENSING
7548.8,-1154.339,2736.992,6436.677,-7.404,-0.422,-1.067,6.76,LISTENING
7550.0,-1163.217,2736.484,6435.392,-7.403,-0.426,-1.075,6.76,SENSING
7550.0,-1163.217,2736.484,6435.392,-7.403,-0.426,-1.075,6.76,MEASURING
7550.0,-1163.217,2736.484,6435.392,-7.403,-0.426,-1.075,6.76,SENSING
7550.0,-1163.217,2736.484,6435.392,-7.403,-0.426,-1.075,6.76,MANEUVERING
7550.0,-1163.217,2736.484,6435.392,-7.403,-0.426,-1.075,6.76,LISTENING
7551.32,-1172.98,2735.92,6433.967,-7.401,-0.43,-1.085,5.44,MANEUVERING
7551.32,-1172.98,2735.92,6433.967,-7.401,-0.43,-1.085,5.44,SENSING
7551.32,-1172.98,2735.92,6433.967,-7.401,-0.43,-1.085,5.44,MANEUVERING
7551.32,-1172.98,2735.92,6433.967,-7.401,-0.43,-1.085,5.44,LISTENING
7554.59,-1197.157,2734.5,6430.383,-7.397,-0.44,-1.108,2.17,MANEUVERING
7554.59,-1197.157,2734.5,6430.383,-7.397,-0.44,-1.108,2.17,SENSING
7554.59,-1197.157,2734.5,6430.383,-7.397,-0.44,-1.108,2.17,TRAVELING
7554.59,-1197.157,2734.5,6430.383,-7.397,-0.44,-1.108,2.17,LISTENING
7560.0,-1237.125,2732.08,6424.284,-7.389,-0.456,-1.147,2.17,TRAVELING
7560.0,-1237.125,2732.08,6424.284,-7.389,-0.456,-1.147,2.17,SENSING
7560.0,-1237.125,2732.08,6424.284,-7.389,-0.456,-1.147,2.17,TRAVELING
7560.0,-1237.125,2732.08,6424.284,-7.389,-0.456,-1.147,2.17,LISTENING
7570.0,-1310.895,2727.372,6412.458,-7.375,-0.487,-1.219,2.17,TRAVELING
7570.0,-1310.895,2727.372,6412.458,-7.375,-0.487,-1.219,2.17,SENSING
7570.0,-1310.895,2727.372,6412.458,-7.375,-0.487,-1.219,2.17,MEASURING
7570.0,-1310.895,2727.372,6412.458,-7.375,-0.487,-1.219,2.17,SENSING
7570.0,-1310.895,2727.372,6412.458,-7.375,-0.487,-1.219,2.17,MANEUVERING
7570.0,-1310.895,2727.372,6412.458,-7.375,-0.487,-1.219,2.17,LISTENING
7575.03,-1347.946,2724.889,6406.239,-7.368,-0.502,-1.255,7.2,MANEUVERING
7575.03,-1347.946,2724.889,6406.239,-7.368,-0.502,-1.255,7.2,SENSING
7575.03,-1347.946,2724.889,6406.239,-7.368,-0.502,-1.255,7.2,TRAVELING
7575.03,-1347.946,2724.889,6406.239,-7.368,-0.502,-1.255,7.2,SENSING
7575.03,-1347.946,2724.889,6406.239,-7.368,-0.502,-1.255,7.2,LISTENING
7580.0,-1384.518,2722.361,6399.916,-7.36,-0.517,-1.291,7.2,SENSING
7580.0,-1384.518,2722.361,6399.916,-7.36,-0.517,-1.291,7.2,MEASURING
7580.0,-1384.518,2722.361,6399.916,-7.36,-0.517,-1.291,7.2,SENSING
7580.0,-1384.518,2722.361,6399.916,-7.36,-0.517,-1.291,7.2,MANEUVERING
7580.0,-1384.518,2722.361,6399.916,-7.36,-0.517,-1.291,7.2,LISTENING
7613.5,-1629.985,2703.366,6352.703,-7.304,-0.619,-1.529,-26.3,MANEUVERING
7613.5,-1629.985,2703.366,6352.703,-7.304,-0.619,-1.529,-26.3,SENSING
7613.5,-1629.985,2703.366,6352.703,-7.304,-0.619,-1.529,-26.3,MANEUVERING
7613.5,-1629.985,2703.366,6352.703,-7.304,-0.619,-1.529,-26.3,LISTENING
7635.25,-1788.282,2689.226,6317.788,-7.262,-0.684,-1.683,-48.05,MANEUVERING
7635.25,-1788.282,2689.226,6317.788,-7.262,-0.684,-1.683,-48.05,SENSING
7635.25,-1788.282,2689.226,6317.788,-7.262,-0.684,-1.683,-48.05,TRAVELING
7635.25,-1788.282,2689.226,6317.788,-7.262,-0.684,-1.683,-48.05,LISTENING
7690.0,-2182.397,2647.389,6215.201,-7.141,-0.847,-2.065,-48.05,TRAVELING
7690.0,-2182.397,2647.389,6215.201,-7.141,-0.847,-2.065,-48.05,SENSING
7690.0,-2182.397,2647.389,6215.201,-7.141,-0.847,-2.065,-48.05,TRAVELING
7690.0,-2182.397,2647.389,6215.201,-7.141,-0.847,-2.065,-48.05,LISTENING
7694.21,-2212.418,2643.806,6206.449,-7.131,-0.859,-2.094,-48.05,TRAVELING
7694.21,-2212.418,2643.806,6206.449,-7.131,-0.859,-2.094,-48.05,SENSING
7694.21,-2212.418,2643.806,6206.449,-7.131,-0.859,-2.094,-48.05,TRAVELING
7694.21,-2212.418,2643.806,6206.449,-7.131,-0.859,-2.094,-48.05,LISTENING
7700.0,-2253.634,2638.792,6194.212,-7.116,-0.876,-2.134,-48.05,TRAVELING
7700.0,-2253.634,2638.792,6194.212,-7.116,-0.876,-2.134,-48.05,SENSING
7700.0,-2253.634,2638.792,6194.212,-7.116,-0.876,-2.134,-48.05,MEASURING
7700.0,-2253.634,2638.792,6194.212,-7.116,-0.876,-2.134,-48.05,SENSING
7700.0,-2253.634,2638.792,6194.212,-7.116,-0.876,-2.134,-48.05,MANEUVERING
7700.0,-2253.634,2638.792,6194.212,-7.116,-0.876,-2.134,-48.05,LISTENING
7701.05,-2261.099,2637.872,6191.969,-7.114,-0.879,-2.142,-49.1,MANEUVERING
7701.05,-2261.099,2637.872,6191.969,-7.114,-0.879,-2.142,-49.1,SENSING
7701.05,-2261.099,2637.872,6191.969,-7.114,-0.879,-2.142,-49.1,TRAVELING
7701.05,-2261.099,2637.872,6191.969,-7.114,-0.879,-2.142,-49.1,LISTENING
7704.82,-2287.881,2634.543,6183.85,-7.104,-0.89,-2.168,-49.1,TRAVELING
7704.82,-2287.881,2634.543,6183.85,-7.104,-0.89,-2.168,-49.1,SENSING
7704.82,-2287.881,2634.543,6183.85,-7.104,-0.89,-2.168,-49.1,TRAVELING
7704.82,-2287.881,2634.543,6183.85,-7.104,-0.89,-2.168,-49.1,LISTENING
7710.0,-2324.62,2629.902,6172.535,-7.091,-0.905,-2.203,-49.1,TRAVELING
7710.0,-2324.62,2629.902,6172.535,-7.091,-0.905,-2.203,-49.1,SENSING
7710.0,-2324.62,2629.902,6172.535,-7.091,-0.905,-2.203,-49.1,MEASURING
7710.0,-2324.62,2629.902,6172.535,-7.091,-0.905,-2.203,-49.1,SENSING
7710.0,-2324.62,2629.902,6172.535,-7.091,-0.905,-2.203,-49.1,MANEUVERING
7710.0,-2324.62,2629.902,6172.535,-7.091,-0.905,-2.203,-49.1,LISTENING
7713.72,-2350.961,2626.52,6164.296,-7.081,-0.916,-2.229,-45.38,MANEUVERING
7713.72,-2350.961,2626.52,6164.296,-7.081,-0.916,-2.229,-45.38,SENSING
7713.72,-2350.961,2626.52,6164.296,-7.081,-0.916,-2.229,-45.38,TRAVELING
7713.72,-2350.961,2626.52,6164.296,-7.081,-0.916,-2.229,-45.38,LISTENING
7720.0,-2395.348,2620.72,6150.171,-7.065,-0.935,-2.272,-45.38,TRAVELING
7720.0,-2395.348,2620.72,6150.171,-7.065,-0.935,-2.272,-45.38,SENSING
7720.0,-2395.348,2620.72,6150.171,-7.065,-0.935,-2.272,-45.38,MEASURING
7720.0,-2395.348,2620.72,6150.171,-7.065,-0.935,-2.272,-45.38,SENSING
7720.0,-2395.348,2620.72,6150.171,-7.065,-0.935,-2.272,-45.38,MANEUVERING
7720.0,-2395.348,2620.72,6150.171,-7.065,-0.935,-2.272,-45.38,LISTENING
7724.82,-2429.344,2616.19,6139.147,-7.052,-0.949,-2.305,-50.2,MANEUVERING
7724.82,-2429.344,2616.19,6139.147,-7.052,-0.949,-2.305,-50.2,SENSING
7724.82,-2429.344,2616.19,6139.147,-7.052,-0.949,-2.305,-50.2,TRAVELING
7724.82,-2429.344,2616.19,6139.147,-7.052,-0.949,-2.305,-50.2,LISTENING
7730.0,-2465.809,2611.248,6127.124,-7.038,-0.964,-2.34,-50.2,TRAVELING
7730.0,-2465.809,2611.248,6127.124,-7.038,-0.964,-2.34,-50.2,SENSING
7730.0,-2465.809,2611.248,6127.124,-7.038,-0.964,-2.34,-50.2,MEASURING
7730.0,-2465.809,2611.248,6127.124,-7.038,-0.964,-2.34,-50.2,SENSING
7730.0,-2465.809,2611.248,6127.124,-7.038,-0.964,-2.34,-50.2,MANEUVERING
7730.0,-2465.809,2611.248,6127.124,-7.038,-0.964,-2.34,-50.2,LISTENING
7789.65,-2880.156,2548.772,5975.597,-6.86,-1.134,-2.741,9.45,MANEUVERING
7789.65,-2880.156,2548.772,5975.597,-6.86,-1.134,-2.741,9.45,SENSING
7789.65,-2880.156,2548.772,5975.597,-6.86,-1.134,-2.741,9.45,MANEUVERING
7789.65,-2880.156,2548.772,5975.597,-6.86,-1.134,-2.741,9.45,LISTENING
7790.0,-2882.555,2548.376,5974.638,-6.859,-1.135,-2.744,9.8,MANEUVERING
7790.0,-2882.555,2548.376,5974.638,-6.859,-1.135,-2.744,9.8,SENSING
7790.0,-2882.555,2548.376,5974.638,-6.859,-1.135,-2.744,9.8,MANEUVERING
7790.0,-2882.555,2548.376,5974.638,-6.859,-1.135,-2.744,9.8,LISTENING
7796.02,-2923.76,2541.502,5958.01,-6.84,-1.152,-2.783,15.82,MANEUVERING
7796.02,-2923.76,2541.502,5958.01,-6.84,-1.152,-2.783,15.82,SENSING
7796.02,-2923.76,2541.502,5958.01,-6.84,-1.152,-2.783,15.82,MANEUVERING
7796.02,-2923.76,2541.502,5958.01,-6.84,-1.152,-2.783,15.82,LISTENING
7800.0,-2950.938,2536.902,5946.885,-6.827,-1.164,-2.81,19.8,MANEUVERING
7800.0,-2950.938,2536.902,5946.885,-6.827,-1.164,-2.81,19.8,SENSING
7800.0,-2950.938,2536.902,5946.885,-6.827,-1.164,-2.81,19.8,MANEUVERING
7800.0,-2950.938,2536.902,5946.885,-6.827,-1.164,-2.81,19.8,LISTENING
7802.43,-2967.506,2534.072,5940.041,-6.819,-1.17,-2.826,22.23,MANEUVERING
7802.43,-2967.506,2534.072,5940.041,-6.819,-1.17,-2.826,22.23,SENSING
7802.43,-2967.506,2534.072,5940.041,-6.819,-1.17,-2.826,22.23,MANEUVERING
7802.43,-2967.506,2534.072,5940.041,-6.819,-1.17,-2.826,22.23,LISTENING
7809.34,-3014.512,2525.933,5920.368,-6.796,-1.19,-2.871,29.14,MANEUVERING
7809.34,-3014.512,2525.933,5920.368,-6.796,-1.19,-2.871,29.14,SENSING
7809.34,-3014.512,2525.933,5920.368,-6.796,-1.19,-2.871,29.14,TRAVELING
7809.34,-3014.512,2525.933,5920.368,-6.796,-1.19,-2.871,29.14,SENSING
7809.34,-3014.512,2525.933,5920.368,-6.796,-1.19,-2.871,29.14,LISTENING
7810.0,-3018.994,2525.148,5918.472,-6.794,-1.192,-2.876,29.14,SENSING
7810.0,-3018.994,2525.148,5918.472,-6.794,-1.192,-2.876,29.14,MEASURING
7810.0,-3018.994,2525.148,5918.472,-6.794,-1.192,-2.876,29.14,SENSING
7810.0,-3018.994,2525.148,5918.472,-6.794,-1.192,-2.876,29.14,MANEUVERING
7810.0,-3018.994,2525.148,5918.472,-6.794,-1.192,-2.876,29.14,LISTENING
7814.28,-3048.02,2520.032,5906.111,-6.779,-1.204,-2.904,33.42,MANEUVERING
7814.28,-3048.02,2520.032,5906.111,-6.779,-1.204,-2.904,33.42,SENSING
7814.28,-3048.02,2520.032,5906.111,-6.779,-1.204,-2.904,33.42,TRAVELING
7814.28,-3048.02,2520.032,5906.111,-6.779,-1.204,-2.904,33.42,LISTENING
7819.17,-3081.107,2514.125,5891.841,-6.763,-1.217,-2.936,33.42,TRAVELING
7819.17,-3081.107,2514.125,5891.841,-6.763,-1.217,-2.936,33.42,SENSING
7819.17,-3081.107,2514.125,5891.841,-6.763,-1.217,-2.936,33.42,LISTENING
7820.0,-3086.715,2513.115,5889.403,-6.76,-1.22,-2.941,33.42,SENSING
7820.0,-3086.715,2513.115,5889.403,-6.76,-1.22,-2.941,33.42,MEASURING
7820.0,-3086.715,2513.115,5889.403,-6.76,-1.22,-2.941,33.42,SENSING
7820.0,-3086.715,2513.115,5889.403,-6.76,-1.22,-2.941,33.42,MANEUVERING
7820.0,-3086.715,2513.115,5889.403,-6.76,-1.22,-2.941,33.42,LISTENING
7825.51,-3123.883,2506.366,5873.107,-6.741,-1.235,-2.977,38.93,MANEUVERING
7825.51,-3123.883,2506.366,5873.107,-6.741,-1.235,-2.977,38.93,SENSING
7825.51,-3123.883,2506.366,5873.107,-6.741,-1.235,-2.977,38.93,TRAVELING
7825.51,-3123.883,2506.366,5873.107,-6.741,-1.235,-2.977,38.93,SENSING
7825.51,-3123.883,2506.366,5873.107,-6.741,-1.235,-2.977,38.93,LISTENING
7827.87,-3139.771,2503.45,5866.067,-6.733,-1.241,-2.992,38.93,SENSING
7827.87,-3139.771,2503.45,5866.067,-6.733,-1.241,-2.992,38.93,LISTENING
7830.0,-3154.094,2500.804,5859.682,-6.725,-1.247,-3.006,38.93,SENSING
7830.0,-3154.094,2500.804,5859.682,-6.725,-1.247,-3.006,38.93,MEASURING
7830.0,-3154.094,2500.804,5859.682,-6.725,-1.247,-3.006,38.93,SENSING
7830.0,-3154.094,2500.804,5859.682,-6.725,-1.247,-3.006,38.93,MANEUVERING
7830.0,-3154.094,2500.804,5859.682,-6.725,-1.247,-3.006,38.93,LISTENING
7833.37,-3176.722,2496.593,5849.519,-6.714,-1.257,-3.028,42.3,MANEUVERING
7833.37,-3176.722,2496.593,5849.519,-6.714,-1.257,-3.028,42.3,SENSING
7833.37,-3176.722,2496.593,5849.519,-6.714,-1.257,-3.028,42.3,TRAVELING
7833.37,-3176.722,2496.593,5849.519,-6.714,-1.257,-3.028,42.3,LISTENING
7838.46,-3210.824,2490.173,5834.03,-6.696,-1.271,-3.061,42.3,TRAVELING
7838.46,-3210.824,2490.173,5834.03,-6.696,-1.271,-3.061,42.3,SENSING
7838.46,-3210.824,2490.173,5834.03,-6.696,-1.271,-3.061,42.3,LISTENING
7840.0,-3221.123,2488.217,5829.311,-6.69,-1.275,-3.071,42.3,SENSING
7840.0,-3221.123,2488.217,5829.311,-6.69,-1.275,-3.071,42.3,MEASURING
7840.0,-3221.123,2488.217,5829.311,-6.69,-1.275,-3.071,42.3,SENSING
7840.0,-3221.123,2488.217,5829.311,-6.69,-1.275,-3.071,42.3,MANEUVERING
7840.0,-3221.123,2488.217,5829.311,-6.69,-1.275,-3.071,42.3,LISTENING
7842.65,-3238.826,2484.835,5821.154,-6.681,-1.282,-3.088,44.95,MANEUVERING
7842.65,-3238.826,2484.835,5821.154,-6.681,-1.282,-3.088,44.95,SENSING
7842.65,-3238.826,2484.835,5821.154,-6.681,-1.282,-3.088,44.95,MANEUVERING
7842.65,-3238.826,2484.835,5821.154,-6.681,-1.282,-3.088,44.95,LISTENING
7849.14,-3282.076,2476.471,5800.986,-6.657,-1.3,-3.13,51.44,MANEUVERING
7849.14,-3282.076,2476.471,5800.986,-6.657,-1.3,-3.13,51.44,SENSING
7849.14,-3282.076,2476.471,5800.986,-6.657,-1.3,-3.13,51.44,TRAVELING
7849.14,-3282.076,2476.471,5800.986,-6.657,-1.3,-3.13,51.44,SENSING
7849.14,-3282.076,2476.471,5800.986,-6.657,-1.3,-3.13,51.44,LISTENING
7850.0,-3287.796,2475.354,5798.294,-6.654,-1.302,-3.135,51.44,SENSING
7850.0,-3287.796,2475.354,5798.294,-6.654,-1.302,-3.135,51.44,MEASURING
7850.0,-3287.796,2475.354,5798.294,-6.654,-1.302,-3.135,51.44,SENSING
7850.0,-3287.796,2475.354,5798.294,-6.654,-1.302,-3.135,51.44,MANEUVERING
7850.0,-3287.796,2475.354,5798.294,-6.654,-1.302,-3.135,51.44,LISTENING
7853.2,-3309.054,2471.18,5788.232,-6.642,-1.311,-3.156,54.64,MANEUVERING
7853.2,-3309.054,2471.18,5788.232,-6.642,-1.311,-3.156,54.64,SENSING
7853.2,-3309.054,2471.18,5788.232,-6.642,-1.311,-3.156,54.64,TRAVELING
7853.2,-3309.054,2471.18,5788.232,-6.642,-1.311,-3.156,54.64,LISTENING
7868.71,-3411.557,2450.555,5738.539,-6.585,-1.353,-3.255,54.64,TRAVELING
7868.71,-3411.557,2450.555,5738.539,-6.585,-1.353,-3.255,54.64,SENSING
7868.71,-3411.557,2450.555,5738.539,-6.585,-1.353,-3.255,54.64,TRAVELING
7868.71,-3411.557,2450.555,5738.539,-6.585,-1.353,-3.255,54.64,LISTENING
7870.0,-3420.042,2448.811,5734.336,-6.58,-1.357,-3.263,54.64,TRAVELING
7870.0,-3420.042,2448.811,5734.336,-6.58,-1.357,-3.263,54.64,SENSING
7870.0,-3420.042,2448.811,5734.336,-6.58,-1.357,-3.263,54.64,TRAVELING
7870.0,-3420.042,2448.811,5734.336,-6.58,-1.357,-3.263,54.64,LISTENING
7877.19,-3467.217,2439.003,5710.722,-6.552,-1.376,-3.309,54.64,TRAVELING
7877.19,-3467.217,2439.003,5710.722,-6.552,-1.376,-3.309,54.64,SENSING
7877.19,-3467.217,2439.003,5710.722,-6.552,-1.376,-3.309,54.64,LISTENING
7880.0,-3485.601,2435.132,5701.404,-6.541,-1.384,-3.327,54.64,SENSING
7880.0,-3485.601,2435.132,5701.404,-6.541,-1.384,-3.327,54.64,MEASURING
7880.0,-3485.601,2435.132,5701.404,-6.541,-1.384,-3.327,54.64,SENSING
7880.0,-3485.601,2435.132,5701.404,-6.541,-1.384,-3.327,54.64,MANEUVERING
7880.0,-3485.601,2435.132,5701.404,-6.541,-1.384,-3.327,54.64,LISTENING
7880.68,-3490.045,2434.192,5699.141,-6.539,-1.386,-3.331,53.96,MANEUVERING
7880.68,-3490.045,2434.192,5699.141,-6.539,-1.386,-3.331,53.96,SENSING
7880.68,-3490.045,2434.192,5699.141,-6.539,-1.386,-3.331,53.96,TRAVELING
7880.68,-3490.045,2434.192,5699.141,-6.539,-1.386,-3.331,53.96,LISTENING
7890.0,-3550.774,2421.185,5667.84,-6.502,-1.411,-3.39,53.96,TRAVELING
7890.0,-3550.774,2421.185,5667.84,-6.502,-1.411,-3.39,53.96,SENSING
7890.0,-3550.774,2421.185,5667.84,-6.502,-1.411,-3.39,53.96,MEASURING
7890.0,-3550.774,2421.185,5667.84,-6.502,-1.411,-3.39,53.96,SENSING
7890.0,-3550.774,2421.185,5667.84,-6.502,-1.411,-3.39,53.96,MANEUVERING
7890.0,-3550.774,2421.185,5667.84,-6.502,-1.411,-3.39,53.96,LISTENING
7893.93,-3576.28,2415.631,5654.478,-6.487,-1.421,-3.414,50.03,MANEUVERING
7893.93,-3576.28,2415.631,5654.478,-6.487,-1.421,-3.414,50.03,SENSING
7893.93,-3576.28,2415.631,5654.478,-6.487,-1.421,-3.414,50.03,TRAVELING
7893.93,-3576.28,2415.631,5654.478,-6.487,-1.421,-3.414,50.03,LISTENING
7900.0,-3615.555,2406.971,5633.649,-6.463,-1.437,-3.452,50.03,TRAVELING
7900.0,-3615.555,2406.971,5633.649,-6.463,-1.437,-3.452,50.03,SENSING
7900.0,-3615.555,2406.971,5633.649,-6.463,-1.437,-3.452,50.03,MEASURING
7900.0,-3615.555,2406.971,5633.649,-6.463,-1.437,-3.452,50.03,SENSING
7900.0,-3615.555,2406.971,5633.649,-6.463,-1.437,-3.452,50.03,MANEUVERING
7900.0,-3615.555,2406.971,5633.649,-6.463,-1.437,-3.452,50.03,LISTENING
7902.48,-3631.559,2403.405,5625.073,-6.453,-1.444,-3.468,47.55,MANEUVERING
7902.48,-3631.559,2403.405,5625.073,-6.453,-1.444,-3.468,47.55,SENSING
7902.48,-3631.559,2403.405,5625.073,-6.453,-1.444,-3.468,47.55,TRAVELING
7902.48,-3631.559,2403.405,5625.073,-6.453,-1.444,-3.468,47.55,LISTENING
7905.27,-3649.534,2399.373,5615.38,-6.442,-1.451,-3.485,47.55,TRAVELING
7905.27,-3649.534,2399.373,5615.38,-6.442,-1.451,-3.485,47.55,SENSING
7905.27,-3649.534,2399.373,5615.38,-6.442,-1.451,-3.485,47.55,LISTENING
7910.0,-3679.935,2392.491,5598.835,-6.422,-1.464,-3.514,47.55,SENSING
7910.0,-3679.935,2392.491,5598.835,-6.422,-1.464,-3.514,47.55,MEASURING
7910.0,-3679.935,2392.491,5598.835,-6.422,-1.464,-3.514,47.55,SENSING
7910.0,-3679.935,2392.491,5598.835,-6.422,-1.464,-3.514,47.55,MANEUVERING
7910.0,-3679.935,2392.491,5598.835,-6.422,-1.464,-3.514,47.55,LISTENING
7913.4,-3701.732,2387.508,5586.857,-6.409,-1.473,-3.535,50.95,MANEUVERING
7913.4,-3701.732,2387.508,5586.857,-6.409,-1.473,-3.535,50.95,SENSING
7913.4,-3701.732,2387.508,5586.857,-6.409,-1.473,-3.535,50.95,TRAVELING
7913.4,-3701.732,2387.508,5586.857,-6.409,-1.473,-3.535,50.95,LISTENING
7916.73,-3723.035,2382.598,5575.057,-6.395,-1.482,-3.556,50.95,TRAVELING
7916.73,-3723.035,2382.598,5575.057,-6.395,-1.482,-3.556,50.95,SENSING
7916.73,-3723.035,2382.598,5575.057,-6.395,-1.482,-3.556,50.95,LISTENING
7920.0,-3743.909,2377.748,5563.402,-6.381,-1.49,-3.576,50.95,SENSING
7920.0,-3743.909,2377.748,5563.402,-6.381,-1.49,-3.576,50.95,MEASURING
7920.0,-3743.909,2377.748,5563.402,-6.381,-1.49,-3.576,50.95,SENSING
7920.0,-3743.909,2377.748,5563.402,-6.381,-1.49,-3.576,50.95,MANEUVERING
7920.0,-3743.909,2377.748,5563.402,-6.381,-1.49,-3.576,50.95,LISTENING
7920.17,-3744.993,2377.495,5562.795,-6.381,-1.491,-3.577,51.12,MANEUVERING
7920.17,-3744.993,2377.495,5562.795,-6.381,-1.491,-3.577,51.12,SENSING
7920.17,-3744.993,2377.495,5562.795,-6.381,-1.491,-3.577,51.12,TRAVELING
7920.17,-3744.993,2377.495,5562.795,-6.381,-1.491,-3.577,51.12,LISTENING
7924.6,-3773.199,2370.878,5546.896,-6.362,-1.502,-3.604,51.12,TRAVELING
7924.6,-3773.199,2370.878,5546.896,-6.362,-1.502,-3.604,51.12,SENSING
7924.6,-3773.199,2370.878,5546.896,-6.362,-1.502,-3.604,51.12,TRAVELING
7924.6,-3773.199,2370.878,5546.896,-6.362,-1.502,-3.604,51.12,LISTENING
7930.0,-3807.47,2362.742,5527.354,-6.34,-1.516,-3.637,51.12,TRAVELING
7930.0,-3807.47,2362.742,5527.354,-6.34,-1.516,-3.637,51.12,SENSING
7930.0,-3807.47,2362.742,5527.354,-6.34,-1.516,-3.637,51.12,MEASURING
7930.0,-3807.47,2362.742,5527.354,-6.34,-1.516,-3.637,51.12,SENSING
7930.0,-3807.47,2362.742,5527.354,-6.34,-1.516,-3.637,51.12,MANEUVERING
7930.0,-3807.47,2362.742,5527.354,-6.34,-1.516,-3.637,51.12,LISTENING
7930.17,-3808.546,2362.485,5526.736,-6.339,-1.517,-3.638,51.29,MANEUVERING
7930.17,-3808.546,2362.485,5526.736,-6.339,-1.517,-3.638,51.29,SENSING
7930.17,-3808.546,2362.485,5526.736,-6.339,-1.517,-3.638,51.29,MANEUVERING
7930.17,-3808.546,2362.485,5526.736,-6.339,-1.517,-3.638,51.29,LISTENING
7930.57,-3811.08,2361.879,5525.281,-6.337,-1.518,-3.641,51.69,MANEUVERING
7930.57,-3811.08,2361.879,5525.281,-6.337,-1.518,-3.641,51.69,SENSING
7930.57,-3811.08,2361.879,5525.281,-6.337,-1.518,-3.641,51.69,TRAVELING
7930.57,-3811.08,2361.879,5525.281,-6.337,-1.518,-3.641,51.69,LISTENING
7940.0,-3870.609,2347.476,5490.695,-6.297,-1.542,-3.698,51.69,TRAVELING
7940.0,-3870.609,2347.476,5490.695,-6.297,-1.542,-3.698,51.69,SENSING
7940.0,-3870.609,2347.476,5490.695,-6.297,-1.542,-3.698,51.69,MEASURING
7940.0,-3870.609,2347.476,5490.695,-6.297,-1.542,-3.698,51.69,SENSING
7940.0,-3870.609,2347.476,5490.695,-6.297,-1.542,-3.698,51.69,MANEUVERING
7940.0,-3870.609,2347.476,5490.695,-6.297,-1.542,-3.698,51.69,LISTENING
7941.37,-3879.226,2345.364,5485.625,-6.291,-1.546,-3.707,53.06,MANEUVERING
7941.37,-3879.226,2345.364,5485.625,-6.291,-1.546,-3.707,53.06,SENSING
7941.37,-3879.226,2345.364,5485.625,-6.291,-1.546,-3.707,53.06,MANEUVERING
7941.37,-3879.226,2345.364,5485.625,-6.291,-1.546,-3.707,53.06,LISTENING
7943.12,-3890.221,2342.66,5479.133,-6.284,-1.551,-3.717,54.81,MANEUVERING
7943.12,-3890.221,2342.66,5479.133,-6.284,-1.551,-3.717,54.81,SENSING
7943.12,-3890.221,2342.66,5479.133,-6.284,-1.551,-3.717,54.81,TRAVELING
7943.12,-3890.221,2342.66,5479.133,-6.284,-1.551,-3.717,54.81,LISTENING
7950.0,-3933.321,2331.951,5453.429,-6.254,-1.568,-3.759,54.81,TRAVELING
7950.0,-3933.321,2331.951,5453.429,-6.254,-1.568,-3.759,54.81,SENSING
7950.0,-3933.321,2331.951,5453.429,-6.254,-1.568,-3.759,54.81,MEASURING
7950.0,-3933.321,2331.951,5453.429,-6.254,-1.568,-3.759,54.81,SENSING
7950.0,-3933.321,2331.951,5453.429,-6.254,-1.568,-3.759,54.81,MANEUVERING
7950.0,-3933.321,2331.951,5453.429,-6.254,-1.568,-3.759,54.81,LISTENING
7953.49,-3955.106,2326.472,5440.282,-6.239,-1.577,-3.78,51.32,MANEUVERING
7953.49,-3955.106,2326.472,5440.282,-6.239,-1.577,-3.78,51.32,SENSING
7953.49,-3955.106,2326.472,5440.282,-6.239,-1.577,-3.78,51.32,TRAVELING
7953.49,-3955.106,2326.472,5440.282,-6.239,-1.577,-3.78,51.32,LISTENING
7960.0,-3995.599,2316.169,5415.561,-6.21,-1.594,-3.819,51.32,TRAVELING
7960.0,-3995.599,2316.169,5415.561,-6.21,-1.594,-3.819,51.32,SENSING
7960.0,-3995.599,2316.169,5415.561,-6.21,-1.594,-3.819,51.32,MEASURING
7960.0,-3995.599,2316.169,5415.561,-6.21,-1.594,-3.819,51.32,SENSING
7960.0,-3995.599,2316.169,5415.561,-6.21,-1.594,-3.819,51.32,MANEUVERING
7960.0,-3995.599,2316.169,5415.561,-6.21,-1.594,-3.819,51.32,LISTENING
7964.53,-4023.666,2308.936,5398.21,-6.19,-1.606,-3.846,46.79,MANEUVERING
7964.53,-4023.666,2308.936,5398.21,-6.19,-1.606,-3.846,46.79,SENSING
7964.53,-4023.666,2308.936,5398.21,-6.19,-1.606,-3.846,46.79,TRAVELING
7964.53,-4023.666,2308.936,5398.21,-6.19,-1.606,-3.846,46.79,LISTENING
7980.0,-4118.825,2283.842,5338.035,-6.121,-1.645,-3.938,46.79,TRAVELING
7980.0,-4118.825,2283.842,5338.035,-6.121,-1.645,-3.938,46.79,SENSING
7980.0,-4118.825,2283.842,5338.035,-6.121,-1.645,-3.938,46.79,MEASURING
7980.0,-4118.825,2283.842,5338.035,-6.121,-1.645,-3.938,46.79,SENSING
7980.0,-4118.825,2283.842,5338.035,-6.121,-1.645,-3.938,46.79,MANEUVERING
7980.0,-4118.825,2283.842,5338.035,-6.121,-1.645,-3.938,46.79,LISTENING
7997.63,-4225.942,2254.511,5267.74,-6.039,-1.689,-4.041,29.16,MANEUVERING
7997.63,-4225.942,2254.511,5267.74,-6.039,-1.689,-4.041,29.16,SENSING
7997.63,-4225.942,2254.511,5267.74,-6.039,-1.689,-4.041,29.16,MANEUVERING
7997.63,-4225.942,2254.511,5267.74,-6.039,-1.689,-4.041,29.16,LISTENING
8000.0,-4240.232,2250.509,5258.152,-6.028,-1.695,-4.055,26.79,MANEUVERING
8000.0,-4240.232,2250.509,5258.152,-6.028,-1.695,-4.055,26.79,SENSING
8000.0,-4240.232,2250.509,5258.152,-6.028,-1.695,-4.055,26.79,MANEUVERING
8000.0,-4240.232,2250.509,5258.152,-6.028,-1.695,-4.055,26.79,LISTENING
8017.04,-4342.198,2221.327,5188.259,-5.948,-1.737,-4.153,9.75,MANEUVERING
8017.04,-4342.198,2221.327,5188.259,-5.948,-1.737,-4.153,9.75,SENSING
8017.04,-4342.198,2221.327,5188.259,-5.948,-1.737,-4.153,9.75,TRAVELING
8017.04,-4342.198,2221.327,5188.259,-5.948,-1.737,-4.153,9.75,SENSING
8017.04,-4342.198,2221.327,5188.259,-5.948,-1.737,-4.153,9.75,LISTENING
8020.0,-4359.769,2216.186,5175.949,-5.934,-1.744,-4.17,9.75,SENSING
8020.0,-4359.769,2216.186,5175.949,-5.934,-1.744,-4.17,9.75,MEASURING
8020.0,-4359.769,2216.186,5175.949,-5.934,-1.744,-4.17,9.75,SENSING
8020.0,-4359.769,2216.186,5175.949,-5.934,-1.744,-4.17,9.75,MANEUVERING
8020.0,-4359.769,2216.186,5175.949,-5.934,-1.744,-4.17,9.75,LISTENING
8027.65,-4404.987,2202.798,5143.9,-5.897,-1.763,-4.213,17.4,MANEUVERING
8027.65,-4404.987,2202.798,5143.9,-5.897,-1.763,-4.213,17.4,SENSING
8027.65,-4404.987,2202.798,5143.9,-5.897,-1.763,-4.213,17.4,MANEUVERING
8027.65,-4404.987,2202.798,5143.9,-5.897,-1.763,-4.213,17.4,LISTENING
8030.0,-4418.821,2198.658,5133.988,-5.885,-1.768,-4.227,19.75,MANEUVERING
8030.0,-4418.821,2198.658,5133.988,-5.885,-1.768,-4.227,19.75,SENSING
8030.0,-4418.821,2198.658,5133.988,-5.885,-1.768,-4.227,19.75,MANEUVERING
8030.0,-4418.821,2198.658,5133.988,-5.885,-1.768,-4.227,19.75,LISTENING
8044.55,-4503.868,2172.723,5071.927,-5.814,-1.803,-4.308,34.3,MANEUVERING
8044.55,-4503.868,2172.723,5071.927,-5.814,-1.803,-4.308,34.3,SENSING
8044.55,-4503.868,2172.723,5071.927,-5.814,-1.803,-4.308,34.3,MANEUVERING
8044.55,-4503.868,2172.723,5071.927,-5.814,-1.803,-4.308,34.3,LISTENING
8047.18,-4519.13,2167.981,5060.582,-5.8,-1.81,-4.323,36.93,MANEUVERING
8047.18,-4519.13,2167.981,5060.582,-5.8,-1.81,-4.323,36.93,SENSING
8047.18,-4519.13,2167.981,5060.582,-5.8,-1.81,-4.323,36.93,TRAVELING
8047.18,-4519.13,2167.981,5060.582,-5.8,-1.81,-4.323,36.93,SENSING
8047.18,-4519.13,2167.981,5060.582,-5.8,-1.81,-4.323,36.93,LISTENING
8050.0,-4535.455,2162.878,5048.375,-5.786,-1.816,-4.339,36.93,SENSING
8050.0,-4535.455,2162.878,5048.375,-5.786,-1.816,-4.339,36.93,MEASURING
8050.0,-4535.455,2162.878,5048.375,-5.786,-1.816,-4.339,36.93,SENSING
8050.0,-4535.455,2162.878,5048.375,-5.786,-1.816,-4.339,36.93,MANEUVERING
8050.0,-4535.455,2162.878,5048.375,-5.786,-1.816,-4.339,36.93,LISTENING
8051.3,-4542.968,2160.519,5042.733,-5.78,-1.819,-4.346,38.23,MANEUVERING
8051.3,-4542.968,2160.519,5042.733,-5.78,-1.819,-4.346,38.23,SENSING
8051.3,-4542.968,2160.519,5042.733,-5.78,-1.819,-4.346,38.23,MANEUVERING
8051.3,-4542.968,2160.519,5042.733,-5.78,-1.819,-4.346,38.23,LISTENING
8060.0,-4593.027,2144.63,5004.731,-5.736,-1.84,-4.394,46.93,MANEUVERING
8060.0,-4593.027,2144.63,5004.731,-5.736,-1.84,-4.394,46.93,SENSING
8060.0,-4593.027,2144.63,5004.731,-5.736,-1.84,-4.394,46.93,MANEUVERING
8060.0,-4593.027,2144.63,5004.731,-5.736,-1.84,-4.394,46.93,LISTENING
8060.76,-4597.382,2143.234,5001.392,-5.732,-1.842,-4.398,47.69,MANEUVERING
8060.76,-4597.382,2143.234,5001.392,-5.732,-1.842,-4.398,47.69,SENSING
8060.76,-4597.382,2143.234,5001.392,-5.732,-1.842,-4.398,47.69,MANEUVERING
8060.76,-4597.382,2143.234,5001.392,-5.732,-1.842,-4.398,47.69,LISTENING
8064.47,-4618.598,2136.398,4985.044,-5.713,-1.851,-4.419,51.4,MANEUVERING
8064.47,-4618.598,2136.398,4985.044,-5.713,-1.851,-4.419,51.4,SENSING
8064.47,-4618.598,2136.398,4985.044,-5.713,-1.851,-4.419,51.4,TRAVELING
8064.47,-4618.598,2136.398,4985.044,-5.713,-1.851,-4.419,51.4,LISTENING
8070.0,-4650.092,2126.147,4960.536,-5.685,-1.864,-4.449,51.4,TRAVELING
8070.0,-4650.092,2126.147,4960.536,-5.685,-1.864,-4.449,51.4,SENSING
8070.0,-4650.092,2126.147,4960.536,-5.685,-1.864,-4.449,51.4,MEASURING
8070.0,-4650.092,2126.147,4960.536,-5.685,-1.864,-4.449,51.4,SENSING
8070.0,-4650.092,2126.147,4960.536,-5.685,-1.864,-4.449,51.4,MANEUVERING
8070.0,-4650.092,2126.147,4960.536,-5.685,-1.864,-4.449,51.4,LISTENING
8070.55,-4653.216,2125.124,4958.09,-5.682,-1.865,-4.452,51.95,MANEUVERING
8070.55,-4653.216,2125.124,4958.09,-5.682,-1.865,-4.452,51.95,SENSING
8070.55,-4653.216,2125.124,4958.09,-5.682,-1.865,-4.452,51.95,MANEUVERING
8070.55,-4653.216,2125.124,4958.09,-5.682,-1.865,-4.452,51.95,LISTENING
8071.27,-4657.303,2123.783,4954.885,-5.679,-1.866,-4.456,52.67,MANEUVERING
8071.27,-4657.303,2123.783,4954.885,-5.679,-1.866,-4.456,52.67,SENSING
8071.27,-4657.303,2123.783,4954.885,-5.679,-1.866,-4.456,52.67,TRAVELING
8071.27,-4657.303,2123.783,4954.885,-5.679,-1.866,-4.456,52.67,LISTENING
8080.0,-4706.646,2107.431,4915.795,-5.634,-1.887,-4.504,52.67,TRAVELING
8080.0,-4706.646,2107.431,4915.795,-5.634,-1.887,-4.504,52.67,SENSING
8080.0,-4706.646,2107.431,4915.795,-5.634,-1.887,-4.504,52.67,MEASURING
8080.0,-4706.646,2107.431,4915.795,-5.634,-1.887,-4.504,52.67,SENSING
8080.0,-4706.646,2107.431,4915.795,-5.634,-1.887,-4.504,52.67,MANEUVERING
8080.0,-4706.646,2107.431,4915.795,-5.634,-1.887,-4.504,52.67,LISTENING
8080.16,-4707.546,2107.13,4915.075,-5.633,-1.887,-4.504,52.83,MANEUVERING
8080.16,-4707.546,2107.13,4915.075,-5.633,-1.887,-4.504,52.83,SENSING
8080.16,-4707.546,2107.13,4915.075,-5.633,-1.887,-4.504,52.83,TRAVELING
8080.16,-4707.546,2107.13,4915.075,-5.633,-1.887,-4.504,52.83,LISTENING
8083.53,-4726.486,2100.769,4899.872,-5.615,-1.895,-4.523,52.83,TRAVELING
8083.53,-4726.486,2100.769,4899.872,-5.615,-1.895,-4.523,52.83,SENSING
8083.53,-4726.486,2100.769,4899.872,-5.615,-1.895,-4.523,52.83,TRAVELING
8083.53,-4726.486,2100.769,4899.872,-5.615,-1.895,-4.523,52.83,LISTENING
8090.0,-4762.681,2088.483,4870.513,-5.581,-1.91,-4.557,52.83,TRAVELING
8090.0,-4762.681,2088.483,4870.513,-5.581,-1.91,-4.557,52.83,SENSING
8090.0,-4762.681,2088.483,4870.513,-5.581,-1.91,-4.557,52.83,MEASURING
8090.0,-4762.681,2088.483,4870.513,-5.581,-1.91,-4.557,52.83,SENSING
8090.0,-4762.681,2088.483,4870.513,-5.581,-1.91,-4.557,52.83,MANEUVERING
8090.0,-4762.681,2088.483,4870.513,-5.581,-1.91,-4.557,52.83,LISTENING
8091.66,-4771.933,2085.315,4862.944,-5.573,-1.914,-4.566,51.17,MANEUVERING
8091.66,-4771.933,2085.315,4862.944,-5.573,-1.914,-4.566,51.17,SENSING
8091.66,-4771.933,2085.315,4862.944,-5.573,-1.914,-4.566,51.17,MANEUVERING
8091.66,-4771.933,2085.315,4862.944,-5.573,-1.914,-4.566,51.17,LISTENING
8093.53,-4782.337,2081.739,4854.4,-5.563,-1.918,-4.576,49.3,MANEUVERING
8093.53,-4782.337,2081.739,4854.4,-5.563,-1.918,-4.576,49.3,SENSING
8093.53,-4782.337,2081.739,4854.4,-5.563,-1.918,-4.576,49.3,TRAVELING
8093.53,-4782.337,2081.739,4854.4,-5.563,-1.918,-4.576,49.3,LISTENING
8100.0,-4818.193,2069.306,4824.694,-5.529,-1.933,-4.611,49.3,TRAVELING
8100.0,-4818.193,2069.306,4824.694,-5.529,-1.933,-4.611,49.3,SENSING
8100.0,-4818.193,2069.306,4824.694,-5.529,-1.933,-4.611,49.3,MEASURING
8100.0,-4818.193,2069.306,4824.694,-5.529,-1.933,-4.611,49.3,SENSING
8100.0,-4818.193,2069.306,4824.694,-5.529,-1.933,-4.611,49.3,MANEUVERING
8100.0,-4818.193,2069.306,4824.694,-5.529,-1.933,-4.611,49.3,LISTENING
8100.05,-4818.469,2069.209,4824.464,-5.528,-1.933,-4.611,49.35,MANEUVERING
8100.05,-4818.469,2069.209,4824.464,-5.528,-1.933,-4.611,49.35,SENSING
8100.05,-4818.469,2069.209,4824.464,-5.528,-1.933,-4.611,49.35,TRAVELING
8100.05,-4818.469,2069.209,4824.464,-5.528,-1.933,-4.611,49.35,LISTENING
8100.47,-4820.789,2068.399,4822.528,-5.526,-1.934,-4.613,49.35,TRAVELING
8100.47,-4820.789,2068.399,4822.528,-5.526,-1.934,-4.613,49.35,SENSING
8100.47,-4820.789,2068.399,4822.528,-5.526,-1.934,-4.613,49.35,TRAVELING
8100.47,-4820.789,2068.399,4822.528,-5.526,-1.934,-4.613,49.35,LISTENING
8110.0,-4873.174,2049.901,4778.345,-5.475,-1.955,-4.664,49.35,TRAVELING
8110.0,-4873.174,2049.901,4778.345,-5.475,-1.955,-4.664,49.35,SENSING
8110.0,-4873.174,2049.901,4778.345,-5.475,-1.955,-4.664,49.35,MEASURING
8110.0,-4873.174,2049.901,4778.345,-5.475,-1.955,-4.664,49.35,SENSING
8110.0,-4873.174,2049.901,4778.345,-5.475,-1.955,-4.664,49.35,MANEUVERING
8110.0,-4873.174,2049.901,4778.345,-5.475,-1.955,-4.664,49.35,LISTENING
8111.84,-4883.232,2046.306,4769.759,-5.465,-1.96,-4.673,47.51,MANEUVERING
8111.84,-4883.232,2046.306,4769.759,-5.465,-1.96,-4.673,47.51,SENSING
8111.84,-4883.232,2046.306,4769.759,-5.465,-1.96,-4.673,47.51,TRAVELING
8111.84,-4883.232,2046.306,4769.759,-5.465,-1.96,-4.673,47.51,LISTENING
8114.1,-4895.562,2041.88,4759.189,-5.453,-1.965,-4.685,47.51,TRAVELING
8114.1,-4895.562,2041.88,4759.189,-5.453,-1.965,-4.685,47.51,SENSING
8114.1,-4895.562,2041.88,4759.189,-5.453,-1.965,-4.685,47.51,TRAVELING
8114.1,-4895.562,2041.88,4759.189,-5.453,-1.965,-4.685,47.51,LISTENING
8120.0,-4927.62,2030.272,4731.469,-5.421,-1.978,-4.716,47.51,TRAVELING
8120.0,-4927.62,2030.272,4731.469,-5.421,-1.978,-4.716,47.51,SENSING
8120.0,-4927.62,2030.272,4731.469,-5.421,-1.978,-4.716,47.51,MEASURING
8120.0,-4927.62,2030.272,4731.469,-5.421,-1.978,-4.716,47.51,SENSING
8120.0,-4927.62,2030.272,4731.469,-5.421,-1.978,-4.716,47.51,MANEUVERING
8120.0,-4927.62,2030.272,4731.469,-5.421,-1.978,-4.716,47.51,LISTENING
8120.2,-4928.703,2029.877,4730.526,-5.42,-1.978,-4.717,47.71,MANEUVERING
8120.2,-4928.703,2029.877,4730.526,-5.42,-1.978,-4.717,47.71,SENSING
8120.2,-4928.703,2029.877,4730.526,-5.42,-1.978,-4.717,47.71,TRAVELING
8120.2,-4928.703,2029.877,4730.526,-5.42,-1.978,-4.717,47.71,LISTENING
8121.31,-4934.712,2027.684,4725.29,-5.414,-1.981,-4.723,47.71,TRAVELING
8121.31,-4934.712,2027.684,4725.29,-5.414,-1.981,-4.723,47.71,SENSING
8121.31,-4934.712,2027.684,4725.29,-5.414,-1.981,-4.723,47.71,TRAVELING
8121.31,-4934.712,2027.684,4725.29,-5.414,-1.981,-4.723,47.71,LISTENING
8130.0,-4981.523,2010.42,4684.073,-5.367,-2.0,-4.768,47.71,TRAVELING
8130.0,-4981.523,2010.42,4684.073,-5.367,-2.0,-4.768,47.71,SENSING
8130.0,-4981.523,2010.42,4684.073,-5.367,-2.0,-4.768,47.71,MEASURING
8130.0,-4981.523,2010.42,4684.073,-5.367,-2.0,-4.768,47.71,SENSING
8130.0,-4981.523,2010.42,4684.073,-5.367,-2.0,-4.768,47.71,MANEUVERING
8130.0,-4981.523,2010.42,4684.073,-5.367,-2.0,-4.768,47.71,LISTENING
8131.32,-4988.598,2007.783,4677.778,-5.36,-2.003,-4.775,49.03,MANEUVERING
8131.32,-4988.598,2007.783,4677.778,-5.36,-2.003,-4.775,49.03,SENSING
8131.32,-4988.598,2007.783,4677.778,-5.36,-2.003,-4.775,49.03,MANEUVERING
8131.32,-4988.598,2007.783,4677.778,-5.36,-2.003,-4.775,49.03,LISTENING
8135.94,-5013.283,1998.523,4655.676,-5.334,-2.013,-4.798,53.65,MANEUVERING
8135.94,-5013.283,1998.523,4655.676,-5.334,-2.013,-4.798,53.65,SENSING
8135.94,-5013.283,1998.523,4655.676,-5.334,-2.013,-4.798,53.65,TRAVELING
8135.94,-5013.283,1998.523,4655.676,-5.334,-2.013,-4.798,53.65,SENSING
8135.94,-5013.283,1998.523,4655.676,-5.334,-2.013,-4.798,53.65,LISTENING
8140.0,-5034.879,1990.347,4636.162,-5.312,-2.022,-4.819,53.65,SENSING
8140.0,-5034.879,1990.347,4636.162,-5.312,-2.022,-4.819,53.65,MEASURING
8140.0,-5034.879,1990.347,4636.162,-5.312,-2.022,-4.819,53.65,SENSING
8140.0,-5034.879,1990.347,4636.162,-5.312,-2.022,-4.819,53.65,MANEUVERING
8140.0,-5034.879,1990.347,4636.162,-5.312,-2.022,-4.819,53.65,LISTENING
8140.95,-5039.919,1988.429,4631.584,-5.307,-2.024,-4.824,54.6,MANEUVERING
8140.95,-5039.919,1988.429,4631.584,-5.307,-2.024,-4.824,54.6,SENSING
8140.95,-5039.919,1988.429,4631.584,-5.307,-2.024,-4.824,54.6,TRAVELING
8140.95,-5039.919,1988.429,4631.584,-5.307,-2.024,-4.824,54.6,LISTENING
8150.0,-5087.681,1970.056,4587.741,-5.256,-2.044,-4.87,54.6,TRAVELING
8150.0,-5087.681,1970.056,4587.741,-5.256,-2.044,-4.87,54.6,SENSING
8150.0,-5087.681,1970.056,4587.741,-5.256,-2.044,-4.87,54.6,MEASURING
8150.0,-5087.681,1970.056,4587.741,-5.256,-2.044,-4.87,54.6,SENSING
8150.0,-5087.681,1970.056,4587.741,-5.256,-2.044,-4.87,54.6,MANEUVERING
8150.0,-5087.681,1970.056,4587.741,-5.256,-2.044,-4.87,54.6,LISTENING
8161.03,-5145.274,1947.425,4533.749,-5.194,-2.067,-4.925,43.57,MANEUVERING
8161.03,-5145.274,1947.425,4533.749,-5.194,-2.067,-4.925,43.57,SENSING
8161.03,-5145.274,1947.425,4533.749,-5.194,-2.067,-4.925,43.57,MANEUVERING
8161.03,-5145.274,1947.425,4533.749,-5.194,-2.067,-4.925,43.57,LISTENING
8170.0,-5191.603,1928.829,4489.392,-5.143,-2.087,-4.97,34.6,MANEUVERING
8170.0,-5191.603,1928.829,4489.392,-5.143,-2.087,-4.97,34.6,SENSING
8170.0,-5191.603,1928.829,4489.392,-5.143,-2.087,-4.97,34.6,MANEUVERING
8170.0,-5191.603,1928.829,4489.392,-5.143,-2.087,-4.97,34.6,LISTENING
8173.33,-5208.686,1921.882,4472.824,-5.124,-2.094,-4.986,31.27,MANEUVERING
8173.33,-5208.686,1921.882,4472.824,-5.124,-2.094,-4.986,31.27,SENSING
8173.33,-5208.686,1921.882,4472.824,-5.124,-2.094,-4.986,31.27,TRAVELING
8173.33,-5208.686,1921.882,4472.824,-5.124,-2.094,-4.986,31.27,LISTENING
8174.02,-5212.218,1920.439,4469.385,-5.12,-2.095,-4.99,31.27,TRAVELING
8174.02,-5212.218,1920.439,4469.385,-5.12,-2.095,-4.99,31.27,SENSING
8174.02,-5212.218,1920.439,4469.385,-5.12,-2.095,-4.99,31.27,TRAVELING
8174.02,-5212.218,1920.439,4469.385,-5.12,-2.095,-4.99,31.27,LISTENING
8180.0,-5242.712,1907.897,4439.475,-5.086,-2.108,-5.019,31.27,TRAVELING
8180.0,-5242.712,1907.897,4439.475,-5.086,-2.108,-5.019,31.27,SENSING
8180.0,-5242.712,1907.897,4439.475,-5.086,-2.108,-5.019,31.27,MEASURING
8180.0,-5242.712,1907.897,4439.475,-5.086,-2.108,-5.019,31.27,SENSING
8180.0,-5242.712,1907.897,4439.475,-5.086,-2.108,-5.019,31.27,MANEUVERING
8180.0,-5242.712,1907.897,4439.475,-5.086,-2.108,-5.019,31.27,LISTENING
8190.0,-5293.245,1886.756,4389.07,-5.028,-2.128,-5.067,21.27,MANEUVERING
8190.0,-5293.245,1886.756,4389.07,-5.028,-2.128,-5.067,21.27,SENSING
8190.0,-5293.245,1886.756,4389.07,-5.028,-2.128,-5.067,21.27,MANEUVERING
8190.0,-5293.245,1886.756,4389.07,-5.028,-2.128,-5.067,21.27,LISTENING
8196.92,-5327.873,1872.005,4353.907,-4.988,-2.143,-5.101,14.35,MANEUVERING
8196.92,-5327.873,1872.005,4353.907,-4.988,-2.143,-5.101,14.35,SENSING
8196.92,-5327.873,1872.005,4353.907,-4.988,-2.143,-5.101,14.35,TRAVELING
8196.92,-5327.873,1872.005,4353.907,-4.988,-2.143,-5.101,14.35,SENSING
8196.92,-5327.873,1872.005,4353.907,-4.988,-2.143,-5.101,14.35,LISTENING
8197.43,-5330.414,1870.914,4351.307,-4.985,-2.144,-5.103,14.35,SENSING
8197.43,-5330.414,1870.914,4351.307,-4.985,-2.144,-5.103,14.35,LISTENING
8200.0,-5343.196,1865.408,4338.183,-4.969,-2.149,-5.115,14.35,SENSING
8200.0,-5343.196,1865.408,4338.183,-4.969,-2.149,-5.115,14.35,MEASURING
8200.0,-5343.196,1865.408,4338.183,-4.969,-2.149,-5.115,14.35,SENSING
8200.0,-5343.196,1865.408,4338.183,-4.969,-2.149,-5.115,14.35,MANEUVERING
8200.0,-5343.196,1865.408,4338.183,-4.969,-2.149,-5.115,14.35,LISTENING
8203.91,-5362.568,1857.005,4318.156,-4.947,-2.157,-5.134,10.44,MANEUVERING
8203.91,-5362.568,1857.005,4318.156,-4.947,-2.157,-5.134,10.44,SENSING
8203.91,-5362.568,1857.005,4318.156,-4.947,-2.157,-5.134,10.44,MANEUVERING
8203.91,-5362.568,1857.005,4318.156,-4.947,-2.157,-5.134,10.44,LISTENING
8207.59,-5380.718,1849.068,4299.241,-4.925,-2.165,-5.151,6.76,MANEUVERING
8207.59,-5380.718,1849.068,4299.241,-4.925,-2.165,-5.151,6.76,SENSING
8207.59,-5380.718,1849.068,4299.241,-4.925,-2.165,-5.151,6.76,TRAVELING
8207.59,-5380.718,1849.068,4299.241,-4.925,-2.165,-5.151,6.76,SENSING
8207.59,-5380.718,1849.068,4299.241,-4.925,-2.165,-5.151,6.76,LISTENING
8210.0,-5392.561,1843.856,4286.819,-4.911,-2.169,-5.163,6.76,SENSING
8210.0,-5392.561,1843.856,4286.819,-4.911,-2.169,-5.163,6.76,MEASURING
8210.0,-5392.561,1843.856,4286.819,-4.911,-2.169,-5.163,6.76,SENSING
8210.0,-5392.561,1843.856,4286.819,-4.911,-2.169,-5.163,6.76,MANEUVERING
8210.0,-5392.561,1843.856,4286.819,-4.911,-2.169,-5.163,6.76,LISTENING
8213.53,-5409.846,1836.2,4268.575,-4.89,-2.177,-5.179,10.29,MANEUVERING
8213.53,-5409.846,1836.2,4268.575,-4.89,-2.177,-5.179,10.29,SENSING
8213.53,-5409.846,1836.2,4268.575,-4.89,-2.177,-5.179,10.29,MANEUVERING
8213.53,-5409.846,1836.2,4268.575,-4.89,-2.177,-5.179,10.29,LISTENING
8220.0,-5441.334,1822.102,4234.985,-4.851,-2.19,-5.209,16.76,MANEUVERING
8220.0,-5441.334,1822.102,4234.985,-4.851,-2.19,-5.209,16.76,SENSING
8220.0,-5441.334,1822.102,4234.985,-4.851,-2.19,-5.209,16.76,MANEUVERING
8220.0,-5441.334,1822.102,4234.985,-4.851,-2.19,-5.209,16.76,LISTENING
8229.71,-5488.122,1800.788,4184.209,-4.793,-2.209,-5.254,26.47,MANEUVERING
8229.71,-5488.122,1800.788,4184.209,-4.793,-2.209,-5.254,26.47,SENSING
8229.71,-5488.122,1800.788,4184.209,-4.793,-2.209,-5.254,26.47,TRAVELING
8229.71,-5488.122,1800.788,4184.209,-4.793,-2.209,-5.254,26.47,SENSING
8229.71,-5488.122,1800.788,4184.209,-4.793,-2.209,-5.254,26.47,LISTENING
8230.0,-5489.511,1800.148,4182.686,-4.791,-2.209,-5.256,26.47,SENSING
8230.0,-5489.511,1800.148,4182.686,-4.791,-2.209,-5.256,26.47,MEASURING
8230.0,-5489.511,1800.148,4182.686,-4.791,-2.209,-5.256,26.47,SENSING
8230.0,-5489.511,1800.148,4182.686,-4.791,-2.209,-5.256,26.47,MANEUVERING
8230.0,-5489.511,1800.148,4182.686,-4.791,-2.209,-5.256,26.47,LISTENING
8241.93,-5546.196,1773.7,4119.694,-4.719,-2.233,-5.31,38.4,MANEUVERING
8241.93,-5546.196,1773.7,4119.694,-4.719,-2.233,-5.31,38.4,SENSING
8241.93,-5546.196,1773.7,4119.694,-4.719,-2.233,-5.31,38.4,MANEUVERING
8241.93,-5546.196,1773.7,4119.694,-4.719,-2.233,-5.31,38.4,LISTENING
8246.94,-5569.744,1762.511,4093.047,-4.688,-2.242,-5.333,43.41,MANEUVERING
8246.94,-5569.744,1762.511,4093.047,-4.688,-2.242,-5.333,43.41,SENSING
8246.94,-5569.744,1762.511,4093.047,-4.688,-2.242,-5.333,43.41,TRAVELING
8246.94,-5569.744,1762.511,4093.047,-4.688,-2.242,-5.333,43.41,SENSING
8246.94,-5569.744,1762.511,4093.047,-4.688,-2.242,-5.333,43.41,LISTENING
8250.0,-5584.051,1755.653,4076.717,-4.669,-2.248,-5.346,43.41,SENSING
8250.0,-5584.051,1755.653,4076.717,-4.669,-2.248,-5.346,43.41,MEASURING
8250.0,-5584.051,1755.653,4076.717,-4.669,-2.248,-5.346,43.41,SENSING
8250.0,-5584.051,1755.653,4076.717,-4.669,-2.248,-5.346,43.41,MANEUVERING
8250.0,-5584.051,1755.653,4076.717,-4.669,-2.248,-5.346,43.41,LISTENING
8252.09,-5593.79,1750.958,4065.539,-4.657,-2.252,-5.356,45.5,MANEUVERING
8252.09,-5593.79,1750.958,4065.539,-4.657,-2.252,-5.356,45.5,SENSING
8252.09,-5593.79,1750.958,4065.539,-4.657,-2.252,-5.356,45.5,MANEUVERING
8252.09,-5593.79,1750.958,4065.539,-4.657,-2.252,-5.356,45.5,LISTENING
8257.99,-5621.138,1737.661,4033.879,-4.62,-2.264,-5.382,51.4,MANEUVERING
8257.99,-5621.138,1737.661,4033.879,-4.62,-2.264,-5.382,51.4,SENSING
8257.99,-5621.138,1737.661,4033.879,-4.62,-2.264,-5.382,51.4,TRAVELING
8257.99,-5621.138,1737.661,4033.879,-4.62,-2.264,-5.382,51.4,SENSING
8257.99,-5621.138,1737.661,4033.879,-4.62,-2.264,-5.382,51.4,LISTENING
8260.0,-5630.406,1733.116,4023.058,-4.608,-2.267,-5.391,51.4,SENSING
8260.0,-5630.406,1733.116,4023.058,-4.608,-2.267,-5.391,51.4,MEASURING
8260.0,-5630.406,1733.116,4023.058,-4.608,-2.267,-5.391,51.4,SENSING
8260.0,-5630.406,1733.116,4023.058,-4.608,-2.267,-5.391,51.4,MANEUVERING
8260.0,-5630.406,1733.116,4023.058,-4.608,-2.267,-5.391,51.4,LISTENING
8260.18,-5631.234,1732.708,4022.089,-4.607,-2.268,-5.392,51.58,MANEUVERING
8260.18,-5631.234,1732.708,4022.089,-4.607,-2.268,-5.392,51.58,SENSING
8260.18,-5631.234,1732.708,4022.089,-4.607,-2.268,-5.392,51.58,TRAVELING
8260.18,-5631.234,1732.708,4022.089,-4.607,-2.268,-5.392,51.58,LISTENING
8263.28,-5645.475,1725.682,4005.362,-4.588,-2.274,-5.405,51.58,TRAVELING
8263.28,-5645.475,1725.682,4005.362,-4.588,-2.274,-5.405,51.58,SENSING
8263.28,-5645.475,1725.682,4005.362,-4.588,-2.274,-5.405,51.58,TRAVELING
8263.28,-5645.475,1725.682,4005.362,-4.588,-2.274,-5.405,51.58,LISTENING
8270.0,-5676.142,1710.389,3968.959,-4.546,-2.286,-5.435,51.58,TRAVELING
8270.0,-5676.142,1710.389,3968.959,-4.546,-2.286,-5.435,51.58,SENSING
8270.0,-5676.142,1710.389,3968.959,-4.546,-2.286,-5.435,51.58,MEASURING
8270.0,-5676.142,1710.389,3968.959,-4.546,-2.286,-5.435,51.58,SENSING
8270.0,-5676.142,1710.389,3968.959,-4.546,-2.286,-5.435,51.58,MANEUVERING
8270.0,-5676.142,1710.389,3968.959,-4.546,-2.286,-5.435,51.58,LISTENING
8272.0,-5685.215,1705.821,3958.086,-4.533,-2.29,-5.443,49.58,MANEUVERING
8272.0,-5685.215,1705.821,3958.086,-4.533,-2.29,-5.443,49.58,SENSING
8272.0,-5685.215,1705.821,3958.086,-4.533,-2.29,-5.443,49.58,MANEUVERING
8272.0,-5685.215,1705.821,3958.086,-4.533,-2.29,-5.443,49.58,LISTENING
8272.04,-5685.396,1705.73,3957.869,-4.533,-2.29,-5.444,49.54,MANEUVERING
8272.04,-5685.396,1705.73,3957.869,-4.533,-2.29,-5.444,49.54,SENSING
8272.04,-5685.396,1705.73,3957.869,-4.533,-2.29,-5.444,49.54,TRAVELING
8272.04,-5685.396,1705.73,3957.869,-4.533,-2.29,-5.444,49.54,LISTENING
8280.0,-5721.257,1687.475,3914.424,-4.483,-2.305,-5.478,49.54,TRAVELING
8280.0,-5721.257,1687.475,3914.424,-4.483,-2.305,-5.478,49.54,SENSING
8280.0,-5721.257,1687.475,3914.424,-4.483,-2.305,-5.478,49.54,MEASURING
8280.0,-5721.257,1687.475,3914.424,-4.483,-2.305,-5.478,49.54,SENSING
8280.0,-5721.257,1687.475,3914.424,-4.483,-2.305,-5.478,49.54,MANEUVERING
8280.0,-5721.257,1687.475,3914.424,-4.483,-2.305,-5.478,49.54,LISTENING
8280.3,-5722.601,1686.785,3912.781,-4.482,-2.306,-5.479,49.24,MANEUVERING
8280.3,-5722.601,1686.785,3912.781,-4.482,-2.306,-5.479,49.24,SENSING
8280.3,-5722.601,1686.785,3912.781,-4.482,-2.306,-5.479,49.24,MANEUVERING
8280.3,-5722.601,1686.785,3912.781,-4.482,-2.306,-5.479,49.24,LISTENING
8283.28,-5735.918,1679.919,3896.443,-4.463,-2.311,-5.492,46.26,MANEUVERING
8283.28,-5735.918,1679.919,3896.443,-4.463,-2.311,-5.492,46.26,SENSING
8283.28,-5735.918,1679.919,3896.443,-4.463,-2.311,-5.492,46.26,TRAVELING
8283.28,-5735.918,1679.919,3896.443,-4.463,-2.311,-5.492,46.26,LISTENING
8290.0,-5765.745,1664.377,3859.46,-4.42,-2.323,-5.521,46.26,TRAVELING
8290.0,-5765.745,1664.377,3859.46,-4.42,-2.323,-5.521,46.26,SENSING
8290.0,-5765.745,1664.377,3859.46,-4.42,-2.323,-5.521,46.26,MEASURING
8290.0,-5765.745,1664.377,3859.46,-4.42,-2.323,-5.521,46.26,SENSING
8290.0,-5765.745,1664.377,3859.46,-4.42,-2.323,-5.521,46.26,MANEUVERING
8290.0,-5765.745,1664.377,3859.46,-4.42,-2.323,-5.521,46.26,LISTENING
8292.17,-5775.315,1659.34,3847.476,-4.407,-2.327,-5.53,48.43,MANEUVERING
8292.17,-5775.315,1659.34,3847.476,-4.407,-2.327,-5.53,48.43,SENSING
8292.17,-5775.315,1659.34,3847.476,-4.407,-2.327,-5.53,48.43,TRAVELING
8292.17,-5775.315,1659.34,3847.476,-4.407,-2.327,-5.53,48.43,LISTENING
8300.0,-5809.601,1641.097,3804.072,-4.357,-2.341,-5.563,48.43,TRAVELING
8300.0,-5809.601,1641.097,3804.072,-4.357,-2.341,-5.563,48.43,SENSING
8300.0,-5809.601,1641.097,3804.072,-4.357,-2.341,-5.563,48.43,MEASURING
8300.0,-5809.601,1641.097,3804.072,-4.357,-2.341,-5.563,48.43,SENSING
8300.0,-5809.601,1641.097,3804.072,-4.357,-2.341,-5.563,48.43,MANEUVERING
8300.0,-5809.601,1641.097,3804.072,-4.357,-2.341,-5.563,48.43,LISTENING
8303.37,-5824.237,1633.211,3785.313,-4.335,-2.347,-5.577,45.06,MANEUVERING
8303.37,-5824.237,1633.211,3785.313,-4.335,-2.347,-5.577,45.06,SENSING
8303.37,-5824.237,1633.211,3785.313,-4.335,-2.347,-5.577,45.06,MANEUVERING
8303.37,-5824.237,1633.211,3785.313,-4.335,-2.347,-5.577,45.06,LISTENING
8310.0,-5852.82,1617.637,3748.268,-4.293,-2.359,-5.604,38.43,MANEUVERING
8310.0,-5852.82,1617.637,3748.268,-4.293,-2.359,-5.604,38.43,SENSING
8310.0,-5852.82,1617.637,3748.268,-4.293,-2.359,-5.604,38.43,MANEUVERING
8310.0,-5852.82,1617.637,3748.268,-4.293,-2.359,-5.604,38.43,LISTENING
8313.15,-5866.302,1610.21,3730.605,-4.273,-2.365,-5.617,35.28,MANEUVERING
8313.15,-5866.302,1610.21,3730.605,-4.273,-2.365,-5.617,35.28,SENSING
8313.15,-5866.302,1610.21,3730.605,-4.273,-2.365,-5.617,35.28,TRAVELING
8313.15,-5866.302,1610.21,3730.605,-4.273,-2.365,-5.617,35.28,LISTENING
8328.83,-5932.459,1572.985,3642.079,-4.171,-2.392,-5.68,35.28,TRAVELING
8328.83,-5932.459,1572.985,3642.079,-4.171,-2.392,-5.68,35.28,SENSING
8328.83,-5932.459,1572.985,3642.079,-4.171,-2.392,-5.68,35.28,LISTENING
8330.0,-5937.331,1570.19,3635.434,-4.164,-2.394,-5.685,35.28,SENSING
8330.0,-5937.331,1570.19,3635.434,-4.164,-2.394,-5.685,35.28,MEASURING
8330.0,-5937.331,1570.19,3635.434,-4.164,-2.394,-5.685,35.28,SENSING
8330.0,-5937.331,1570.19,3635.434,-4.164,-2.394,-5.685,35.28,MANEUVERING
8330.0,-5937.331,1570.19,3635.434,-4.164,-2.394,-5.685,35.28,LISTENING
8331.03,-5941.614,1567.728,3629.58,-4.157,-2.396,-5.689,36.31,MANEUVERING
8331.03,-5941.614,1567.728,3629.58,-4.157,-2.396,-5.689,36.31,SENSING
8331.03,-5941.614,1567.728,3629.58,-4.157,-2.396,-5.689,36.31,MANEUVERING
8331.03,-5941.614,1567.728,3629.58,-4.157,-2.396,-5.689,36.31,LISTENING
8340.0,-5978.614,1546.208,3578.417,-4.099,-2.411,-5.724,45.28,MANEUVERING
8340.0,-5978.614,1546.208,3578.417,-4.099,-2.411,-5.724,45.28,SENSING
8340.0,-5978.614,1546.208,3578.417,-4.099,-2.411,-5.724,45.28,MANEUVERING
8340.0,-5978.614,1546.208,3578.417,-4.099,-2.411,-5.724,45.28,LISTENING
8348.68,-6013.917,1525.254,3528.607,-4.042,-2.426,-5.758,53.96,MANEUVERING
8348.68,-6013.917,1525.254,3528.607,-4.042,-2.426,-5.758,53.96,SENSING
8348.68,-6013.917,1525.254,3528.607,-4.042,-2.426,-5.758,53.96,TRAVELING
8348.68,-6013.917,1525.254,3528.607,-4.042,-2.426,-5.758,53.96,SENSING
8348.68,-6013.917,1525.254,3528.607,-4.042,-2.426,-5.758,53.96,LISTENING
8350.0,-6019.242,1522.057,3521.007,-4.033,-2.428,-5.763,53.96,SENSING
8350.0,-6019.242,1522.057,3521.007,-4.033,-2.428,-5.763,53.96,MEASURING
8350.0,-6019.242,1522.057,3521.007,-4.033,-2.428,-5.763,53.96,SENSING
8350.0,-6019.242,1522.057,3521.007,-4.033,-2.428,-5.763,53.96,MANEUVERING
8350.0,-6019.242,1522.057,3521.007,-4.033,-2.428,-5.763,53.96,LISTENING
8350.99,-6023.229,1519.657,3515.302,-4.026,-2.43,-5.767,54.95,MANEUVERING
8350.99,-6023.229,1519.657,3515.302,-4.026,-2.43,-5.767,54.95,SENSING
8350.99,-6023.229,1519.657,3515.302,-4.026,-2.43,-5.767,54.95,TRAVELING
8350.99,-6023.229,1519.657,3515.302,-4.026,-2.43,-5.767,54.95,LISTENING
8360.0,-6059.211,1497.739,3463.212,-3.967,-2.445,-5.802,54.95,TRAVELING
8360.0,-6059.211,1497.739,3463.212,-3.967,-2.445,-5.802,54.95,SENSING
8360.0,-6059.211,1497.739,3463.212,-3.967,-2.445,-5.802,54.95,MEASURING
8360.0,-6059.211,1497.739,3463.212,-3.967,-2.445,-5.802,54.95,SENSING
8360.0,-6059.211,1497.739,3463.212,-3.967,-2.445,-5.802,54.95,MANEUVERING
8360.0,-6059.211,1497.739,3463.212,-3.967,-2.445,-5.802,54.95,LISTENING
8416.21,-6271.42,1358.086,3131.475,-3.587,-2.532,-6.005,-1.26,MANEUVERING
8416.21,-6271.42,1358.086,3131.475,-3.587,-2.532,-6.005,-1.26,SENSING
8416.21,-6271.42,1358.086,3131.475,-3.587,-2.532,-6.005,-1.26,MANEUVERING
8416.21,-6271.42,1358.086,3131.475,-3.587,-2.532,-6.005,-1.26,LISTENING
8420.0,-6284.957,1348.496,3108.705,-3.561,-2.538,-6.018,-5.05,MANEUVERING
8420.0,-6284.957,1348.496,3108.705,-3.561,-2.538,-6.018,-5.05,SENSING
8420.0,-6284.957,1348.496,3108.705,-3.561,-2.538,-6.018,-5.05,MANEUVERING
8420.0,-6284.957,1348.496,3108.705,-3.561,-2.538,-6.018,-5.05,LISTENING
8420.01,-6284.992,1348.471,3108.645,-3.561,-2.538,-6.018,-5.06,MANEUVERING
8420.01,-6284.992,1348.471,3108.645,-3.561,-2.538,-6.018,-5.06,SENSING
8420.01,-6284.992,1348.471,3108.645,-3.561,-2.538,-6.018,-5.06,MANEUVERING
8420.01,-6284.992,1348.471,3108.645,-3.561,-2.538,-6.018,-5.06,LISTENING
8430.0,-6320.199,1323.091,3048.393,-3.492,-2.553,-6.051,-15.05,MANEUVERING
8430.0,-6320.199,1323.091,3048.393,-3.492,-2.553,-6.051,-15.05,SENSING
8430.0,-6320.199,1323.091,3048.393,-3.492,-2.553,-6.051,-15.05,MANEUVERING
8430.0,-6320.199,1323.091,3048.393,-3.492,-2.553,-6.051,-15.05,LISTENING
8432.25,-6328.033,1317.355,3034.776,-3.477,-2.556,-6.059,-17.3,MANEUVERING
8432.25,-6328.033,1317.355,3034.776,-3.477,-2.556,-6.059,-17.3,SENSING
8432.25,-6328.033,1317.355,3034.776,-3.477,-2.556,-6.059,-17.3,MANEUVERING
8432.25,-6328.033,1317.355,3034.776,-3.477,-2.556,-6.059,-17.3,LISTENING
8436.27,-6341.943,1307.088,3010.406,-3.449,-2.562,-6.072,-21.32,MANEUVERING
8436.27,-6341.943,1307.088,3010.406,-3.449,-2.562,-6.072,-21.32,SENSING
8436.27,-6341.943,1307.088,3010.406,-3.449,-2.562,-6.072,-21.32,TRAVELING
8436.27,-6341.943,1307.088,3010.406,-3.449,-2.562,-6.072,-21.32,SENSING
8436.27,-6341.943,1307.088,3010.406,-3.449,-2.562,-6.072,-21.32,LISTENING
8440.0,-6354.75,1297.542,2987.746,-3.423,-2.567,-6.084,-21.32,SENSING
8440.0,-6354.75,1297.542,2987.746,-3.423,-2.567,-6.084,-21.32,MEASURING
8440.0,-6354.75,1297.542,2987.746,-3.423,-2.567,-6.084,-21.32,SENSING
8440.0,-6354.75,1297.542,2987.746,-3.423,-2.567,-6.084,-21.32,MANEUVERING
8440.0,-6354.75,1297.542,2987.746,-3.423,-2.567,-6.084,-21.32,LISTENING
8440.6,-6356.801,1296.004,2984.097,-3.419,-2.568,-6.086,-20.72,MANEUVERING
8440.6,-6356.801,1296.004,2984.097,-3.419,-2.568,-6.086,-20.72,SENSING
8440.6,-6356.801,1296.004,2984.097,-3.419,-2.568,-6.086,-20.72,TRAVELING
8440.6,-6356.801,1296.004,2984.097,-3.419,-2.568,-6.086,-20.72,LISTENING
8450.0,-6388.606,1271.851,2926.773,-3.353,-2.581,-6.117,-20.72,TRAVELING
8450.0,-6388.606,1271.851,2926.773,-3.353,-2.581,-6.117,-20.72,SENSING
8450.0,-6388.606,1271.851,2926.773,-3.353,-2.581,-6.117,-20.72,MEASURING
8450.0,-6388.606,1271.851,2926.773,-3.353,-2.581,-6.117,-20.72,SENSING
8450.0,-6388.606,1271.851,2926.773,-3.353,-2.581,-6.117,-20.72,MANEUVERING
8450.0,-6388.606,1271.851,2926.773,-3.353,-2.581,-6.117,-20.72,LISTENING
8451.49,-6393.591,1268.011,2917.661,-3.343,-2.583,-6.121,-19.23,MANEUVERING
8451.49,-6393.591,1268.011,2917.661,-3.343,-2.583,-6.121,-19.23,SENSING
8451.49,-6393.591,1268.011,2917.661,-3.343,-2.583,-6.121,-19.23,MANEUVERING
8451.49,-6393.591,1268.011,2917.661,-3.343,-2.583,-6.121,-19.23,LISTENING
8451.9,-6394.96,1266.954,2915.152,-3.34,-2.584,-6.123,-18.82,MANEUVERING
8451.9,-6394.96,1266.954,2915.152,-3.34,-2.584,-6.123,-18.82,SENSING
8451.9,-6394.96,1266.954,2915.152,-3.34,-2.584,-6.123,-18.82,TRAVELING
8451.9,-6394.96,1266.954,2915.152,-3.34,-2.584,-6.123,-18.82,LISTENING
8460.0,-6421.764,1246.022,2865.48,-3.283,-2.595,-6.148,-18.82,TRAVELING
8460.0,-6421.764,1246.022,2865.48,-3.283,-2.595,-6.148,-18.82,SENSING
8460.0,-6421.764,1246.022,2865.48,-3.283,-2.595,-6.148,-18.82,MEASURING
8460.0,-6421.764,1246.022,2865.48,-3.283,-2.595,-6.148,-18.82,SENSING
8460.0,-6421.764,1246.022,2865.48,-3.283,-2.595,-6.148,-18.82,MANEUVERING
8460.0,-6421.764,1246.022,2865.48,-3.283,-2.595,-6.148,-18.82,LISTENING
8471.26,-6458.26,1216.775,2796.09,-3.204,-2.61,-6.183,-30.08,MANEUVERING
8471.26,-6458.26,1216.775,2796.09,-3.204,-2.61,-6.183,-30.08,SENSING
8471.26,-6458.26,1216.775,2796.09,-3.204,-2.61,-6.183,-30.08,TRAVELING
8471.26,-6458.26,1216.775,2796.09,-3.204,-2.61,-6.183,-30.08,LISTENING
8560.0,-6714.204,980.73,2236.449,-2.565,-2.716,-6.427,-30.08,TRAVELING
8560.0,-6714.204,980.73,2236.449,-2.565,-2.716,-6.427,-30.08,SENSING
8560.0,-6714.204,980.73,2236.449,-2.565,-2.716,-6.427,-30.08,TRAVELING
8560.0,-6714.204,980.73,2236.449,-2.565,-2.716,-6.427,-30.08,LISTENING
8580.0,-6763.992,926.296,2107.489,-2.418,-2.737,-6.475,-30.08,TRAVELING
8580.0,-6763.992,926.296,2107.489,-2.418,-2.737,-6.475,-30.08,SENSING
8580.0,-6763.992,926.296,2107.489,-2.418,-2.737,-6.475,-30.08,MEASURING
8580.0,-6763.992,926.296,2107.489,-2.418,-2.737,-6.475,-30.08,SENSING
8580.0,-6763.992,926.296,2107.489,-2.418,-2.737,-6.475,-30.08,MANEUVERING
8580.0,-6763.992,926.296,2107.489,-2.418,-2.737,-6.475,-30.08,LISTENING
8580.6,-6765.441,924.657,2103.606,-2.413,-2.738,-6.476,-29.48,MANEUVERING
8580.6,-6765.441,924.657,2103.606,-2.413,-2.738,-6.476,-29.48,SENSING
8580.6,-6765.441,924.657,2103.606,-2.413,-2.738,-6.476,-29.48,MANEUVERING
8580.6,-6765.441,924.657,2103.606,-2.413,-2.738,-6.476,-29.48,LISTENING
8590.0,-6787.781,898.926,2042.661,-2.344,-2.747,-6.497,-20.08,MANEUVERING
8590.0,-6787.781,898.926,2042.661,-2.344,-2.747,-6.497,-20.08,SENSING
8590.0,-6787.781,898.926,2042.661,-2.344,-2.747,-6.497,-20.08,MANEUVERING
8590.0,-6787.781,898.926,2042.661,-2.344,-2.747,-6.497,-20.08,LISTENING
8601.03,-6813.16,868.624,1970.897,-2.262,-2.758,-6.522,-9.05,MANEUVERING
8601.03,-6813.16,868.624,1970.897,-2.262,-2.758,-6.522,-9.05,SENSING
8601.03,-6813.16,868.624,1970.897,-2.262,-2.758,-6.522,-9.05,TRAVELING
8601.03,-6813.16,868.624,1970.897,-2.262,-2.758,-6.522,-9.05,LISTENING
8607.5,-6827.626,850.796,1928.679,-2.213,-2.764,-6.535,-9.05,TRAVELING
8607.5,-6827.626,850.796,1928.679,-2.213,-2.764,-6.535,-9.05,SENSING
8607.5,-6827.626,850.796,1928.679,-2.213,-2.764,-6.535,-9.05,LISTENING
8610.0,-6833.133,843.896,1912.342,-2.195,-2.766,-6.541,-9.05,SENSING
8610.0,-6833.133,843.896,1912.342,-2.195,-2.766,-6.541,-9.05,MEASURING
8610.0,-6833.133,843.896,1912.342,-2.195,-2.766,-6.541,-9.05,SENSING
8610.0,-6833.133,843.896,1912.342,-2.195,-2.766,-6.541,-9.05,LISTENING
8630.0,-6875.503,788.499,1781.189,-2.045,-2.784,-6.581,-9.05,SENSING
8630.0,-6875.503,788.499,1781.189,-2.045,-2.784,-6.581,-9.05,LISTENING
8640.0,-6895.565,760.67,1715.317,-1.97,-2.792,-6.6,-9.05,SENSING
